   -1000.0   1.1957222247E-004
    -500.0   1.9448031567E-004
    -400.0   2.3444143265E-004
    -300.0   2.9153624995E-004
    -280.0   3.0657541527E-004
    -260.0   3.2250863599E-004
    -240.0   3.4237880472E-004
    -220.0   3.5759839261E-004
    -200.0   3.7192120228E-004
    -180.0   3.7392116780E-004
    -160.0   3.8315039591E-004
    -140.0   3.9426736015E-004
    -120.0   4.1214471036E-004
    -100.0   4.2784970738E-004
     -80.0   4.4061869303E-004
     -60.0   4.4933615786E-004
     -50.0   4.5255673894E-004
     -40.0   4.5897920502E-004
     -30.0   4.6563969363E-004
     -20.0   4.6779033504E-004
     -10.0   4.4548798392E-004
       0.0   3.7561298655E-004
      10.0   3.6640980726E-004
      20.0   3.9621187906E-004
      30.0   4.1602207818E-004
      40.0   4.2764633039E-004
      50.0   4.3319788579E-004
      60.0   4.3966759291E-004
      80.0   4.4204590937E-004
     100.0   4.4196074424E-004
     120.0   4.3732385417E-004
     140.0   4.3160259765E-004
     160.0   4.0946791019E-004
     180.0   3.9197957993E-004
     200.0   3.7101839305E-004
     220.0   3.4547802865E-004
     240.0   3.2539946592E-004
     260.0   3.0450432090E-004
     280.0   2.9383803395E-004
     300.0   2.7818897504E-004
     400.0   2.2202763020E-004
     500.0   1.8537071664E-004
    1000.0   1.1928013232E-004
