   -1000.0   3.3640310319E-005
    -500.0   3.4573854067E-005
    -400.0   3.5278755815E-005
    -300.0   3.6876116354E-005
    -280.0   3.7441127978E-005
    -260.0   3.8159558462E-005
    -240.0   3.9094263160E-005
    -220.0   4.0345049167E-005
    -200.0   4.2079509412E-005
    -180.0   4.4588299099E-005
    -160.0   4.8508885411E-005
    -140.0   5.5227089317E-005
    -120.0   6.4472668163E-005
    -100.0   8.5585457931E-005
     -80.0   1.2510242154E-004
     -60.0   1.5400540788E-004
     -50.0   1.6467081114E-004
     -40.0   1.6072001232E-004
     -30.0   1.5829447122E-004
     -20.0   1.5561524923E-004
     -10.0   1.5426687812E-004
       0.0   1.5081628260E-004
      10.0   1.4200966166E-004
      20.0   1.3916637874E-004
      30.0   1.2973004686E-004
      40.0   1.1842305337E-004
      50.0   1.0847145672E-004
      60.0   9.8485196594E-005
      80.0   8.1494837632E-005
     100.0   6.7124145764E-005
     120.0   5.5021809049E-005
     140.0   4.7271205724E-005
     160.0   4.2362500810E-005
     180.0   3.9340069512E-005
     200.0   3.6847210550E-005
     220.0   3.4736840251E-005
     240.0   3.2423087438E-005
     260.0   3.0401617575E-005
     280.0   2.9590101508E-005
     300.0   2.9798796653E-005
     400.0   3.4594571692E-005
     500.0   3.4418332841E-005
    1000.0   3.3822380495E-005
