   -1000.0   1.8882160484E-005
    -500.0   1.8940697008E-005
    -400.0   1.8952158737E-005
    -300.0   1.8963313838E-005
    -280.0   1.8965478310E-005
    -260.0   1.8967614341E-005
    -240.0   1.8969910878E-005
    -220.0   1.8971948132E-005
    -200.0   1.8974181973E-005
    -180.0   1.8976630715E-005
    -160.0   1.8979850940E-005
    -140.0   1.8983901480E-005
    -120.0   1.9002087571E-005
    -100.0   1.9035551760E-005
     -80.0   1.9072231096E-005
     -60.0   1.9109737293E-005
     -50.0   1.9132055413E-005
     -40.0   1.9154496562E-005
     -30.0   1.9171266842E-005
     -20.0   1.9147987506E-005
     -10.0   1.9120776858E-005
       0.0   1.8841068706E-005
      10.0   1.7580719756E-005
      20.0   1.5908099099E-005
      30.0   1.4213099962E-005
      40.0   1.2594187089E-005
      50.0   1.1206671645E-005
      60.0   1.0828940734E-005
      80.0   1.0852274637E-005
     100.0   8.8182327490E-006
     120.0   8.8424199685E-006
     140.0   1.0132224657E-005
     160.0   1.1667168410E-005
     180.0   1.5024971007E-005
     200.0   1.5742258115E-005
     220.0   1.5577923749E-005
     240.0   1.5190994427E-005
     260.0   1.5129904928E-005
     280.0   1.7239416957E-005
     300.0   1.8408681238E-005
     400.0   1.9042635264E-005
     500.0   1.9057545228E-005
    1000.0   1.9119417053E-005
