   -1000.0   3.5678953996E-005
    -500.0   4.8259099635E-005
    -400.0   5.8615897743E-005
    -300.0   8.3766771193E-005
    -280.0   9.1386693425E-005
    -260.0   1.0228597287E-004
    -240.0   1.1703984461E-004
    -220.0   1.3444275277E-004
    -200.0   1.5419876337E-004
    -180.0   1.7259469004E-004
    -160.0   1.9438596939E-004
    -140.0   2.1981709039E-004
    -120.0   2.4369065454E-004
    -100.0   2.7209300330E-004
     -80.0   2.9752469927E-004
     -60.0   3.0462286910E-004
     -50.0   3.0184412260E-004
     -40.0   3.0630076451E-004
     -30.0   3.3429499440E-004
     -20.0   3.4650547773E-004
     -10.0   3.5002896373E-004
       0.0   3.5155552659E-004
      10.0   3.5051879031E-004
      20.0   3.4471911666E-004
      30.0   3.3133326920E-004
      40.0   3.0549198115E-004
      50.0   2.8908346139E-004
      60.0   2.8548149035E-004
      80.0   2.6409432262E-004
     100.0   2.2261949739E-004
     120.0   1.9394870519E-004
     140.0   1.7062732597E-004
     160.0   1.5033273045E-004
     180.0   1.3177726075E-004
     200.0   1.1653657677E-004
     220.0   1.0464845607E-004
     240.0   9.2698315676E-005
     260.0   8.3814379009E-005
     280.0   7.5281619778E-005
     300.0   6.9443725606E-005
     400.0   5.2671512123E-005
     500.0   4.5490433280E-005
    1000.0   3.5600281301E-005
