   -1000.0   2.1968138402E-005
    -500.0   2.2025680727E-005
    -400.0   2.2037171532E-005
    -300.0   2.2048639849E-005
    -280.0   2.2050929336E-005
    -260.0   2.2053217177E-005
    -240.0   2.2055503480E-005
    -220.0   2.2057788801E-005
    -200.0   2.2060077105E-005
    -180.0   2.2062715379E-005
    -160.0   2.2066225432E-005
    -140.0   2.2071494571E-005
    -120.0   2.2079628857E-005
    -100.0   2.2090605375E-005
     -80.0   2.2124322500E-005
     -60.0   2.2221325384E-005
     -50.0   2.2270325782E-005
     -40.0   2.2331313178E-005
     -30.0   2.2374769134E-005
     -20.0   2.2367005217E-005
     -10.0   2.2337335644E-005
       0.0   2.2308892089E-005
      10.0   2.2303453070E-005
      20.0   2.2299633060E-005
      30.0   2.2309386682E-005
      40.0   2.2272813712E-005
      50.0   2.2227817624E-005
      60.0   2.2190121522E-005
      80.0   2.2025649318E-005
     100.0   2.0836575820E-005
     120.0   1.9262775992E-005
     140.0   1.8183384608E-005
     160.0   1.8086745958E-005
     180.0   1.8397138911E-005
     200.0   1.9115818228E-005
     220.0   2.0084657232E-005
     240.0   2.0711445233E-005
     260.0   2.1145403731E-005
     280.0   2.1429723916E-005
     300.0   2.0608014331E-005
     400.0   2.2126040533E-005
     500.0   2.2140511933E-005
    1000.0   2.2199272348E-005
