   -1000.0   2.3796391297E-005
    -500.0   2.4075350043E-005
    -400.0   2.4240915590E-005
    -300.0   2.4606986176E-005
    -280.0   2.4739747014E-005
    -260.0   2.4914106858E-005
    -240.0   2.5155064633E-005
    -220.0   2.5521719971E-005
    -200.0   2.7864546582E-005
    -180.0   3.4242934611E-005
    -160.0   4.3152012293E-005
    -140.0   5.4326725201E-005
    -120.0   6.5382206854E-005
    -100.0   7.9162716275E-005
     -80.0   1.6793740374E-004
     -60.0   3.6863914250E-004
     -50.0   4.5123936126E-004
     -40.0   4.7437957827E-004
     -30.0   4.7569624578E-004
     -20.0   4.7596810518E-004
     -10.0   4.7756666016E-004
       0.0   4.3879029722E-004
      10.0   2.8094950771E-004
      20.0   3.0369872642E-004
      30.0   3.2088349326E-004
      40.0   3.3378064349E-004
      50.0   3.1811675184E-004
      60.0   2.6307292310E-004
      80.0   1.3180110779E-004
     100.0   7.4650473686E-005
     120.0   6.2344647787E-005
     140.0   5.2818014239E-005
     160.0   4.4165042463E-005
     180.0   3.7151611004E-005
     200.0   3.2071521992E-005
     220.0   3.0053925207E-005
     240.0   2.8703817206E-005
     260.0   2.7784971183E-005
     280.0   2.6931534335E-005
     300.0   2.6277395351E-005
     400.0   2.4593851987E-005
     500.0   2.4265610579E-005
    1000.0   2.4166398084E-005
