   -1000.0   3.6981194206E-005
    -500.0   3.7085567041E-005
    -400.0   3.7106465440E-005
    -300.0   3.7127372079E-005
    -280.0   3.7131554385E-005
    -260.0   3.7135737015E-005
    -240.0   3.7139919965E-005
    -220.0   3.7144103233E-005
    -200.0   3.7148286847E-005
    -180.0   3.7152470853E-005
    -160.0   3.7156655264E-005
    -140.0   3.7160840243E-005
    -120.0   3.7165028345E-005
    -100.0   3.7169220797E-005
     -80.0   3.7173409292E-005
     -60.0   3.7177595215E-005
     -50.0   3.7179686801E-005
     -40.0   3.7181778579E-005
     -30.0   3.7183871811E-005
     -20.0   3.7185967204E-005
     -10.0   3.7188061955E-005
       0.0   3.7190152418E-005
      10.0   3.7192230049E-005
      20.0   3.7194059579E-005
      30.0   3.7193947176E-005
      40.0   3.7187916358E-005
      50.0   3.7173197364E-005
      60.0   3.7150980256E-005
      80.0   3.7116046256E-005
     100.0   3.7110416864E-005
     120.0   3.7117462262E-005
     140.0   3.7127039694E-005
     160.0   3.7138271140E-005
     180.0   3.7152443440E-005
     200.0   3.7167494734E-005
     220.0   3.7182251579E-005
     240.0   3.7172209856E-005
     260.0   3.7122303505E-005
     280.0   3.7070470320E-005
     300.0   3.7076236657E-005
     400.0   3.7261048545E-005
     500.0   3.7294924078E-005
    1000.0   3.7399919995E-005
