   -1000.0   1.9815840087E-005
    -500.0   1.9902363312E-005
    -400.0   1.9919704762E-005
    -300.0   1.9937056472E-005
    -280.0   1.9940527778E-005
    -260.0   1.9943999187E-005
    -240.0   1.9947470476E-005
    -220.0   1.9950941544E-005
    -200.0   1.9954412800E-005
    -180.0   1.9957884894E-005
    -160.0   1.9961357414E-005
    -140.0   1.9964829654E-005
    -120.0   1.9968300644E-005
    -100.0   1.9972344012E-005
     -80.0   1.9975525702E-005
     -60.0   1.9978716353E-005
     -50.0   1.9980388656E-005
     -40.0   1.9982022490E-005
     -30.0   1.9983479682E-005
     -20.0   1.9970833046E-005
     -10.0   1.9728300473E-005
       0.0   1.9087752842E-005
      10.0   1.8715179468E-005
      20.0   1.8498219639E-005
      30.0   1.8363620280E-005
      40.0   1.8336600362E-005
      50.0   1.8142440376E-005
      60.0   1.7081535228E-005
      80.0   1.5815621039E-005
     100.0   1.7119077911E-005
     120.0   1.8674972695E-005
     140.0   1.9682123852E-005
     160.0   1.9841087184E-005
     180.0   1.9819091600E-005
     200.0   1.9801165570E-005
     220.0   1.9719791125E-005
     240.0   1.9652842848E-005
     260.0   1.9710972143E-005
     280.0   1.9777215177E-005
     300.0   1.9797677113E-005
     400.0   2.0058929672E-005
     500.0   2.0076421486E-005
    1000.0   2.0163986077E-005
