   -1000.0   4.5172799462E-005
    -500.0   4.5285950620E-005
    -400.0   4.5308524618E-005
    -300.0   4.5331033999E-005
    -280.0   4.5335522210E-005
    -260.0   4.5340003643E-005
    -240.0   4.5344476825E-005
    -220.0   4.5348940153E-005
    -200.0   4.5353408211E-005
    -180.0   4.5357894892E-005
    -160.0   4.5363851678E-005
    -140.0   4.5375341242E-005
    -120.0   4.5379309932E-005
    -100.0   4.5384049571E-005
     -80.0   4.5388214370E-005
     -60.0   4.5392961929E-005
     -50.0   4.5395024247E-005
     -40.0   4.5394034703E-005
     -30.0   4.5385804572E-005
     -20.0   4.5308733422E-005
     -10.0   4.5089049357E-005
       0.0   4.4920867214E-005
      10.0   4.4674417608E-005
      20.0   4.4298977418E-005
      30.0   4.3842048651E-005
      40.0   4.3132444058E-005
      50.0   4.2459313717E-005
      60.0   4.1902221049E-005
      80.0   4.0659049811E-005
     100.0   4.0003551096E-005
     120.0   3.9674150146E-005
     140.0   3.9672312630E-005
     160.0   3.9307983967E-005
     180.0   3.9197228177E-005
     200.0   3.9114221191E-005
     220.0   3.7778435166E-005
     240.0   3.3819291169E-005
     260.0   3.0636016769E-005
     280.0   2.9048362673E-005
     300.0   2.9188924536E-005
     400.0   4.2896375897E-005
     500.0   4.5509782084E-005
    1000.0   4.5626741868E-005
