   -1000.0   3.7265153026E-005
    -500.0   3.7370468813E-005
    -400.0   3.7390187669E-005
    -300.0   3.7409016533E-005
    -280.0   3.7412592490E-005
    -260.0   3.7416072152E-005
    -240.0   3.7419433386E-005
    -220.0   3.7422645931E-005
    -200.0   3.7425604485E-005
    -180.0   3.7428311416E-005
    -160.0   3.7430508488E-005
    -140.0   3.7432853288E-005
    -120.0   3.7432703976E-005
    -100.0   3.7433235317E-005
     -80.0   3.7430482042E-005
     -60.0   3.7424464625E-005
     -50.0   3.7418647681E-005
     -40.0   3.7407006040E-005
     -30.0   3.7339666056E-005
     -20.0   3.5740389027E-005
     -10.0   3.4794423620E-005
       0.0   3.4075993840E-005
      10.0   3.3405534770E-005
      20.0   3.2725639104E-005
      30.0   3.1553169524E-005
      40.0   3.1834905982E-005
      50.0   3.2219040932E-005
      60.0   3.2405178917E-005
      80.0   3.2617599708E-005
     100.0   3.2266438714E-005
     120.0   3.2059911201E-005
     140.0   2.9323609983E-005
     160.0   2.2017211721E-005
     180.0   1.6493686473E-005
     200.0   1.4645194062E-005
     220.0   1.4366485752E-005
     240.0   1.5068445123E-005
     260.0   1.5687585068E-005
     280.0   1.8372766800E-005
     300.0   2.1243830897E-005
     400.0   3.6293975089E-005
     500.0   3.7557668585E-005
    1000.0   3.7685966050E-005
