   -1000.0   4.9306460188E-005
    -500.0   4.9604315234E-005
    -400.0   4.9768966283E-005
    -300.0   5.0121874701E-005
    -280.0   5.0245661109E-005
    -260.0   5.0403612271E-005
    -240.0   5.0610769310E-005
    -220.0   5.0892021614E-005
    -200.0   5.1291844676E-005
    -180.0   5.1899624253E-005
    -160.0   5.3392939017E-005
    -140.0   5.8930374547E-005
    -120.0   6.7435113861E-005
    -100.0   9.7513547967E-005
     -80.0   1.6259173847E-004
     -60.0   2.4794921975E-004
     -50.0   2.6051721238E-004
     -40.0   2.6049152025E-004
     -30.0   2.5585717439E-004
     -20.0   2.3429259231E-004
     -10.0   1.9698006424E-004
       0.0   1.5073157890E-004
      10.0   1.3757141806E-004
      20.0   1.3648766674E-004
      30.0   1.3661948940E-004
      40.0   1.3820276204E-004
      50.0   1.4129967866E-004
      60.0   1.4346220565E-004
      80.0   1.1871093154E-004
     100.0   8.7713518888E-005
     120.0   6.6112048743E-005
     140.0   5.7945619224E-005
     160.0   5.1389675304E-005
     180.0   4.7775592015E-005
     200.0   4.5542680078E-005
     220.0   4.3429504620E-005
     240.0   4.0851597999E-005
     260.0   3.9228954559E-005
     280.0   3.8796989179E-005
     300.0   4.1099166305E-005
     400.0   4.9722667018E-005
     500.0   4.9764428857E-005
    1000.0   4.9774918862E-005
