   -1000.0   1.6279693911E-005
    -500.0   1.6362279916E-005
    -400.0   1.6378824153E-005
    -300.0   1.6395368280E-005
    -280.0   1.6398675969E-005
    -260.0   1.6401982886E-005
    -240.0   1.6405288795E-005
    -220.0   1.6408593418E-005
    -200.0   1.6411896728E-005
    -180.0   1.6415251589E-005
    -160.0   1.6418652220E-005
    -140.0   1.6422030993E-005
    -120.0   1.6425368746E-005
    -100.0   1.6428717417E-005
     -80.0   1.6432102774E-005
     -60.0   1.6436646946E-005
     -50.0   1.6439246502E-005
     -40.0   1.6441193930E-005
     -30.0   1.6442926242E-005
     -20.0   1.6444251989E-005
     -10.0   1.6445427865E-005
       0.0   1.6446645199E-005
      10.0   1.6448222796E-005
      20.0   1.6450106886E-005
      30.0   1.6451999419E-005
      40.0   1.6453368250E-005
      50.0   1.6454399192E-005
      60.0   1.6455381644E-005
      80.0   1.6457904864E-005
     100.0   1.6460039793E-005
     120.0   1.6461210091E-005
     140.0   1.6372267149E-005
     160.0   1.5507138513E-005
     180.0   1.4536246124E-005
     200.0   1.4547787402E-005
     220.0   1.5077579715E-005
     240.0   1.5499551074E-005
     260.0   1.5826045788E-005
     280.0   1.6126506940E-005
     300.0   1.6321208141E-005
     400.0   1.6497439787E-005
     500.0   1.6528188731E-005
    1000.0   1.6612346806E-005
