   -1000.0   5.9450974722E-005
    -500.0   7.9089071167E-005
    -400.0   9.3267829302E-005
    -300.0   1.2619092700E-004
    -280.0   1.3769064322E-004
    -260.0   1.4986563945E-004
    -240.0   1.6362606246E-004
    -220.0   1.7880286510E-004
    -200.0   1.9937366308E-004
    -180.0   2.3315553440E-004
    -160.0   2.6806185319E-004
    -140.0   3.0264921827E-004
    -120.0   3.3804050297E-004
    -100.0   3.7765220897E-004
     -80.0   4.1113740372E-004
     -60.0   4.3713611167E-004
     -50.0   4.4689720086E-004
     -40.0   4.5935871395E-004
     -30.0   4.9709400174E-004
     -20.0   5.1167540787E-004
     -10.0   5.1292509128E-004
       0.0   5.0498939383E-004
      10.0   4.9364589659E-004
      20.0   4.6501957559E-004
      30.0   4.1997052257E-004
      40.0   3.9423544779E-004
      50.0   3.7840950688E-004
      60.0   3.5766750365E-004
      80.0   3.2692126244E-004
     100.0   2.8918046787E-004
     120.0   2.5518330169E-004
     140.0   2.2576340915E-004
     160.0   2.0361500704E-004
     180.0   1.8187882413E-004
     200.0   1.6320335406E-004
     220.0   1.4663245392E-004
     240.0   1.3264784290E-004
     260.0   1.2143844969E-004
     280.0   1.1189351860E-004
     300.0   1.0407459243E-004
     400.0   8.0848559062E-005
     500.0   7.2825539497E-005
    1000.0   6.1813196261E-005
