   -1000.0   1.4942796785E-005
    -500.0   1.5023370875E-005
    -400.0   1.5039522826E-005
    -300.0   1.5055682140E-005
    -280.0   1.5058914119E-005
    -260.0   1.5062146209E-005
    -240.0   1.5065378264E-005
    -220.0   1.5068611027E-005
    -200.0   1.5071845501E-005
    -180.0   1.5075081303E-005
    -160.0   1.5078319467E-005
    -140.0   1.5086646839E-005
    -120.0   1.5092915860E-005
    -100.0   1.5092809699E-005
     -80.0   1.5094711558E-005
     -60.0   1.5096178663E-005
     -50.0   1.5097834059E-005
     -40.0   1.5099134423E-005
     -30.0   1.5100303172E-005
     -20.0   1.5101256628E-005
     -10.0   1.5102421770E-005
       0.0   1.5103985740E-005
      10.0   1.4948255132E-005
      20.0   1.4276683617E-005
      30.0   1.3253480393E-005
      40.0   1.2316512319E-005
      50.0   1.1904107582E-005
      60.0   1.1842021055E-005
      80.0   1.2159346607E-005
     100.0   1.2650426660E-005
     120.0   1.3128596397E-005
     140.0   1.3425388693E-005
     160.0   1.2486832612E-005
     180.0   1.2189339893E-005
     200.0   1.3277430586E-005
     220.0   1.4008794972E-005
     240.0   1.4528426772E-005
     260.0   1.4708538366E-005
     280.0   1.4304204818E-005
     300.0   1.4418606416E-005
     400.0   1.5161086591E-005
     500.0   1.5185604305E-005
    1000.0   1.5267368905E-005
