   -1000.0   2.1101799305E-005
    -500.0   2.1190852708E-005
    -400.0   2.1208692413E-005
    -300.0   2.1226535782E-005
    -280.0   2.1230104147E-005
    -260.0   2.1233672145E-005
    -240.0   2.1237239611E-005
    -220.0   2.1240806455E-005
    -200.0   2.1244378622E-005
    -180.0   2.1247955624E-005
    -160.0   2.1251535311E-005
    -140.0   2.1255109080E-005
    -120.0   2.1258690622E-005
    -100.0   2.1262260501E-005
     -80.0   2.1270386998E-005
     -60.0   2.1271148282E-005
     -50.0   2.1274050086E-005
     -40.0   2.1274803405E-005
     -30.0   2.1280078487E-005
     -20.0   2.1279381266E-005
     -10.0   2.1279545261E-005
       0.0   2.1282280130E-005
      10.0   2.1282459021E-005
      20.0   2.1284170976E-005
      30.0   2.1286757468E-005
      40.0   2.1288663899E-005
      50.0   2.1292301961E-005
      60.0   2.1293806451E-005
      80.0   2.1299358557E-005
     100.0   2.1271408234E-005
     120.0   2.0477862371E-005
     140.0   1.9203112830E-005
     160.0   1.8728979572E-005
     180.0   1.8663904752E-005
     200.0   1.8531836472E-005
     220.0   1.8803929336E-005
     240.0   1.9446881338E-005
     260.0   1.9905929547E-005
     280.0   2.0246927040E-005
     300.0   2.0526360723E-005
     400.0   1.9785255069E-005
     500.0   2.1369072309E-005
    1000.0   2.1460118911E-005
