   -1000.0   1.7071052007E-005
    -500.0   1.7144358606E-005
    -400.0   1.7159126381E-005
    -300.0   1.7174269400E-005
    -280.0   1.7177470945E-005
    -260.0   1.7180869791E-005
    -240.0   1.7184803134E-005
    -220.0   1.7194323957E-005
    -200.0   1.7385056736E-005
    -180.0   1.7527947261E-005
    -160.0   1.7669230214E-005
    -140.0   1.7850887466E-005
    -120.0   1.8120381557E-005
    -100.0   1.8453098348E-005
     -80.0   1.8834695511E-005
     -60.0   1.9315859930E-005
     -50.0   1.9517621706E-005
     -40.0   1.9743717949E-005
     -30.0   1.9576136764E-005
     -20.0   1.9534662898E-005
     -10.0   1.8467925893E-005
       0.0   1.7929817211E-005
      10.0   1.8639812958E-005
      20.0   1.8399867039E-005
      30.0   1.7845140416E-005
      40.0   1.7603549630E-005
      50.0   1.7470293533E-005
      60.0   1.7386134431E-005
      80.0   1.7080395366E-005
     100.0   1.6929817888E-005
     120.0   1.6704722163E-005
     140.0   1.6361698520E-005
     160.0   1.6197910451E-005
     180.0   1.6231232741E-005
     200.0   1.6246975851E-005
     220.0   1.6015240610E-005
     240.0   1.4944142398E-005
     260.0   1.3701621677E-005
     280.0   1.3258584937E-005
     300.0   1.3123911010E-005
     400.0   1.7269550712E-005
     500.0   1.7289558815E-005
    1000.0   1.7365208120E-005
