   -1000.0   2.1032234120E-005
    -500.0   2.1117221684E-005
    -400.0   2.1133974973E-005
    -300.0   2.1150740799E-005
    -280.0   2.1154095898E-005
    -260.0   2.1157451970E-005
    -240.0   2.1160809401E-005
    -220.0   2.1164169098E-005
    -200.0   2.1167535947E-005
    -180.0   2.1176449642E-005
    -160.0   2.1192694761E-005
    -140.0   2.1215797059E-005
    -120.0   2.1331237173E-005
    -100.0   2.1653082352E-005
     -80.0   2.2009109263E-005
     -60.0   2.2290069276E-005
     -50.0   2.2361300738E-005
     -40.0   2.2363675215E-005
     -30.0   2.2400426279E-005
     -20.0   2.2441163918E-005
     -10.0   2.2625109162E-005
       0.0   2.2251609727E-005
      10.0   2.2166116364E-005
      20.0   2.2046176080E-005
      30.0   2.2167302268E-005
      40.0   2.2012560134E-005
      50.0   2.1807669774E-005
      60.0   2.1571399924E-005
      80.0   2.1295232113E-005
     100.0   2.1114414151E-005
     120.0   2.1009192054E-005
     140.0   2.0729614150E-005
     160.0   2.0507409548E-005
     180.0   2.0255602166E-005
     200.0   2.0078560259E-005
     220.0   2.0029396666E-005
     240.0   2.0079021300E-005
     260.0   1.9123989421E-005
     280.0   1.7084347255E-005
     300.0   1.5974179251E-005
     400.0   2.0532951399E-005
     500.0   2.1285007141E-005
    1000.0   2.1369824569E-005
