   -1000.0   6.0142781402E-006
    -500.0   6.0662145852E-006
    -400.0   6.0807853482E-006
    -300.0   6.1195393841E-006
    -280.0   6.4294823839E-006
    -260.0   6.4149296022E-006
    -240.0   6.9545757545E-006
    -220.0   6.9462285622E-006
    -200.0   7.2343198221E-006
    -180.0   7.1670050708E-006
    -160.0   8.9503114334E-006
    -140.0   1.0211013248E-005
    -120.0   9.8479203778E-006
    -100.0   1.1412245817E-005
     -80.0   1.3602238191E-005
     -60.0   1.5768104801E-005
     -50.0   1.7165379455E-005
     -40.0   1.9168015582E-005
     -30.0   2.2365988640E-005
     -20.0   2.8219402240E-005
     -10.0   3.5827614697E-005
       0.0   3.8830941992E-005
      10.0   2.6707655349E-005
      20.0   1.8583744679E-005
      30.0   1.5456995893E-005
      40.0   1.3856178466E-005
      50.0   1.2369955726E-005
      60.0   1.1373795476E-005
      80.0   9.4635513339E-006
     100.0   9.4151389422E-006
     120.0   8.4576457071E-006
     140.0   7.4599428404E-006
     160.0   8.4800472313E-006
     180.0   7.5161536580E-006
     200.0   7.3056999573E-006
     220.0   7.0804355419E-006
     240.0   7.1031247084E-006
     260.0   6.7026267251E-006
     280.0   6.7387584570E-006
     300.0   6.3094156252E-006
     400.0   6.1548309982E-006
     500.0   6.1580502942E-006
    1000.0   6.1987362241E-006
