   -1000.0   1.3553432699E-005
    -500.0   1.4504679987E-005
    -400.0   1.5219264959E-005
    -300.0   1.6997770029E-005
    -280.0   1.7693426233E-005
    -260.0   1.8641779796E-005
    -240.0   2.0009653087E-005
    -220.0   2.2128916730E-005
    -200.0   2.5846367247E-005
    -180.0   3.1657538357E-005
    -160.0   4.2337280997E-005
    -140.0   5.5136536461E-005
    -120.0   7.1090680932E-005
    -100.0   8.8646128682E-005
     -80.0   1.0100123619E-004
     -60.0   1.0561574524E-004
     -50.0   1.0226144502E-004
     -40.0   1.0165132068E-004
     -30.0   1.0439759755E-004
     -20.0   8.6603206508E-005
     -10.0   7.0905357769E-005
       0.0   8.0059159478E-005
      10.0   9.6336579545E-005
      20.0   1.0009180141E-004
      30.0   9.7730114228E-005
      40.0   9.0800228129E-005
      50.0   8.5316855224E-005
      60.0   7.7801662387E-005
      80.0   6.5325321389E-005
     100.0   5.3428122810E-005
     120.0   4.4103822506E-005
     140.0   3.6742983779E-005
     160.0   3.0455045384E-005
     180.0   2.5179817163E-005
     200.0   1.9424889498E-005
     220.0   1.5712067454E-005
     240.0   1.3066073542E-005
     260.0   1.1400638440E-005
     280.0   1.0614707448E-005
     300.0   1.0419450512E-005
     400.0   1.3334938089E-005
     500.0   1.4220841236E-005
    1000.0   1.3825910793E-005
