   -1000.0   1.1833906828E-005
    -500.0   1.1893641231E-005
    -400.0   1.1905461226E-005
    -300.0   1.1917133022E-005
    -280.0   1.1919439243E-005
    -260.0   1.1921736965E-005
    -240.0   1.1924071306E-005
    -220.0   1.1926437798E-005
    -200.0   1.1928909544E-005
    -180.0   1.1931663567E-005
    -160.0   1.1934380916E-005
    -140.0   1.1941561331E-005
    -120.0   1.1954155992E-005
    -100.0   1.1967717107E-005
     -80.0   1.1981422529E-005
     -60.0   1.1995934659E-005
     -50.0   1.2002080154E-005
     -40.0   1.2005056481E-005
     -30.0   1.2006772271E-005
     -20.0   1.2008717255E-005
     -10.0   1.2008393916E-005
       0.0   1.2016459403E-005
      10.0   1.1973408188E-005
      20.0   1.1709938036E-005
      30.0   1.1399175053E-005
      40.0   1.1331433399E-005
      50.0   1.1382782140E-005
      60.0   1.1441583493E-005
      80.0   1.1349315392E-005
     100.0   1.1259219631E-005
     120.0   1.1162165142E-005
     140.0   1.1103093342E-005
     160.0   7.2966153752E-006
     180.0   5.7482463046E-006
     200.0   5.2501641656E-006
     220.0   5.1039942250E-006
     240.0   5.9334851615E-006
     260.0   7.3132584616E-006
     280.0   8.3300798672E-006
     300.0   9.6295403704E-006
     400.0   1.1893891262E-005
     500.0   1.2006397114E-005
    1000.0   1.2076229185E-005
