   -1000.0   7.8500927563E-006
    -500.0   7.9629862183E-006
    -400.0   8.0253377257E-006
    -300.0   8.1734954977E-006
    -280.0   8.2346130676E-006
    -260.0   8.3275045673E-006
    -240.0   8.5230231180E-006
    -220.0   8.9638827939E-006
    -200.0   9.7756559250E-006
    -180.0   1.0819328837E-005
    -160.0   1.3311646515E-005
    -140.0   2.6349956413E-005
    -120.0   3.2483042181E-005
    -100.0   3.9678341224E-005
     -80.0   4.8765060108E-005
     -60.0   6.0691922494E-005
     -50.0   6.8999075345E-005
     -40.0   7.4181945980E-005
     -30.0   7.9583459731E-005
     -20.0   8.1138711318E-005
     -10.0   8.3193637213E-005
       0.0   7.9616824322E-005
      10.0   8.5136039314E-005
      20.0   6.8721576521E-005
      30.0   5.2844222606E-005
      40.0   4.3158530120E-005
      50.0   3.8194438345E-005
      60.0   3.3104566484E-005
      80.0   2.7733812112E-005
     100.0   2.3733003711E-005
     120.0   2.2286113634E-005
     140.0   2.0438329021E-005
     160.0   1.4199239767E-005
     180.0   1.2306806241E-005
     200.0   9.8078183644E-006
     220.0   8.6215471574E-006
     240.0   8.5023896337E-006
     260.0   8.6478116041E-006
     280.0   8.5154213071E-006
     300.0   8.2854842082E-006
     400.0   8.0783457567E-006
     500.0   8.0530833905E-006
    1000.0   8.0518196287E-006
