   -1000.0   8.4089781036E-006
    -500.0   8.4601519575E-006
    -400.0   8.4704055593E-006
    -300.0   8.4806589550E-006
    -280.0   8.4828887624E-006
    -260.0   8.4852952671E-006
    -240.0   8.4871289749E-006
    -220.0   8.4890090266E-006
    -200.0   8.4977417840E-006
    -180.0   8.4957948009E-006
    -160.0   8.4997422531E-006
    -140.0   8.5049296176E-006
    -120.0   8.5101111602E-006
    -100.0   8.5155695569E-006
     -80.0   8.5194944288E-006
     -60.0   8.5215333309E-006
     -50.0   8.5217608945E-006
     -40.0   8.5220428299E-006
     -30.0   8.5211802920E-006
     -20.0   8.5174713604E-006
     -10.0   8.4847385369E-006
       0.0   7.0897252213E-006
      10.0   7.7119877690E-006
      20.0   7.9359334949E-006
      30.0   7.9784863540E-006
      40.0   7.9447124452E-006
      50.0   7.9169879329E-006
      60.0   7.9155276781E-006
      80.0   5.8694822519E-006
     100.0   4.7448581631E-006
     120.0   7.0016664675E-006
     140.0   8.0691988053E-006
     160.0   8.1554647649E-006
     180.0   7.9444689526E-006
     200.0   7.9545990942E-006
     220.0   7.9560333706E-006
     240.0   7.9445849963E-006
     260.0   8.5049937270E-006
     280.0   8.4592199834E-006
     300.0   8.4565355971E-006
     400.0   8.5529489820E-006
     500.0   8.5633878949E-006
    1000.0   8.6155508610E-006
