   -1000.0   1.1831144669E-005
    -500.0   1.1923657458E-005
    -400.0   1.1956685306E-005
    -300.0   1.2030913896E-005
    -280.0   1.2065058426E-005
    -260.0   1.2125938591E-005
    -240.0   1.2323261842E-005
    -220.0   1.4937432160E-005
    -200.0   1.7600334877E-005
    -180.0   2.0286720279E-005
    -160.0   2.3478066059E-005
    -140.0   2.7052026664E-005
    -120.0   3.2224952087E-005
    -100.0   3.6331381380E-005
     -80.0   4.2203172437E-005
     -60.0   4.6585432409E-005
     -50.0   4.9221978764E-005
     -40.0   5.1651831051E-005
     -30.0   5.4366088927E-005
     -20.0   5.5758599697E-005
     -10.0   5.1078450275E-005
       0.0   5.6826035968E-005
      10.0   5.3604958970E-005
      20.0   4.8283954276E-005
      30.0   4.1549667518E-005
      40.0   3.6694501202E-005
      50.0   3.3441104936E-005
      60.0   3.0797405033E-005
      80.0   2.7448028867E-005
     100.0   2.2668298392E-005
     120.0   1.6829345577E-005
     140.0   1.3968590393E-005
     160.0   1.2292451345E-005
     180.0   1.2586213036E-005
     200.0   1.4566407303E-005
     220.0   1.4839592346E-005
     240.0   1.3788980579E-005
     260.0   1.3526549512E-005
     280.0   1.3255582996E-005
     300.0   1.2720715054E-005
     400.0   1.2044947942E-005
     500.0   1.2044109487E-005
    1000.0   1.2087987191E-005
