   -1000.0   1.0664010663E-005
    -500.0   1.0737070730E-005
    -400.0   1.0752570341E-005
    -300.0   1.0771509901E-005
    -280.0   1.0776273868E-005
    -260.0   1.0781674762E-005
    -240.0   1.0788014123E-005
    -220.0   1.0795832020E-005
    -200.0   1.0806276973E-005
    -180.0   1.0823177855E-005
    -160.0   1.1193703936E-005
    -140.0   1.1782555329E-005
    -120.0   1.2732097291E-005
    -100.0   1.4409197735E-005
     -80.0   2.9235206361E-005
     -60.0   4.0960125251E-005
     -50.0   4.5676495120E-005
     -40.0   4.9337160782E-005
     -30.0   5.3520489846E-005
     -20.0   6.3713836677E-005
     -10.0   4.8732257297E-005
       0.0   4.4293219220E-005
      10.0   4.7764364460E-005
      20.0   5.2037449746E-005
      30.0   4.4241076756E-005
      40.0   3.8349617166E-005
      50.0   3.4139431978E-005
      60.0   3.0965230644E-005
      80.0   2.6681331756E-005
     100.0   1.4343450646E-005
     120.0   1.3020980033E-005
     140.0   1.2238736077E-005
     160.0   1.1709859331E-005
     180.0   1.1468979238E-005
     200.0   1.1368885211E-005
     220.0   1.1227299489E-005
     240.0   1.1152036086E-005
     260.0   1.1094985507E-005
     280.0   1.1011605063E-005
     300.0   1.0988463728E-005
     400.0   1.0852662570E-005
     500.0   1.0866853503E-005
    1000.0   1.0929029825E-005
