   -1000.0   2.4466259888E-005
    -500.0   2.4559307018E-005
    -400.0   2.4577829880E-005
    -300.0   2.4596363880E-005
    -280.0   2.4600072019E-005
    -260.0   2.4603780626E-005
    -240.0   2.4607489726E-005
    -220.0   2.4611199377E-005
    -200.0   2.4614909726E-005
    -180.0   2.4618621211E-005
    -160.0   2.4623974886E-005
    -140.0   2.4641019935E-005
    -120.0   2.4670143635E-005
    -100.0   2.4710516840E-005
     -80.0   2.4966964527E-005
     -60.0   2.5237557720E-005
     -50.0   2.5262686581E-005
     -40.0   2.5297257924E-005
     -30.0   2.5423211800E-005
     -20.0   2.5489946010E-005
     -10.0   2.5509022356E-005
       0.0   2.5385831820E-005
      10.0   2.5320618443E-005
      20.0   2.5299284420E-005
      30.0   2.5301564134E-005
      40.0   2.5249056964E-005
      50.0   2.5210976099E-005
      60.0   2.5148885351E-005
      80.0   2.4830844188E-005
     100.0   2.4353993192E-005
     120.0   2.4028479974E-005
     140.0   2.3826838441E-005
     160.0   2.3715123803E-005
     180.0   2.3785215144E-005
     200.0   2.3699084642E-005
     220.0   2.3492841754E-005
     240.0   2.3718066767E-005
     260.0   2.3583060815E-005
     280.0   2.3443157821E-005
     300.0   2.3282631462E-005
     400.0   2.4725497000E-005
     500.0   2.4744974988E-005
    1000.0   2.4838404051E-005
