   -1000.0   9.0807201043E-006
    -500.0   9.1368639594E-006
    -400.0   9.1488689948E-006
    -300.0   9.1632687209E-006
    -280.0   9.1686070257E-006
    -260.0   9.1731746158E-006
    -240.0   9.1787749306E-006
    -220.0   9.1860310611E-006
    -200.0   9.1957312968E-006
    -180.0   9.2302007714E-006
    -160.0   9.4965926237E-006
    -140.0   1.0397106301E-005
    -120.0   1.1510716227E-005
    -100.0   1.2633393046E-005
     -80.0   1.3576999314E-005
     -60.0   1.3473240548E-005
     -50.0   1.3152536727E-005
     -40.0   1.2320967046E-005
     -30.0   1.2261154893E-005
     -20.0   1.2126558605E-005
     -10.0   1.1823483665E-005
       0.0   1.1004795721E-005
      10.0   1.1116523598E-005
      20.0   1.1583486569E-005
      30.0   1.1705607281E-005
      40.0   1.1407288386E-005
      50.0   1.0985315097E-005
      60.0   8.9561685714E-006
      80.0   6.8918460395E-006
     100.0   6.8836466630E-006
     120.0   9.9712305039E-006
     140.0   9.8013037366E-006
     160.0   9.4893951382E-006
     180.0   9.1469679583E-006
     200.0   8.8866793267E-006
     220.0   8.8451751633E-006
     240.0   8.8324808456E-006
     260.0   8.8128580226E-006
     280.0   9.1607249222E-006
     300.0   9.1319348015E-006
     400.0   9.2324800078E-006
     500.0   9.2436854826E-006
    1000.0   9.2976211359E-006
