   -1000.0   1.6982409628E-005
    -500.0   1.7345761290E-005
    -400.0   1.7579903347E-005
    -300.0   1.8069355139E-005
    -280.0   1.8236837708E-005
    -260.0   1.8435392366E-005
    -240.0   1.8683807096E-005
    -220.0   1.8989278059E-005
    -200.0   1.9311930158E-005
    -180.0   1.9750248919E-005
    -160.0   2.0289441958E-005
    -140.0   2.1113786232E-005
    -120.0   2.2126293331E-005
    -100.0   2.3437561183E-005
     -80.0   2.4494856443E-005
     -60.0   2.5519395613E-005
     -50.0   2.5743854802E-005
     -40.0   2.9384848748E-005
     -30.0   2.9256196968E-005
     -20.0   2.5374087761E-005
     -10.0   2.3093496176E-005
       0.0   2.4993794610E-005
      10.0   3.0765394317E-005
      20.0   3.3323982071E-005
      30.0   3.3018027297E-005
      40.0   2.8875176947E-005
      50.0   2.7305740600E-005
      60.0   2.6164102216E-005
      80.0   2.3683875160E-005
     100.0   2.1694256311E-005
     120.0   1.9943502305E-005
     140.0   1.8439106722E-005
     160.0   1.7295424509E-005
     180.0   1.6085494819E-005
     200.0   1.3564325104E-005
     220.0   1.1056507768E-005
     240.0   9.3256942432E-006
     260.0   8.7552231572E-006
     280.0   9.0059563335E-006
     300.0   9.6287279140E-006
     400.0   1.5783450713E-005
     500.0   1.7140418897E-005
    1000.0   1.7252165244E-005
