   -1000.0   2.4568165668E-005
    -500.0   2.4661739128E-005
    -400.0   2.4679760489E-005
    -300.0   2.4697415926E-005
    -280.0   2.4700873878E-005
    -260.0   2.4704299034E-005
    -240.0   2.4707694760E-005
    -220.0   2.4711252867E-005
    -200.0   2.4715194287E-005
    -180.0   2.4723382394E-005
    -160.0   2.4736050169E-005
    -140.0   2.4763316532E-005
    -120.0   2.4799995488E-005
    -100.0   2.4832511166E-005
     -80.0   2.4858318346E-005
     -60.0   2.4858259035E-005
     -50.0   2.4849207063E-005
     -40.0   2.4834904992E-005
     -30.0   2.4814290061E-005
     -20.0   2.4760263336E-005
     -10.0   2.3810136438E-005
       0.0   2.3344171098E-005
      10.0   2.3026796097E-005
      20.0   2.2787963586E-005
      30.0   2.3822919488E-005
      40.0   2.3390238060E-005
      50.0   2.3247118705E-005
      60.0   2.3378542922E-005
      80.0   2.3461977922E-005
     100.0   2.2915024375E-005
     120.0   2.2512744273E-005
     140.0   2.2025292739E-005
     160.0   1.7660439971E-005
     180.0   1.2142206661E-005
     200.0   8.7105852195E-006
     220.0   7.5896423708E-006
     240.0   8.0659638615E-006
     260.0   9.5130051218E-006
     280.0   1.1864003601E-005
     300.0   1.3598890889E-005
     400.0   2.4703046962E-005
     500.0   2.4832939331E-005
    1000.0   2.4941796709E-005
