   -1000.0   1.8290622924E-005
    -500.0   1.8368563848E-005
    -400.0   1.8383588463E-005
    -300.0   1.8398425962E-005
    -280.0   1.8401360379E-005
    -260.0   1.8404285168E-005
    -240.0   1.8407295712E-005
    -220.0   1.8410799656E-005
    -200.0   1.8414845259E-005
    -180.0   1.8420101452E-005
    -160.0   1.8437833417E-005
    -140.0   1.8468518505E-005
    -120.0   1.8512366981E-005
    -100.0   1.8555079723E-005
     -80.0   1.8591297138E-005
     -60.0   1.8621661815E-005
     -50.0   1.8624082052E-005
     -40.0   1.8623775335E-005
     -30.0   1.8619100398E-005
     -20.0   1.8608800822E-005
     -10.0   1.8589789437E-005
       0.0   1.7973456112E-005
      10.0   1.7695788497E-005
      20.0   1.7405011345E-005
      30.0   1.7729044014E-005
      40.0   1.7758440489E-005
      50.0   1.7563438351E-005
      60.0   1.7686483062E-005
      80.0   1.7648029595E-005
     100.0   1.7453845358E-005
     120.0   1.6860634859E-005
     140.0   1.6754262280E-005
     160.0   1.1336153052E-005
     180.0   7.0309591533E-006
     200.0   5.8517753660E-006
     220.0   6.1495783462E-006
     240.0   6.4650360031E-006
     260.0   6.3786784970E-006
     280.0   8.1608448142E-006
     300.0   1.0013261263E-005
     400.0   1.8383462807E-005
     500.0   1.8511395170E-005
    1000.0   1.8600207464E-005
