   -1000.0   6.8162280017E-006
    -500.0   6.8969301738E-006
    -400.0   6.9318853525E-006
    -300.0   6.9971073411E-006
    -280.0   7.0181962519E-006
    -260.0   7.0440637065E-006
    -240.0   7.0766535390E-006
    -220.0   7.1182783668E-006
    -200.0   7.1730271480E-006
    -180.0   7.2457990437E-006
    -160.0   7.3439325596E-006
    -140.0   7.4860699491E-006
    -120.0   7.7013874141E-006
    -100.0   8.0034799558E-006
     -80.0   8.4719743126E-006
     -60.0   9.2443802068E-006
     -50.0   9.5872664834E-006
     -40.0   9.9480055876E-006
     -30.0   1.0652170673E-005
     -20.0   1.1260200048E-005
     -10.0   1.0781584129E-005
       0.0   1.2006308450E-005
      10.0   1.3577436542E-005
      20.0   1.2253018230E-005
      30.0   1.0253615422E-005
      40.0   9.3340443182E-006
      50.0   8.6593824942E-006
      60.0   8.0836279239E-006
      80.0   7.3552189693E-006
     100.0   7.0034609723E-006
     120.0   6.7818827074E-006
     140.0   6.5149074419E-006
     160.0   5.5241253387E-006
     180.0   5.0135524285E-006
     200.0   5.7747841305E-006
     220.0   6.2334413223E-006
     240.0   6.4527357602E-006
     260.0   6.3888576623E-006
     280.0   6.1264453546E-006
     300.0   6.1627772762E-006
     400.0   6.9377818895E-006
     500.0   6.9733482388E-006
    1000.0   7.0057546900E-006
