   -1000.0   9.3762866030E-006
    -500.0   1.1077369894E-005
    -400.0   1.2229823005E-005
    -300.0   1.4477041921E-005
    -280.0   1.5170156360E-005
    -260.0   1.5996147768E-005
    -240.0   1.6992695553E-005
    -220.0   1.8179184694E-005
    -200.0   1.9488403778E-005
    -180.0   2.0868376800E-005
    -160.0   2.2461111034E-005
    -140.0   2.4244891735E-005
    -120.0   2.6059938060E-005
    -100.0   2.8756268532E-005
     -80.0   3.2356612898E-005
     -60.0   3.5043125415E-005
     -50.0   3.5011991300E-005
     -40.0   3.3501455888E-005
     -30.0   3.1889229471E-005
     -20.0   2.9522120937E-005
     -10.0   2.7318411108E-005
       0.0   2.3855217512E-005
      10.0   2.4594777755E-005
      20.0   2.5270197202E-005
      30.0   2.7948044153E-005
      40.0   2.8833724468E-005
      50.0   2.8289714968E-005
      60.0   2.7287937598E-005
      80.0   2.3754051906E-005
     100.0   1.9943450653E-005
     120.0   1.8468137751E-005
     140.0   1.7517873288E-005
     160.0   1.7755937746E-005
     180.0   1.7585855314E-005
     200.0   1.6820191764E-005
     220.0   1.5853243531E-005
     240.0   1.4917608180E-005
     260.0   1.4070717990E-005
     280.0   1.3334332626E-005
     300.0   1.2919999380E-005
     400.0   1.1760377353E-005
     500.0   1.1005270792E-005
    1000.0   9.5700966301E-006
