   -1000.0   9.4896850593E-006
    -500.0   9.5446520046E-006
    -400.0   9.5556827962E-006
    -300.0   9.5667281634E-006
    -280.0   9.5689395638E-006
    -260.0   9.5711521776E-006
    -240.0   9.5733665872E-006
    -220.0   9.5755843139E-006
    -200.0   9.5778123527E-006
    -180.0   9.5819306479E-006
    -160.0   9.5868939368E-006
    -140.0   9.5911234391E-006
    -120.0   9.5964343972E-006
    -100.0   9.6022820125E-006
     -80.0   9.6086733837E-006
     -60.0   9.6180169864E-006
     -50.0   9.6827955597E-006
     -40.0   9.7560753794E-006
     -30.0   9.8389658445E-006
     -20.0   9.8486330004E-006
     -10.0   9.7497067815E-006
       0.0   9.7240211527E-006
      10.0   9.7236218282E-006
      20.0   9.7760289417E-006
      30.0   9.7860502835E-006
      40.0   9.7285934571E-006
      50.0   9.6811181355E-006
      60.0   9.6303310070E-006
      80.0   9.6258468562E-006
     100.0   9.6222704407E-006
     120.0   9.6222969565E-006
     140.0   9.6197369892E-006
     160.0   9.5782766442E-006
     180.0   9.2477418342E-006
     200.0   9.1178282426E-006
     220.0   9.2956109632E-006
     240.0   9.3736312670E-006
     260.0   9.4614442090E-006
     280.0   9.4943105261E-006
     300.0   9.5284047343E-006
     400.0   9.6322061914E-006
     500.0   9.6554237407E-006
    1000.0   9.7115725346E-006
