   -1000.0   1.1957898117E-005
    -500.0   1.2021434557E-005
    -400.0   1.2033555685E-005
    -300.0   1.2045667238E-005
    -280.0   1.2048087726E-005
    -260.0   1.2050510557E-005
    -240.0   1.2053938084E-005
    -220.0   1.2057540403E-005
    -200.0   1.2109013450E-005
    -180.0   1.2181686056E-005
    -160.0   1.2230957155E-005
    -140.0   1.2292698865E-005
    -120.0   1.2364741479E-005
    -100.0   1.2440969742E-005
     -80.0   1.2492521630E-005
     -60.0   1.2545708030E-005
     -50.0   1.2583331451E-005
     -40.0   1.2593280361E-005
     -30.0   1.2622607643E-005
     -20.0   1.2612564203E-005
     -10.0   1.2634684895E-005
       0.0   1.0671828444E-005
      10.0   1.1704762191E-005
      20.0   1.1911852405E-005
      30.0   1.1780310413E-005
      40.0   1.1593004665E-005
      50.0   1.1447186461E-005
      60.0   1.1348131006E-005
      80.0   4.9735942091E-006
     100.0   5.1177826461E-006
     120.0   5.3058457889E-006
     140.0   6.4155214370E-006
     160.0   1.0712545573E-005
     180.0   1.0854719055E-005
     200.0   1.0880614576E-005
     220.0   1.0656513460E-005
     240.0   1.0436725082E-005
     260.0   1.0729503170E-005
     280.0   1.1290307696E-005
     300.0   1.1552738111E-005
     400.0   1.2130637018E-005
     500.0   1.2143358715E-005
    1000.0   1.2205051027E-005
