   -1000.0   3.1382947447E-005
    -500.0   3.1514260496E-005
    -400.0   3.1552106615E-005
    -300.0   3.1611267895E-005
    -280.0   3.1629218726E-005
    -260.0   3.1651183832E-005
    -240.0   3.1679061012E-005
    -220.0   3.1716186278E-005
    -200.0   3.1769239204E-005
    -180.0   3.1855658460E-005
    -160.0   3.2149184193E-005
    -140.0   3.4732837789E-005
    -120.0   3.7635725584E-005
    -100.0   4.2104897264E-005
     -80.0   4.7810905363E-005
     -60.0   7.9979883227E-005
     -50.0   9.2596794565E-005
     -40.0   1.0943051636E-004
     -30.0   1.1527081723E-004
     -20.0   9.0633643468E-005
     -10.0   7.8213061365E-005
       0.0   7.2465161588E-005
      10.0   7.1166870533E-005
      20.0   7.3842126533E-005
      30.0   7.5843196449E-005
      40.0   7.4241502120E-005
      50.0   6.8563132383E-005
      60.0   6.2917710888E-005
      80.0   4.6220456363E-005
     100.0   4.1702710722E-005
     120.0   3.8473368837E-005
     140.0   3.6192899691E-005
     160.0   3.3018839555E-005
     180.0   3.1871667995E-005
     200.0   3.0404540233E-005
     220.0   2.9955836583E-005
     240.0   2.9222171104E-005
     260.0   2.8747837060E-005
     280.0   2.7876078550E-005
     300.0   2.7097394164E-005
     400.0   3.1640627756E-005
     500.0   3.1716227882E-005
    1000.0   3.1826481258E-005
