   -1000.0   9.1555666353E-006
    -500.0   9.2088429177E-006
    -400.0   9.2195114477E-006
    -300.0   9.2301568927E-006
    -280.0   9.2323013206E-006
    -260.0   9.2344367559E-006
    -240.0   9.2365597163E-006
    -220.0   9.2386321074E-006
    -200.0   9.2408330214E-006
    -180.0   9.2432393667E-006
    -160.0   9.2454769818E-006
    -140.0   9.2478422387E-006
    -120.0   9.2500923239E-006
    -100.0   9.2522537226E-006
     -80.0   9.2541655012E-006
     -60.0   9.2553120522E-006
     -50.0   9.2552752070E-006
     -40.0   9.2542106013E-006
     -30.0   9.2502615320E-006
     -20.0   9.2371020095E-006
     -10.0   9.1596536972E-006
       0.0   7.7638716484E-006
      10.0   8.2438622645E-006
      20.0   8.5457626444E-006
      30.0   8.5413131590E-006
      40.0   8.4948092356E-006
      50.0   8.4228114461E-006
      60.0   8.3989053055E-006
      80.0   4.4979795149E-006
     100.0   4.7539091243E-006
     120.0   6.9700605223E-006
     140.0   8.7829756673E-006
     160.0   8.8689957744E-006
     180.0   8.6573244769E-006
     200.0   8.6687097891E-006
     220.0   8.6653447906E-006
     240.0   8.6666528364E-006
     260.0   9.0217317096E-006
     280.0   8.9612919200E-006
     300.0   9.1924174406E-006
     400.0   9.3054209756E-006
     500.0   9.3164041593E-006
    1000.0   9.3708228913E-006
