   -1000.0   2.9845589387E-005
    -500.0   2.9951546295E-005
    -400.0   2.9972631132E-005
    -300.0   2.9993562441E-005
    -280.0   2.9997711111E-005
    -260.0   3.0001840359E-005
    -240.0   3.0006309592E-005
    -220.0   3.0011684659E-005
    -200.0   3.0017998857E-005
    -180.0   3.0026464563E-005
    -160.0   3.0036437881E-005
    -140.0   3.0043245105E-005
    -120.0   3.0051097774E-005
    -100.0   3.0057138956E-005
     -80.0   3.0060237526E-005
     -60.0   3.0059346085E-005
     -50.0   3.0055970303E-005
     -40.0   3.0048460746E-005
     -30.0   3.0030515598E-005
     -20.0   2.9973574030E-005
     -10.0   2.9606092624E-005
       0.0   2.2785301403E-005
      10.0   2.8902325990E-005
      20.0   2.9513397768E-005
      30.0   2.9588080764E-005
      40.0   2.9458273125E-005
      50.0   2.9331528438E-005
      60.0   2.9227012271E-005
      80.0   2.5470138086E-005
     100.0   1.3480116957E-005
     120.0   9.2147757136E-006
     140.0   9.2136904368E-006
     160.0   9.2913340472E-006
     180.0   9.3548970131E-006
     200.0   9.4695471262E-006
     220.0   1.0901673553E-005
     240.0   1.3121318292E-005
     260.0   1.5613480651E-005
     280.0   1.7754305131E-005
     300.0   1.9987907555E-005
     400.0   3.0137960352E-005
     500.0   3.0163319989E-005
    1000.0   3.0271790177E-005
