   -1000.0   7.7643825285E-006
    -500.0   7.8219867970E-006
    -400.0   7.8328115708E-006
    -300.0   7.8441901975E-006
    -280.0   7.8469427139E-006
    -260.0   7.8776099621E-006
    -240.0   7.9188566820E-006
    -220.0   7.9584546981E-006
    -200.0   8.0248990853E-006
    -180.0   8.1636240856E-006
    -160.0   8.3036823769E-006
    -140.0   8.4756243318E-006
    -120.0   1.0280207276E-005
    -100.0   1.1237251082E-005
     -80.0   1.2842357436E-005
     -60.0   1.4375091252E-005
     -50.0   1.5464929214E-005
     -40.0   1.6844989712E-005
     -30.0   1.8448493770E-005
     -20.0   1.9466862133E-005
     -10.0   2.0193514478E-005
       0.0   2.0562443712E-005
      10.0   1.7730429510E-005
      20.0   1.4209573665E-005
      30.0   1.2274484725E-005
      40.0   1.1491711969E-005
      50.0   1.0784691841E-005
      60.0   1.0620505149E-005
      80.0   9.8468699464E-006
     100.0   9.4826988272E-006
     120.0   9.2350748058E-006
     140.0   6.7412497474E-006
     160.0   6.2597786663E-006
     180.0   7.2337637478E-006
     200.0   7.0504385456E-006
     220.0   7.0350368204E-006
     240.0   7.2583593125E-006
     260.0   7.2409809449E-006
     280.0   7.3964856268E-006
     300.0   7.6853729106E-006
     400.0   7.9171928289E-006
     500.0   7.9281732579E-006
    1000.0   7.9818575072E-006
