   -1000.0   8.6100993804E-006
    -500.0   8.6795235382E-006
    -400.0   8.7028480631E-006
    -300.0   8.7452830971E-006
    -280.0   8.7604121790E-006
    -260.0   8.7820805570E-006
    -240.0   8.8262364342E-006
    -220.0   9.0215013490E-006
    -200.0   9.3540286848E-006
    -180.0   9.7988367811E-006
    -160.0   1.0467635447E-005
    -140.0   1.0941436908E-005
    -120.0   1.2350845611E-005
    -100.0   1.4803861958E-005
     -80.0   3.4718704095E-005
     -60.0   4.8018344423E-005
     -50.0   5.4673914848E-005
     -40.0   6.3088179722E-005
     -30.0   6.7722805785E-005
     -20.0   6.6995012215E-005
     -10.0   8.3532327353E-005
       0.0   6.9162070327E-005
      10.0   6.8745609767E-005
      20.0   5.8729265360E-005
      30.0   4.7108899412E-005
      40.0   4.1406521594E-005
      50.0   3.5966959824E-005
      60.0   3.2571404481E-005
      80.0   2.7218754657E-005
     100.0   1.4066627775E-005
     120.0   1.2146436271E-005
     140.0   1.1064001314E-005
     160.0   1.0745710666E-005
     180.0   1.0192208137E-005
     200.0   9.7988438911E-006
     220.0   9.4406361916E-006
     240.0   8.4016912369E-006
     260.0   7.7931233053E-006
     280.0   7.4243656561E-006
     300.0   7.4483323574E-006
     400.0   8.0694066040E-006
     500.0   8.7654584445E-006
    1000.0   8.8237081352E-006
