   -1000.0   1.2591995455E-005
    -500.0   1.6602652029E-005
    -400.0   1.9712186340E-005
    -300.0   2.6939028652E-005
    -280.0   2.9593775614E-005
    -260.0   3.3090682124E-005
    -240.0   3.7943661050E-005
    -220.0   4.5386861097E-005
    -200.0   6.0407081360E-005
    -180.0   1.1623693855E-004
    -160.0   2.0298792615E-004
    -140.0   2.6944369791E-004
    -120.0   3.5769809442E-004
    -100.0   4.8819292605E-004
     -80.0   7.0971189528E-004
     -60.0   1.3862545346E-003
     -50.0   2.5430023069E-003
     -40.0   3.9139947135E-003
     -30.0   5.3865688106E-003
     -20.0   5.5938026834E-003
     -10.0   4.2662623292E-003
       0.0   2.6253433243E-003
      10.0   2.9086562790E-003
      20.0   3.8999086074E-003
      30.0   4.2836531773E-003
      40.0   3.3519221524E-003
      50.0   2.2197576113E-003
      60.0   1.1640104201E-003
      80.0   6.1755689602E-004
     100.0   4.1901237650E-004
     120.0   3.0356553850E-004
     140.0   2.3170007860E-004
     160.0   1.8003543310E-004
     180.0   1.4631440466E-004
     200.0   1.1965909223E-004
     220.0   9.6257368788E-005
     240.0   7.7594935952E-005
     260.0   6.3371532056E-005
     280.0   5.2983267853E-005
     300.0   4.4010292241E-005
     400.0   2.2209583260E-005
     500.0   1.7015016734E-005
    1000.0   1.2871370763E-005
