   -1000.0   1.3523462657E-005
    -500.0   1.3891795936E-005
    -400.0   1.4142173794E-005
    -300.0   1.4703161413E-005
    -280.0   1.4902655873E-005
    -260.0   1.5158044374E-005
    -240.0   1.5493856680E-005
    -220.0   1.5950667657E-005
    -200.0   1.6600783173E-005
    -180.0   1.7588002178E-005
    -160.0   1.9259204352E-005
    -140.0   2.3328357846E-005
    -120.0   3.7496026993E-005
    -100.0   8.8137716672E-005
     -80.0   1.8728359424E-004
     -60.0   2.6915023563E-004
     -50.0   3.1105847144E-004
     -40.0   3.5235913413E-004
     -30.0   4.0754405144E-004
     -20.0   4.0875820173E-004
     -10.0   2.8560148829E-004
       0.0   2.5756953432E-004
      10.0   2.8108226894E-004
      20.0   3.0520395049E-004
      30.0   3.0602582873E-004
      40.0   2.5258385419E-004
      50.0   2.0946452558E-004
      60.0   1.8025943874E-004
      80.0   1.3997631371E-004
     100.0   8.7251203322E-005
     120.0   4.6768406950E-005
     140.0   3.7808154934E-005
     160.0   3.2322713342E-005
     180.0   2.8701828961E-005
     200.0   2.5783355213E-005
     220.0   2.3658347755E-005
     240.0   2.1798621086E-005
     260.0   2.0169127178E-005
     280.0   1.8921753797E-005
     300.0   1.7476579126E-005
     400.0   1.4313384010E-005
     500.0   1.4036726711E-005
    1000.0   1.3786730941E-005
