   -1000.0   9.0025230181E-006
    -500.0   9.0556689367E-006
    -400.0   9.0663218007E-006
    -300.0   9.0769775481E-006
    -280.0   9.0791089178E-006
    -260.0   9.0812406958E-006
    -240.0   9.0833740460E-006
    -220.0   9.0857348103E-006
    -200.0   9.0885300558E-006
    -180.0   9.0911620228E-006
    -160.0   9.0941625797E-006
    -140.0   9.0979229608E-006
    -120.0   9.1014634968E-006
    -100.0   9.1182866686E-006
     -80.0   9.1571025590E-006
     -60.0   9.1828871986E-006
     -50.0   9.1935191722E-006
     -40.0   9.2057481273E-006
     -30.0   9.2240466564E-006
     -20.0   9.2487805342E-006
     -10.0   9.2701614987E-006
       0.0   9.2148630902E-006
      10.0   9.2298313759E-006
      20.0   9.2081851900E-006
      30.0   9.1856051379E-006
      40.0   9.1737374816E-006
      50.0   9.1654240309E-006
      60.0   9.1583233145E-006
      80.0   8.8580943432E-006
     100.0   8.7745794941E-006
     120.0   8.7501257168E-006
     140.0   8.7046828435E-006
     160.0   8.7023693613E-006
     180.0   8.7191173036E-006
     200.0   8.7299465071E-006
     220.0   8.7346491663E-006
     240.0   8.7895321508E-006
     260.0   8.2398384565E-006
     280.0   7.5527703493E-006
     300.0   7.1867680121E-006
     400.0   8.2526431243E-006
     500.0   9.1605271060E-006
    1000.0   9.2171717201E-006
