   -1000.0   8.4374633461E-006
    -500.0   1.2062167786E-005
    -400.0   1.4939037517E-005
    -300.0   2.1852604436E-005
    -280.0   2.4366518908E-005
    -260.0   2.7471854165E-005
    -240.0   3.1770065690E-005
    -220.0   3.9307364484E-005
    -200.0   5.1176792480E-005
    -180.0   6.9090031931E-005
    -160.0   9.6804950130E-005
    -140.0   1.3116465120E-004
    -120.0   1.7425352964E-004
    -100.0   2.2962661159E-004
     -80.0   2.8250455694E-004
     -60.0   3.1908239578E-004
     -50.0   3.1666787334E-004
     -40.0   3.1240310816E-004
     -30.0   2.9799277830E-004
     -20.0   2.5903432066E-004
     -10.0   2.4292184335E-004
       0.0   2.4646436993E-004
      10.0   2.6575912339E-004
      20.0   2.7308785935E-004
      30.0   2.6875717928E-004
      40.0   2.5663356948E-004
      50.0   2.3601718708E-004
      60.0   2.1582656007E-004
      80.0   1.8189964665E-004
     100.0   1.4553811075E-004
     120.0   1.1530795945E-004
     140.0   9.7723036591E-005
     160.0   7.6307107716E-005
     180.0   5.9684673398E-005
     200.0   4.8229242027E-005
     220.0   3.8007932889E-005
     240.0   3.0588980024E-005
     260.0   2.6921686199E-005
     280.0   2.3711157630E-005
     300.0   2.1307275153E-005
     400.0   1.4629218532E-005
     500.0   1.1948015526E-005
    1000.0   8.6127069121E-006
