   -1000.0   1.4453295508E-005
    -500.0   1.4523378283E-005
    -400.0   1.4538611068E-005
    -300.0   1.4556540224E-005
    -280.0   1.4560980462E-005
    -260.0   1.4566082976E-005
    -240.0   1.4572432351E-005
    -220.0   1.4582939891E-005
    -200.0   1.4730035075E-005
    -180.0   1.5071024011E-005
    -160.0   1.5377447157E-005
    -140.0   1.5775636905E-005
    -120.0   1.6430979228E-005
    -100.0   2.0536748309E-005
     -80.0   2.5420927146E-005
     -60.0   3.0671980731E-005
     -50.0   3.3747159616E-005
     -40.0   3.6891007966E-005
     -30.0   3.9745970440E-005
     -20.0   4.2922938890E-005
     -10.0   4.2120842344E-005
       0.0   3.3099611548E-005
      10.0   3.1757458973E-005
      20.0   3.0995574368E-005
      30.0   2.6868115569E-005
      40.0   2.5416009737E-005
      50.0   2.4251748077E-005
      60.0   2.3073148156E-005
      80.0   2.0833335367E-005
     100.0   1.8624738833E-005
     120.0   1.6231423159E-005
     140.0   1.5567107673E-005
     160.0   1.5251836532E-005
     180.0   1.5038469531E-005
     200.0   1.4839333730E-005
     220.0   1.4587942569E-005
     240.0   1.4568128011E-005
     260.0   1.3587544899E-005
     280.0   1.2131955325E-005
     300.0   1.0166362481E-005
     400.0   1.2755780963E-005
     500.0   1.4647674763E-005
    1000.0   1.4723532191E-005
