   -1000.0   1.1070353733E-005
    -500.0   1.1130790300E-005
    -400.0   1.1142732543E-005
    -300.0   1.1154688723E-005
    -280.0   1.1157082338E-005
    -260.0   1.1159478049E-005
    -240.0   1.1162732821E-005
    -220.0   1.1171235950E-005
    -200.0   1.1180572073E-005
    -180.0   1.1195659526E-005
    -160.0   1.1206038852E-005
    -140.0   1.1220560075E-005
    -120.0   1.1229367445E-005
    -100.0   1.1260830909E-005
     -80.0   1.1528258965E-005
     -60.0   1.1910819466E-005
     -50.0   1.2102633906E-005
     -40.0   1.2231416399E-005
     -30.0   1.2204494077E-005
     -20.0   1.2279804904E-005
     -10.0   1.2632263534E-005
       0.0   1.2154045552E-005
      10.0   1.2294939647E-005
      20.0   1.2206484985E-005
      30.0   1.1955082439E-005
      40.0   1.1894371810E-005
      50.0   1.1912958845E-005
      60.0   1.1739202689E-005
      80.0   1.1288736294E-005
     100.0   1.0946078947E-005
     120.0   1.0805215661E-005
     140.0   1.0695170747E-005
     160.0   1.0650928496E-005
     180.0   1.0639955921E-005
     200.0   1.0592103890E-005
     220.0   8.7278783590E-006
     240.0   7.9359703786E-006
     260.0   7.7049217413E-006
     280.0   7.5320535718E-006
     300.0   7.7098156213E-006
     400.0   1.0055425010E-005
     500.0   1.1250509954E-005
    1000.0   1.1311388545E-005
