   -1000.0   7.7902326714E-005
    -500.0   1.3482615209E-004
    -400.0   1.7928932140E-004
    -300.0   2.8116513539E-004
    -280.0   3.1739477055E-004
    -260.0   3.6356059286E-004
    -240.0   4.2508486877E-004
    -220.0   5.0767833100E-004
    -200.0   6.2116134847E-004
    -180.0   7.8913564485E-004
    -160.0   1.0389451737E-003
    -140.0   1.3528297865E-003
    -120.0   1.8126229955E-003
    -100.0   2.2689118098E-003
     -80.0   2.7150807073E-003
     -60.0   3.4388707316E-003
     -50.0   3.8062870671E-003
     -40.0   4.2445045729E-003
     -30.0   4.6335711083E-003
     -20.0   4.5710330095E-003
     -10.0   4.4388726278E-003
       0.0   4.1112282683E-003
      10.0   4.0870408636E-003
      20.0   3.9538943745E-003
      30.0   3.8510226565E-003
      40.0   3.5721906815E-003
      50.0   3.2433309970E-003
      60.0   2.9524606511E-003
      80.0   2.3496283040E-003
     100.0   1.8838796587E-003
     120.0   1.5047954692E-003
     140.0   1.1265036736E-003
     160.0   8.5063124025E-004
     180.0   6.7723999459E-004
     200.0   5.4850258834E-004
     220.0   4.5649104063E-004
     240.0   3.8653569588E-004
     260.0   3.3790737026E-004
     280.0   2.9807182140E-004
     300.0   2.6660479970E-004
     400.0   1.7461144793E-004
     500.0   1.3214032755E-004
    1000.0   7.9116219098E-005
