   -1000.0   1.6382011776E-005
    -500.0   1.6454286457E-005
    -400.0   1.6468711183E-005
    -300.0   1.6483309150E-005
    -280.0   1.6486276290E-005
    -260.0   1.6489273800E-005
    -240.0   1.6492315104E-005
    -220.0   1.6495422520E-005
    -200.0   1.6498635959E-005
    -180.0   1.6502034360E-005
    -160.0   1.6505800164E-005
    -140.0   1.6510490177E-005
    -120.0   1.6521007149E-005
    -100.0   1.7527790838E-005
     -80.0   1.8870542250E-005
     -60.0   2.0128904136E-005
     -50.0   2.0683437601E-005
     -40.0   2.1144127577E-005
     -30.0   2.2554858625E-005
     -20.0   2.1738344170E-005
     -10.0   1.9723047090E-005
       0.0   1.9348534173E-005
      10.0   1.9635409945E-005
      20.0   2.0294980549E-005
      30.0   2.0582664748E-005
      40.0   1.9298880370E-005
      50.0   1.8761567287E-005
      60.0   1.8271216503E-005
      80.0   1.7743729780E-005
     100.0   1.7123495371E-005
     120.0   1.6329948347E-005
     140.0   1.6254392882E-005
     160.0   1.6171926747E-005
     180.0   1.6206071499E-005
     200.0   1.6140745275E-005
     220.0   1.6102161827E-005
     240.0   1.6120987402E-005
     260.0   1.5930450170E-005
     280.0   1.5707649453E-005
     300.0   1.4993902640E-005
     400.0   1.6582832711E-005
     500.0   1.6597706313E-005
    1000.0   1.6670048158E-005
