   -1000.0   2.7176761661E-005
    -500.0   2.7634461521E-005
    -400.0   2.7933450285E-005
    -300.0   2.8597645228E-005
    -280.0   2.8833077755E-005
    -260.0   2.9134203357E-005
    -240.0   2.9529973576E-005
    -220.0   3.0068738437E-005
    -200.0   3.0838877405E-005
    -180.0   3.2029644397E-005
    -160.0   3.4244630812E-005
    -140.0   4.5944394577E-005
    -120.0   7.0070274866E-005
    -100.0   1.0318910000E-004
     -80.0   1.6550394579E-004
     -60.0   3.7441915141E-004
     -50.0   4.9467283242E-004
     -40.0   6.6878660846E-004
     -30.0   7.1616326170E-004
     -20.0   5.6517112431E-004
     -10.0   3.1272049473E-004
       0.0   2.8383912809E-004
      10.0   3.0778028298E-004
      20.0   3.4065914972E-004
      30.0   3.8618941452E-004
      40.0   4.0928078995E-004
      50.0   3.4116753354E-004
      60.0   2.7302768844E-004
      80.0   1.4170128605E-004
     100.0   1.0002838984E-004
     120.0   8.4749057174E-005
     140.0   7.2094665897E-005
     160.0   6.2616495420E-005
     180.0   5.3774951400E-005
     200.0   4.6177485079E-005
     220.0   4.0902509558E-005
     240.0   3.6769061783E-005
     260.0   3.3199853970E-005
     280.0   3.0233866075E-005
     300.0   2.7867913786E-005
     400.0   2.8103099454E-005
     500.0   2.7837411920E-005
    1000.0   2.7583198477E-005
