   -1000.0   1.4545631412E-005
    -500.0   1.4612183269E-005
    -400.0   1.4625523097E-005
    -300.0   1.4638869427E-005
    -280.0   1.4641539039E-005
    -260.0   1.4644208620E-005
    -240.0   1.4646878087E-005
    -220.0   1.4649547352E-005
    -200.0   1.4652216335E-005
    -180.0   1.4654885042E-005
    -160.0   1.4657554058E-005
    -140.0   1.4660579452E-005
    -120.0   1.4663844051E-005
    -100.0   1.4666988990E-005
     -80.0   1.4670158687E-005
     -60.0   1.4673555623E-005
     -50.0   1.4675135253E-005
     -40.0   1.4677003806E-005
     -30.0   1.4679207172E-005
     -20.0   1.4683994165E-005
     -10.0   1.4697143179E-005
       0.0   1.4704516473E-005
      10.0   1.4678611126E-005
      20.0   1.4608383616E-005
      30.0   1.4470236987E-005
      40.0   1.4326127187E-005
      50.0   1.4370673051E-005
      60.0   1.4345053629E-005
      80.0   1.4342315861E-005
     100.0   1.4406879612E-005
     120.0   1.4394312980E-005
     140.0   1.4213241369E-005
     160.0   1.4097878598E-005
     180.0   1.4177514002E-005
     200.0   1.4111062495E-005
     220.0   1.4289810775E-005
     240.0   1.4183488458E-005
     260.0   1.4107018873E-005
     280.0   1.4031585131E-005
     300.0   1.3171331623E-005
     400.0   1.4731089653E-005
     500.0   1.4745920222E-005
    1000.0   1.4813731736E-005
