   -1000.0   1.2738921291E-005
    -500.0   1.2813708796E-005
    -400.0   1.2835645383E-005
    -300.0   1.2868920212E-005
    -280.0   1.2878557163E-005
    -260.0   1.2889983643E-005
    -240.0   1.2903870305E-005
    -220.0   1.2921267828E-005
    -200.0   1.2944003887E-005
    -180.0   1.2976411230E-005
    -160.0   1.3046214007E-005
    -140.0   1.3146111241E-005
    -120.0   1.3261766668E-005
    -100.0   1.3432808268E-005
     -80.0   1.3746314745E-005
     -60.0   1.4570065690E-005
     -50.0   1.5108718596E-005
     -40.0   1.5535049258E-005
     -30.0   1.5491787157E-005
     -20.0   1.5369875355E-005
     -10.0   1.6520904644E-005
       0.0   1.9816153014E-005
      10.0   1.9054263276E-005
      20.0   1.7761838175E-005
      30.0   1.6514133703E-005
      40.0   1.5663623128E-005
      50.0   1.4897216478E-005
      60.0   1.4340446540E-005
      80.0   1.3609759821E-005
     100.0   1.3344271281E-005
     120.0   1.3176121218E-005
     140.0   1.2952361900E-005
     160.0   1.2314746423E-005
     180.0   1.1885000282E-005
     200.0   1.2069935414E-005
     220.0   1.2244573128E-005
     240.0   1.2381083252E-005
     260.0   1.2490679045E-005
     280.0   1.2603526930E-005
     300.0   1.2672391070E-005
     400.0   1.2915019494E-005
     500.0   1.2934149987E-005
    1000.0   1.2990582927E-005
