   -1000.0   1.0872585920E-005
    -500.0   1.0931840030E-005
    -400.0   1.0944020057E-005
    -300.0   1.0956709905E-005
    -280.0   1.0959382320E-005
    -260.0   1.0962135700E-005
    -240.0   1.0965000840E-005
    -220.0   1.0968028235E-005
    -200.0   1.0971345072E-005
    -180.0   1.0976296976E-005
    -160.0   1.0981672358E-005
    -140.0   1.0986867987E-005
    -120.0   1.0993684342E-005
    -100.0   1.1003376476E-005
     -80.0   1.1018926078E-005
     -60.0   1.1049748268E-005
     -50.0   1.1077888743E-005
     -40.0   1.1103988110E-005
     -30.0   1.1118897855E-005
     -20.0   1.1104795800E-005
     -10.0   1.1195341406E-005
       0.0   1.2082049930E-005
      10.0   1.1689243707E-005
      20.0   1.1307119955E-005
      30.0   1.1183351224E-005
      40.0   1.1112926139E-005
      50.0   1.1073078813E-005
      60.0   1.1047250852E-005
      80.0   1.1026721645E-005
     100.0   1.1016251388E-005
     120.0   1.1008036774E-005
     140.0   1.0995907427E-005
     160.0   1.0910189252E-005
     180.0   1.0472753591E-005
     200.0   1.0125878563E-005
     220.0   1.0345406134E-005
     240.0   1.0517737380E-005
     260.0   1.0627282002E-005
     280.0   1.0724525860E-005
     300.0   1.0789910420E-005
     400.0   1.1005509795E-005
     500.0   1.1047959181E-005
    1000.0   1.1109637877E-005
