   -1000.0   9.6995742523E-006
    -500.0   9.7552616806E-006
    -400.0   9.7664228583E-006
    -300.0   9.7776132120E-006
    -280.0   9.7798607292E-006
    -260.0   9.7821150558E-006
    -240.0   9.7843829490E-006
    -220.0   9.7867732791E-006
    -200.0   9.7892646129E-006
    -180.0   9.7917937524E-006
    -160.0   9.7943277681E-006
    -140.0   9.7970895989E-006
    -120.0   9.8000018608E-006
    -100.0   9.8031185419E-006
     -80.0   9.8095314451E-006
     -60.0   9.8171574273E-006
     -50.0   9.8222117814E-006
     -40.0   9.8295450116E-006
     -30.0   9.8419057613E-006
     -20.0   9.8729914778E-006
     -10.0   9.9064217507E-006
       0.0   1.0320311711E-005
      10.0   9.9751398333E-006
      20.0   9.8652061067E-006
      30.0   9.8395447533E-006
      40.0   9.8306649742E-006
      50.0   9.8264512007E-006
      60.0   9.8214565070E-006
      80.0   9.5832603365E-006
     100.0   9.4330479874E-006
     120.0   9.3182943584E-006
     140.0   9.2584963685E-006
     160.0   9.2615042288E-006
     180.0   9.2629545237E-006
     200.0   9.3043170755E-006
     220.0   8.5831187969E-006
     240.0   7.5885900049E-006
     260.0   7.2584335134E-006
     280.0   7.2049811274E-006
     300.0   7.3159689212E-006
     400.0   8.9530069306E-006
     500.0   9.8601178155E-006
    1000.0   9.9244215094E-006
