   -1000.0   9.3055738962E-006
    -500.0   9.3597845183E-006
    -400.0   9.3710158565E-006
    -300.0   9.3830694316E-006
    -280.0   9.3857292987E-006
    -260.0   9.3885646396E-006
    -240.0   9.3916774199E-006
    -220.0   9.3952827761E-006
    -200.0   9.4000407885E-006
    -180.0   9.4443967429E-006
    -160.0   9.5448063697E-006
    -140.0   9.6757233225E-006
    -120.0   1.0499178326E-005
    -100.0   1.1918420911E-005
     -80.0   1.2810018859E-005
     -60.0   1.4104967538E-005
     -50.0   1.4436439249E-005
     -40.0   1.4293950181E-005
     -30.0   1.4178942998E-005
     -20.0   1.5411138516E-005
     -10.0   1.6711771015E-005
       0.0   1.4924064012E-005
      10.0   1.5355851432E-005
      20.0   1.4534623167E-005
      30.0   1.3600108719E-005
      40.0   1.3008055155E-005
      50.0   1.2395698704E-005
      60.0   1.1878056285E-005
      80.0   1.1216989352E-005
     100.0   1.0865173923E-005
     120.0   1.0270985312E-005
     140.0   9.5623384657E-006
     160.0   9.4529590332E-006
     180.0   9.3824085858E-006
     200.0   9.3698403980E-006
     220.0   9.3888091134E-006
     240.0   9.4072097265E-006
     260.0   9.4201158614E-006
     280.0   9.4208237031E-006
     300.0   9.2925611944E-006
     400.0   9.3977455493E-006
     500.0   9.4646315138E-006
    1000.0   9.5205784070E-006
