   -1000.0   6.6256039073E-006
    -500.0   6.6721345601E-006
    -400.0   6.6814756372E-006
    -300.0   6.6908251232E-006
    -280.0   6.6926956072E-006
    -260.0   6.6945661401E-006
    -240.0   6.6964383432E-006
    -220.0   6.6983192655E-006
    -200.0   6.7001960558E-006
    -180.0   6.7020809892E-006
    -160.0   6.7039812847E-006
    -140.0   6.7060363067E-006
    -120.0   6.7081560569E-006
    -100.0   6.7103268983E-006
     -80.0   6.7125094599E-006
     -60.0   6.7146451412E-006
     -50.0   6.7157386615E-006
     -40.0   6.7167686192E-006
     -30.0   6.7178920042E-006
     -20.0   6.7190407931E-006
     -10.0   6.7208451355E-006
       0.0   6.7255052228E-006
      10.0   6.7212190910E-006
      20.0   6.6203490026E-006
      30.0   6.4046187988E-006
      40.0   6.3743898141E-006
      50.0   6.3718471904E-006
      60.0   6.3879674197E-006
      80.0   6.3738331533E-006
     100.0   6.4074672561E-006
     120.0   6.3740222128E-006
     140.0   6.4206623727E-006
     160.0   6.4229165329E-006
     180.0   5.4410946073E-006
     200.0   5.1142426532E-006
     220.0   5.9980070463E-006
     240.0   6.2122176220E-006
     260.0   6.4287927342E-006
     280.0   6.2735711430E-006
     300.0   6.4749502215E-006
     400.0   6.7563250065E-006
     500.0   6.7660973709E-006
    1000.0   6.8137535175E-006
