   -1000.0   1.3871694069E-005
    -500.0   1.3939249638E-005
    -400.0   1.3952390255E-005
    -300.0   1.3965562852E-005
    -280.0   1.3968205270E-005
    -260.0   1.3970852960E-005
    -240.0   1.3973509059E-005
    -220.0   1.3976181145E-005
    -200.0   1.3978914160E-005
    -180.0   1.4000942711E-005
    -160.0   1.4037104378E-005
    -140.0   1.4076144838E-005
    -120.0   1.4235037353E-005
    -100.0   1.4777861272E-005
     -80.0   1.5246320821E-005
     -60.0   1.5718893700E-005
     -50.0   1.5950735320E-005
     -40.0   1.6015008617E-005
     -30.0   1.5747435548E-005
     -20.0   1.6057915357E-005
     -10.0   1.6456578586E-005
       0.0   1.5867722823E-005
      10.0   1.5817838965E-005
      20.0   1.5770451605E-005
      30.0   1.5407077740E-005
      40.0   1.5182258760E-005
      50.0   1.4992048590E-005
      60.0   1.4712642325E-005
      80.0   1.4394381757E-005
     100.0   1.4262142220E-005
     120.0   1.4050032245E-005
     140.0   1.3866835714E-005
     160.0   1.3799620182E-005
     180.0   1.3714968001E-005
     200.0   1.3687857965E-005
     220.0   1.3740017962E-005
     240.0   1.3656238341E-005
     260.0   1.3556679772E-005
     280.0   1.3468473949E-005
     300.0   1.2346092719E-005
     400.0   1.3278574609E-005
     500.0   1.4070561267E-005
    1000.0   1.4137519531E-005
