   -1000.0   1.1221948199E-005
    -500.0   1.1362431519E-005
    -400.0   1.1437618838E-005
    -300.0   1.1595126222E-005
    -280.0   1.1649679612E-005
    -260.0   1.1718981771E-005
    -240.0   1.1809549383E-005
    -220.0   1.1932320430E-005
    -200.0   1.2107479411E-005
    -180.0   1.2379339043E-005
    -160.0   1.2912931584E-005
    -140.0   1.4569551204E-005
    -120.0   1.7351539468E-005
    -100.0   2.5527672038E-005
     -80.0   5.5237126922E-005
     -60.0   6.9677563493E-005
     -50.0   7.3926850563E-005
     -40.0   7.3755810838E-005
     -30.0   8.0284812937E-005
     -20.0   8.7679974003E-005
     -10.0   8.5347939552E-005
       0.0   8.4285605452E-005
      10.0   8.6603185271E-005
      20.0   8.0293830470E-005
      30.0   7.2215149428E-005
      40.0   6.6341631206E-005
      50.0   6.0445390898E-005
      60.0   5.4333390799E-005
      80.0   4.5416656408E-005
     100.0   2.4614904141E-005
     120.0   1.8193893483E-005
     140.0   1.5857751206E-005
     160.0   1.4324726955E-005
     180.0   1.3506537575E-005
     200.0   1.2924109712E-005
     220.0   1.2517511379E-005
     240.0   1.2191914204E-005
     260.0   1.1961931194E-005
     280.0   1.1758040279E-005
     300.0   1.1609792460E-005
     400.0   1.1463442923E-005
     500.0   1.1473379087E-005
    1000.0   1.1458245142E-005
