   -1000.0   8.3233230070E-006
    -500.0   8.3752682990E-006
    -400.0   8.3856926923E-006
    -300.0   8.3961263887E-006
    -280.0   8.3982140097E-006
    -260.0   8.4003018727E-006
    -240.0   8.4023899807E-006
    -220.0   8.4044784350E-006
    -200.0   8.4065938969E-006
    -180.0   8.4087308571E-006
    -160.0   8.4109233844E-006
    -140.0   8.4132276811E-006
    -120.0   8.4157387742E-006
    -100.0   8.4183079811E-006
     -80.0   8.4211806938E-006
     -60.0   8.4341129986E-006
     -50.0   8.4396764156E-006
     -40.0   8.4444707764E-006
     -30.0   8.4472173891E-006
     -20.0   8.4559815068E-006
     -10.0   8.4533411284E-006
       0.0   8.4543034426E-006
      10.0   8.4525005182E-006
      20.0   8.4523173377E-006
      30.0   8.4471617333E-006
      40.0   8.4448455216E-006
      50.0   8.4434963733E-006
      60.0   8.4430874738E-006
      80.0   8.4372016415E-006
     100.0   8.4379260380E-006
     120.0   8.3946597445E-006
     140.0   8.1789113921E-006
     160.0   8.1433844493E-006
     180.0   8.1118282892E-006
     200.0   8.0963703884E-006
     220.0   8.0748326651E-006
     240.0   8.1674958912E-006
     260.0   8.2321247492E-006
     280.0   8.2798197729E-006
     300.0   8.3149144780E-006
     400.0   8.1462537977E-006
     500.0   8.4796029882E-006
    1000.0   8.5331814998E-006
