   -1000.0   1.5286412924E-005
    -500.0   1.6775714991E-005
    -400.0   1.7912971588E-005
    -300.0   2.0634431599E-005
    -280.0   2.1690748435E-005
    -260.0   2.3188868907E-005
    -240.0   2.5826491553E-005
    -220.0   3.2099267926E-005
    -200.0   4.3441116165E-005
    -180.0   5.7676414871E-005
    -160.0   7.8623049497E-005
    -140.0   1.0115655549E-004
    -120.0   1.4422278110E-004
    -100.0   2.9241121212E-004
     -80.0   6.1264367867E-004
     -60.0   9.5806199257E-004
     -50.0   1.1683738194E-003
     -40.0   1.3949427847E-003
     -30.0   1.6512652089E-003
     -20.0   1.9861046330E-003
     -10.0   2.2340161481E-003
       0.0   1.1871281322E-003
      10.0   9.9000447239E-004
      20.0   1.1044432089E-003
      30.0   8.8145762079E-004
      40.0   7.2764587829E-004
      50.0   6.3079323183E-004
      60.0   5.3130743588E-004
      80.0   3.8791573370E-004
     100.0   2.3781503207E-004
     120.0   1.3573879941E-004
     140.0   1.0635638491E-004
     160.0   8.9985841035E-005
     180.0   7.4673679872E-005
     200.0   6.3996768059E-005
     220.0   5.3863224290E-005
     240.0   4.4517352887E-005
     260.0   3.7160233029E-005
     280.0   3.1684108520E-005
     300.0   2.7263060264E-005
     400.0   1.8440085358E-005
     500.0   1.6941543933E-005
    1000.0   1.5597594733E-005
