   -1000.0   1.1214872107E-005
    -500.0   1.2846258795E-005
    -400.0   1.4073206455E-005
    -300.0   1.6850771280E-005
    -280.0   1.7842301513E-005
    -260.0   1.9119504869E-005
    -240.0   2.0826079807E-005
    -220.0   2.3249777652E-005
    -200.0   2.7184197880E-005
    -180.0   3.6200488674E-005
    -160.0   5.1964626472E-005
    -140.0   6.9643796168E-005
    -120.0   9.2316499523E-005
    -100.0   1.2853700960E-004
     -80.0   2.0030612491E-004
     -60.0   3.9977542306E-004
     -50.0   6.4263195674E-004
     -40.0   8.7196009677E-004
     -30.0   1.0264644891E-003
     -20.0   8.8071045631E-004
     -10.0   6.8940862592E-004
       0.0   6.8612609089E-004
      10.0   7.4970847185E-004
      20.0   8.3208892608E-004
      30.0   8.1086709914E-004
      40.0   7.5590734670E-004
      50.0   5.6428287983E-004
      60.0   3.8791336356E-004
      80.0   1.8234367439E-004
     100.0   1.1862328343E-004
     120.0   8.4810848326E-005
     140.0   6.5830682254E-005
     160.0   5.0809460534E-005
     180.0   4.1166902119E-005
     200.0   3.4401618958E-005
     220.0   2.9241585153E-005
     240.0   2.5364154686E-005
     260.0   2.2612225433E-005
     280.0   2.0464882719E-005
     300.0   1.8809396380E-005
     400.0   1.4451527455E-005
     500.0   1.3004118230E-005
    1000.0   1.1466919871E-005
