   -1000.0   1.6653287784E-005
    -500.0   2.0486687715E-005
    -400.0   2.3450409749E-005
    -300.0   3.0267105117E-005
    -280.0   3.2719478978E-005
    -260.0   3.5879400500E-005
    -240.0   4.0079827283E-005
    -220.0   4.5923386667E-005
    -200.0   5.4746336639E-005
    -180.0   7.1689383424E-005
    -160.0   1.0793004263E-004
    -140.0   1.6560517328E-004
    -120.0   2.5879436378E-004
    -100.0   4.3927397197E-004
     -80.0   9.3127288306E-004
     -60.0   1.5602879860E-003
     -50.0   1.8709379494E-003
     -40.0   2.0623090493E-003
     -30.0   2.3605948312E-003
     -20.0   2.6280072487E-003
     -10.0   2.2412412721E-003
       0.0   1.7623450820E-003
      10.0   1.7318041986E-003
      20.0   1.7040594053E-003
      30.0   1.7660010030E-003
      40.0   1.5010237030E-003
      50.0   1.2684336146E-003
      60.0   1.0800693360E-003
      80.0   7.1197416148E-004
     100.0   3.6270624565E-004
     120.0   2.4996582939E-004
     140.0   1.8925699740E-004
     160.0   1.4753693783E-004
     180.0   1.2082182008E-004
     200.0   1.0035345816E-004
     220.0   8.2763104116E-005
     240.0   7.0356075391E-005
     260.0   6.0440703138E-005
     280.0   5.1797223027E-005
     300.0   4.4035513486E-005
     400.0   2.5244047484E-005
     500.0   2.0795836996E-005
    1000.0   1.6969445171E-005
