   -1000.0   2.0746568762E-005
    -500.0   2.0859879239E-005
    -400.0   2.0893581068E-005
    -300.0   2.0949401141E-005
    -280.0   2.0966924039E-005
    -260.0   2.0988643726E-005
    -240.0   2.1016603951E-005
    -220.0   2.1054555631E-005
    -200.0   2.1111006070E-005
    -180.0   2.1228489945E-005
    -160.0   2.2615796265E-005
    -140.0   2.5468752285E-005
    -120.0   2.9149615835E-005
    -100.0   3.5122424432E-005
     -80.0   6.5576302836E-005
     -60.0   1.0857897404E-004
     -50.0   1.3048308780E-004
     -40.0   1.5113235644E-004
     -30.0   1.7036927255E-004
     -20.0   1.8044164984E-004
     -10.0   1.1632179619E-004
       0.0   1.0581143716E-004
      10.0   1.0435336732E-004
      20.0   1.0267414995E-004
      30.0   9.7399550513E-005
      40.0   8.8099933423E-005
      50.0   8.0846932701E-005
      60.0   7.2300584013E-005
      80.0   5.4923249043E-005
     100.0   3.4847168336E-005
     120.0   3.0405191857E-005
     140.0   2.7451007093E-005
     160.0   2.5449787011E-005
     180.0   2.3963336953E-005
     200.0   2.3178085934E-005
     220.0   2.2683755426E-005
     240.0   2.2047535599E-005
     260.0   2.1644208766E-005
     280.0   2.1247530295E-005
     300.0   2.1010089209E-005
     400.0   2.0858863700E-005
     500.0   2.1024474098E-005
    1000.0   2.1099133601E-005
