   -1000.0   8.2103518528E-006
    -500.0   8.2621471830E-006
    -400.0   8.2724947548E-006
    -300.0   8.2828201163E-006
    -280.0   8.2849347052E-006
    -260.0   8.2874889094E-006
    -240.0   8.2898390895E-006
    -220.0   8.2922299131E-006
    -200.0   8.2951643933E-006
    -180.0   8.2982181124E-006
    -160.0   8.3026128220E-006
    -140.0   8.3058272212E-006
    -120.0   8.3233238197E-006
    -100.0   8.3566761124E-006
     -80.0   8.3822986450E-006
     -60.0   8.4184483425E-006
     -50.0   8.4378077101E-006
     -40.0   8.4640244854E-006
     -30.0   8.4856595862E-006
     -20.0   8.4965771813E-006
     -10.0   8.5220030202E-006
       0.0   8.5173074794E-006
      10.0   8.4733571706E-006
      20.0   8.4093219526E-006
      30.0   8.1447868957E-006
      40.0   7.7412988891E-006
      50.0   7.6284848599E-006
      60.0   7.5801581204E-006
      80.0   7.4472131089E-006
     100.0   7.4280450261E-006
     120.0   5.7294871930E-006
     140.0   4.6527171969E-006
     160.0   5.6950208905E-006
     180.0   6.8366579907E-006
     200.0   7.1565944383E-006
     220.0   7.2440642514E-006
     240.0   7.0646426234E-006
     260.0   6.9436859064E-006
     280.0   6.5677179344E-006
     300.0   7.4276629912E-006
     400.0   8.3494577175E-006
     500.0   8.3652333937E-006
    1000.0   8.4200312357E-006
