   -1000.0   1.1760972393E-005
    -500.0   1.1823604492E-005
    -400.0   1.1835739478E-005
    -300.0   1.1847952737E-005
    -280.0   1.1850416524E-005
    -260.0   1.1852894231E-005
    -240.0   1.1855392884E-005
    -220.0   1.1857925510E-005
    -200.0   1.1860520334E-005
    -180.0   1.1863262538E-005
    -160.0   1.1896129598E-005
    -140.0   1.1980957638E-005
    -120.0   1.2794534709E-005
    -100.0   1.3360711630E-005
     -80.0   1.3920517945E-005
     -60.0   1.4653438087E-005
     -50.0   1.5035348062E-005
     -40.0   1.5350200912E-005
     -30.0   1.5489293582E-005
     -20.0   1.5871927326E-005
     -10.0   1.6162968708E-005
       0.0   1.4683075831E-005
      10.0   1.5593029979E-005
      20.0   1.5087432931E-005
      30.0   1.4338404968E-005
      40.0   1.3764687946E-005
      50.0   1.3357229770E-005
      60.0   1.3083512078E-005
      80.0   1.2794460329E-005
     100.0   1.2634713500E-005
     120.0   1.2457331610E-005
     140.0   1.1867731972E-005
     160.0   1.1805990838E-005
     180.0   1.1787963074E-005
     200.0   1.1816826549E-005
     220.0   1.1834106660E-005
     240.0   1.1854296838E-005
     260.0   1.1872447173E-005
     280.0   1.1635288880E-005
     300.0   1.1550618929E-005
     400.0   1.1929875940E-005
     500.0   1.1944875084E-005
    1000.0   1.2006287169E-005
