   -1000.0   3.7457931020E-005
    -500.0   3.7583566265E-005
    -400.0   3.7608722492E-005
    -300.0   3.7633889112E-005
    -280.0   3.7638923662E-005
    -260.0   3.7643958615E-005
    -240.0   3.7648993963E-005
    -220.0   3.7654029701E-005
    -200.0   3.7659065819E-005
    -180.0   3.7664102306E-005
    -160.0   3.7669139145E-005
    -140.0   3.7674176312E-005
    -120.0   3.7679213775E-005
    -100.0   3.7684251743E-005
     -80.0   3.7693135898E-005
     -60.0   3.7700795368E-005
     -50.0   3.7707499396E-005
     -40.0   3.7713644606E-005
     -30.0   3.7702634804E-005
     -20.0   3.7704992656E-005
     -10.0   3.7707240447E-005
       0.0   3.7702805296E-005
      10.0   3.7695744003E-005
      20.0   3.7686690521E-005
      30.0   3.7677046945E-005
      40.0   3.7591373476E-005
      50.0   3.7493333338E-005
      60.0   3.7419006832E-005
      80.0   3.7029677513E-005
     100.0   3.6804927658E-005
     120.0   3.6870761644E-005
     140.0   3.6962557399E-005
     160.0   3.6825279205E-005
     180.0   3.6663306780E-005
     200.0   3.6260212927E-005
     220.0   3.6343100948E-005
     240.0   3.6971344847E-005
     260.0   3.7410807567E-005
     280.0   3.7779986128E-005
     300.0   3.7785080237E-005
     400.0   3.7810350161E-005
     500.0   3.7835606015E-005
    1000.0   3.7962026884E-005
