   -1000.0   7.7350842477E-005
    -500.0   9.9211714142E-005
    -400.0   1.1520863541E-004
    -300.0   1.4907616842E-004
    -280.0   1.6031255583E-004
    -260.0   1.7405107948E-004
    -240.0   1.9106435083E-004
    -220.0   2.1177526520E-004
    -200.0   2.3510443862E-004
    -180.0   2.6036477522E-004
    -160.0   2.9706616696E-004
    -140.0   3.4528918933E-004
    -120.0   4.0127289716E-004
    -100.0   4.4688671432E-004
     -80.0   4.7731393455E-004
     -60.0   5.0248784441E-004
     -50.0   5.1862692577E-004
     -40.0   5.2805019557E-004
     -30.0   5.3078031001E-004
     -20.0   5.2572987311E-004
     -10.0   5.1715714218E-004
       0.0   5.0734947187E-004
      10.0   4.9140610588E-004
      20.0   4.6004734758E-004
      30.0   4.4162619826E-004
      40.0   4.5070814059E-004
      50.0   4.6139667009E-004
      60.0   4.7075173179E-004
      80.0   4.7760863347E-004
     100.0   4.6128049447E-004
     120.0   4.2314045750E-004
     140.0   3.7183213903E-004
     160.0   3.2111489278E-004
     180.0   2.8343388601E-004
     200.0   2.5141897547E-004
     220.0   2.2623348472E-004
     240.0   2.0504823680E-004
     260.0   1.8736621294E-004
     280.0   1.7240991216E-004
     300.0   1.5979404229E-004
     400.0   1.2016436917E-004
     500.0   1.0198512488E-004
    1000.0   7.8967188482E-005
