   -1000.0   1.0025015621E-005
    -500.0   1.0064448485E-005
    -400.0   1.0072340883E-005
    -300.0   1.0080226362E-005
    -280.0   1.0081801562E-005
    -260.0   1.0083375783E-005
    -240.0   1.0084948841E-005
    -220.0   1.0086520568E-005
    -200.0   1.0088090942E-005
    -180.0   1.0089672165E-005
    -160.0   1.0091447855E-005
    -140.0   1.0093312773E-005
    -120.0   1.0095116130E-005
    -100.0   1.0096910864E-005
     -80.0   1.0098809495E-005
     -60.0   1.0102980401E-005
     -50.0   1.0106584414E-005
     -40.0   1.0110531856E-005
     -30.0   1.0112843055E-005
     -20.0   1.0113667480E-005
     -10.0   1.0112641535E-005
       0.0   1.0112612147E-005
      10.0   1.0112994175E-005
      20.0   1.0114011828E-005
      30.0   1.0114404070E-005
      40.0   1.0113912329E-005
      50.0   1.0112158246E-005
      60.0   1.0110720348E-005
      80.0   1.0109501674E-005
     100.0   1.0109036340E-005
     120.0   1.0071505039E-005
     140.0   9.6356832162E-006
     160.0   9.0325291754E-006
     180.0   8.8747924071E-006
     200.0   9.2459959116E-006
     220.0   9.5370052056E-006
     240.0   9.7289264309E-006
     260.0   9.8552336101E-006
     280.0   9.9519629068E-006
     300.0   1.0011607345E-005
     400.0   1.0135062016E-005
     500.0   1.0143638534E-005
    1000.0   1.0184002547E-005
