   -1000.0   1.9337176738E-005
    -500.0   1.9441046684E-005
    -400.0   1.9503298780E-005
    -300.0   1.9675376913E-005
    -280.0   1.9757949877E-005
    -260.0   1.9897926927E-005
    -240.0   2.0410277663E-005
    -220.0   2.1493995284E-005
    -200.0   2.2891421817E-005
    -180.0   2.4382648377E-005
    -160.0   2.5540484848E-005
    -140.0   2.6750741868E-005
    -120.0   2.8326994099E-005
    -100.0   3.0486242634E-005
     -80.0   3.3097305084E-005
     -60.0   3.6385122364E-005
     -50.0   3.8177871824E-005
     -40.0   3.9877424915E-005
     -30.0   4.0910189986E-005
     -20.0   3.7866218458E-005
     -10.0   3.9825248072E-005
       0.0   4.0700309855E-005
      10.0   4.1556454462E-005
      20.0   4.2138431441E-005
      30.0   4.1481123638E-005
      40.0   3.8827983791E-005
      50.0   3.6020147982E-005
      60.0   3.3552514508E-005
      80.0   2.9561416879E-005
     100.0   2.6233830490E-005
     120.0   2.1580564780E-005
     140.0   1.5683689122E-005
     160.0   1.2697279207E-005
     180.0   1.2007963064E-005
     200.0   1.1551634855E-005
     220.0   1.1899008823E-005
     240.0   1.2574524209E-005
     260.0   1.3330377886E-005
     280.0   1.4549060133E-005
     300.0   1.5812985476E-005
     400.0   1.9336725256E-005
     500.0   1.9446307353E-005
    1000.0   1.9527528535E-005
