   -1000.0   1.2264637344E-005
    -500.0   1.2312855271E-005
    -400.0   1.2326646573E-005
    -300.0   1.2347586939E-005
    -280.0   1.2353754372E-005
    -260.0   1.2361169626E-005
    -240.0   1.2370358073E-005
    -220.0   1.2382171008E-005
    -200.0   1.2398068110E-005
    -180.0   1.2420771922E-005
    -160.0   1.2456269808E-005
    -140.0   1.2532594279E-005
    -120.0   1.2776651417E-005
    -100.0   1.6124712605E-005
     -80.0   2.3371768826E-005
     -60.0   3.0228516872E-005
     -50.0   3.3426328582E-005
     -40.0   3.3380121158E-005
     -30.0   3.2023188595E-005
     -20.0   3.0879808444E-005
     -10.0   2.9682894765E-005
       0.0   2.7827168980E-005
      10.0   2.7963509676E-005
      20.0   2.8427996104E-005
      30.0   2.8278879292E-005
      40.0   2.7565307740E-005
      50.0   2.5788989353E-005
      60.0   2.2782938534E-005
      80.0   1.8803842401E-005
     100.0   1.5395150873E-005
     120.0   1.1836864529E-005
     140.0   1.1429739874E-005
     160.0   1.1411454602E-005
     180.0   1.1636962140E-005
     200.0   1.1822132964E-005
     220.0   1.1974949860E-005
     240.0   1.2079272550E-005
     260.0   1.2136495626E-005
     280.0   1.1776213496E-005
     300.0   1.1222127273E-005
     400.0   1.2388540111E-005
     500.0   1.2394316093E-005
    1000.0   1.2429970078E-005
