   -1000.0   1.9484341980E-005
    -500.0   1.9535091158E-005
    -400.0   1.9545231378E-005
    -300.0   1.9555450597E-005
    -280.0   1.9557527280E-005
    -260.0   1.9559628783E-005
    -240.0   1.9561768272E-005
    -220.0   1.9563967552E-005
    -200.0   1.9566265194E-005
    -180.0   1.9568828488E-005
    -160.0   1.9571924358E-005
    -140.0   1.9576316964E-005
    -120.0   1.9584282670E-005
    -100.0   1.9602584854E-005
     -80.0   1.9797747365E-005
     -60.0   2.0181402323E-005
     -50.0   2.0289244615E-005
     -40.0   2.0356052946E-005
     -30.0   2.0350632589E-005
     -20.0   2.0341814463E-005
     -10.0   2.0371440534E-005
       0.0   2.0381614702E-005
      10.0   2.0309741843E-005
      20.0   2.0179721753E-005
      30.0   2.0030232789E-005
      40.0   1.9900578315E-005
      50.0   1.9801388397E-005
      60.0   1.9726269382E-005
      80.0   1.9444329880E-005
     100.0   1.8970777898E-005
     120.0   1.8465646629E-005
     140.0   1.7988709404E-005
     160.0   1.7983710634E-005
     180.0   1.8152881749E-005
     200.0   1.8441875280E-005
     220.0   1.8603781878E-005
     240.0   1.8781799139E-005
     260.0   1.8129117596E-005
     280.0   1.6185010118E-005
     300.0   1.4656463067E-005
     400.0   1.9580299814E-005
     500.0   1.9628957043E-005
    1000.0   1.9688440739E-005
