   -1000.0   2.2786320322E-005
    -500.0   2.3028048983E-005
    -400.0   2.3174846721E-005
    -300.0   2.3495293098E-005
    -280.0   2.3608135459E-005
    -260.0   2.3752132268E-005
    -240.0   2.3940900162E-005
    -220.0   2.4196787654E-005
    -200.0   2.4559229341E-005
    -180.0   2.5104927139E-005
    -160.0   2.6007599709E-005
    -140.0   2.7910164887E-005
    -120.0   4.5241183447E-005
    -100.0   7.5211864058E-005
     -80.0   1.0990331815E-004
     -60.0   1.5219718421E-004
     -50.0   1.8214099368E-004
     -40.0   1.9542593808E-004
     -30.0   1.9769851425E-004
     -20.0   1.9620160822E-004
     -10.0   1.9546136296E-004
       0.0   1.8150655550E-004
      10.0   1.5364824079E-004
      20.0   1.3842845628E-004
      30.0   1.3657603146E-004
      40.0   1.4093571024E-004
      50.0   1.3950938313E-004
      60.0   1.2071005261E-004
      80.0   8.8982191962E-005
     100.0   6.6859803296E-005
     120.0   4.8736601870E-005
     140.0   3.4307645348E-005
     160.0   3.0999506722E-005
     180.0   2.8667723099E-005
     200.0   2.6820175732E-005
     220.0   2.5211091665E-005
     240.0   2.3483393550E-005
     260.0   2.1362239059E-005
     280.0   2.1073590723E-005
     300.0   2.1248585831E-005
     400.0   2.3230567528E-005
     500.0   2.3152082922E-005
    1000.0   2.3073828271E-005
