   -1000.0   1.0204493213E-005
    -500.0   1.0430290869E-005
    -400.0   1.0581594662E-005
    -300.0   1.0954648123E-005
    -280.0   1.1108404319E-005
    -260.0   1.1340917544E-005
    -240.0   1.1827997081E-005
    -220.0   1.2618942865E-005
    -200.0   1.4002622068E-005
    -180.0   1.6475521961E-005
    -160.0   2.1449104837E-005
    -140.0   4.4012971932E-005
    -120.0   6.6193568669E-005
    -100.0   8.7035458447E-005
     -80.0   1.0251874696E-004
     -60.0   1.3027872270E-004
     -50.0   1.5497142137E-004
     -40.0   1.9122592751E-004
     -30.0   2.3186211986E-004
     -20.0   2.5206841856E-004
     -10.0   2.4770214706E-004
       0.0   2.3809635240E-004
      10.0   2.1297231749E-004
      20.0   1.7817932510E-004
      30.0   1.7773110316E-004
      40.0   1.3716808859E-004
      50.0   1.0556231835E-004
      60.0   8.8725955106E-005
      80.0   6.9884118029E-005
     100.0   5.8376415840E-005
     120.0   4.5780296809E-005
     140.0   3.2998916103E-005
     160.0   2.1412593329E-005
     180.0   1.6351257064E-005
     200.0   1.3496060762E-005
     220.0   1.2543009782E-005
     240.0   1.2088776154E-005
     260.0   1.1493892246E-005
     280.0   1.1313439522E-005
     300.0   1.1166561936E-005
     400.0   1.0653288305E-005
     500.0   1.0527433495E-005
    1000.0   1.0432107819E-005
