   -1000.0   1.2639052320E-005
    -500.0   1.4167595556E-005
    -400.0   1.5415878717E-005
    -300.0   1.8823696701E-005
    -280.0   2.0345915207E-005
    -260.0   2.2137594348E-005
    -240.0   2.4504462487E-005
    -220.0   2.7716542068E-005
    -200.0   3.3436254075E-005
    -180.0   4.3796934651E-005
    -160.0   5.4302109780E-005
    -140.0   6.5708344731E-005
    -120.0   7.5246961632E-005
    -100.0   8.6019187244E-005
     -80.0   1.0068419208E-004
     -60.0   1.1550000289E-004
     -50.0   1.2550953543E-004
     -40.0   1.3490787655E-004
     -30.0   1.3534237036E-004
     -20.0   1.1269562866E-004
     -10.0   1.2495561656E-004
       0.0   1.2772316741E-004
      10.0   1.2964979440E-004
      20.0   1.3213793549E-004
      30.0   1.3294924784E-004
      40.0   1.2249805644E-004
      50.0   1.1071261676E-004
      60.0   9.8369206615E-005
      80.0   7.8963429267E-005
     100.0   6.2211069710E-005
     120.0   5.0070545396E-005
     140.0   4.1883210704E-005
     160.0   3.5913068983E-005
     180.0   3.1113444764E-005
     200.0   2.7658386984E-005
     220.0   2.5547108148E-005
     240.0   2.3381402724E-005
     260.0   2.1486586652E-005
     280.0   1.9991019388E-005
     300.0   1.8552447109E-005
     400.0   1.5244441318E-005
     500.0   1.4149376558E-005
    1000.0   1.2887009694E-005
