   -1000.0   6.9356211819E-005
    -500.0   9.1820503477E-005
    -400.0   1.0766502180E-004
    -300.0   1.4340918545E-004
    -280.0   1.5559798024E-004
    -260.0   1.7023535783E-004
    -240.0   1.8309531728E-004
    -220.0   1.9856082681E-004
    -200.0   2.2418430964E-004
    -180.0   2.6217600410E-004
    -160.0   3.0285813273E-004
    -140.0   3.5166791371E-004
    -120.0   3.9926233680E-004
    -100.0   4.5586445149E-004
     -80.0   5.0250173226E-004
     -60.0   5.3294673048E-004
     -50.0   5.4499878904E-004
     -40.0   5.5532784559E-004
     -30.0   5.9852790339E-004
     -20.0   6.1256078285E-004
     -10.0   6.0919840603E-004
       0.0   6.0053650376E-004
      10.0   5.8800058326E-004
      20.0   5.6101488683E-004
      30.0   5.0158690597E-004
      40.0   4.6580111659E-004
      50.0   4.4890627589E-004
      60.0   4.3528181657E-004
      80.0   3.9670433368E-004
     100.0   3.4745149495E-004
     120.0   3.0576051863E-004
     140.0   2.7064347914E-004
     160.0   2.4143011965E-004
     180.0   2.1527339815E-004
     200.0   1.9323601184E-004
     220.0   1.7396623103E-004
     240.0   1.5750498915E-004
     260.0   1.4465644904E-004
     280.0   1.3385829319E-004
     300.0   1.2473449345E-004
     400.0   9.7132134967E-005
     500.0   8.6120944899E-005
    1000.0   7.2279906687E-005
