   -1000.0   1.0700429909E-005
    -500.0   1.0759225208E-005
    -400.0   1.0770683489E-005
    -300.0   1.0781841800E-005
    -280.0   1.0784042258E-005
    -260.0   1.0786255091E-005
    -240.0   1.0788549541E-005
    -220.0   1.0790802701E-005
    -200.0   1.0793206565E-005
    -180.0   1.0796389516E-005
    -160.0   1.0811427183E-005
    -140.0   1.0870986979E-005
    -120.0   1.0959681063E-005
    -100.0   1.1086251999E-005
     -80.0   1.1242453526E-005
     -60.0   1.1409648738E-005
     -50.0   1.1437629376E-005
     -40.0   1.1411720724E-005
     -30.0   1.1283487828E-005
     -20.0   9.8006072750E-006
     -10.0   7.0229896456E-006
       0.0   5.2798619116E-006
      10.0   3.8964966101E-006
      20.0   9.2583631383E-007
      30.0   1.1144985014E-006
      40.0   2.6461142148E-006
      50.0   4.2602700064E-006
      60.0   5.5592968837E-006
      80.0   7.2620749183E-006
     100.0   1.0652240218E-005
     120.0   1.0878327032E-005
     140.0   1.0844100202E-005
     160.0   1.0831785308E-005
     180.0   1.0828115256E-005
     200.0   1.0816962110E-005
     220.0   1.0818499852E-005
     240.0   1.0810956184E-005
     260.0   1.0739912005E-005
     280.0   1.0731671316E-005
     300.0   1.0769149355E-005
     400.0   1.0864995079E-005
     500.0   1.0878257978E-005
    1000.0   1.0940032452E-005
