   -1000.0   7.1747537587E-005
    -500.0   7.1735016484E-005
    -400.0   7.1732387121E-005
    -300.0   7.1729741085E-005
    -280.0   7.1729209848E-005
    -260.0   7.1728684588E-005
    -240.0   7.1728230765E-005
    -220.0   7.1727934201E-005
    -200.0   7.1727810305E-005
    -180.0   7.1727992324E-005
    -160.0   7.1728082658E-005
    -140.0   7.1728349736E-005
    -120.0   7.1728501154E-005
    -100.0   7.1728558635E-005
     -80.0   7.1728445730E-005
     -60.0   7.1728184664E-005
     -50.0   7.1728009980E-005
     -40.0   7.1727746485E-005
     -30.0   7.1727456275E-005
     -20.0   7.1727182712E-005
     -10.0   7.1725712872E-005
       0.0   7.1717897512E-005
      10.0   7.1690782687E-005
      20.0   7.1632254670E-005
      30.0   7.1544922216E-005
      40.0   7.1448543759E-005
      50.0   7.1360774467E-005
      60.0   7.1283537478E-005
      80.0   7.0954831241E-005
     100.0   7.0297533448E-005
     120.0   7.0236629591E-005
     140.0   7.0620179472E-005
     160.0   7.0959856150E-005
     180.0   7.1174036901E-005
     200.0   7.1312834612E-005
     220.0   7.1413525312E-005
     240.0   7.1493325320E-005
     260.0   7.1549051912E-005
     280.0   7.1599402337E-005
     300.0   7.1632443883E-005
     400.0   7.1710768200E-005
     500.0   7.1708001518E-005
    1000.0   7.1693895184E-005
