   -1000.0   5.7992884877E-005
    -500.0   5.8081937304E-005
    -400.0   5.8103052386E-005
    -300.0   5.8152627950E-005
    -280.0   5.8174266774E-005
    -260.0   5.8215057698E-005
    -240.0   5.8465533403E-005
    -220.0   5.8954532415E-005
    -200.0   5.9807964836E-005
    -180.0   6.1055705192E-005
    -160.0   6.2351201951E-005
    -140.0   6.4540666848E-005
    -120.0   6.8092800417E-005
    -100.0   8.6959888235E-005
     -80.0   1.1669119389E-004
     -60.0   1.4595660863E-004
     -50.0   1.5755662597E-004
     -40.0   1.7120590755E-004
     -30.0   2.0066979650E-004
     -20.0   2.1824449506E-004
     -10.0   2.1105990700E-004
       0.0   1.8869079418E-004
      10.0   1.5999564758E-004
      20.0   1.5194107277E-004
      30.0   1.4589022296E-004
      40.0   1.3061492839E-004
      50.0   1.2109432490E-004
      60.0   1.1116765237E-004
      80.0   8.7149523813E-005
     100.0   6.6161109107E-005
     120.0   5.2974308648E-005
     140.0   5.0727114394E-005
     160.0   5.0070880553E-005
     180.0   5.0501006387E-005
     200.0   5.0238859687E-005
     220.0   4.8819313986E-005
     240.0   4.8988484319E-005
     260.0   4.9713670453E-005
     280.0   5.1087438806E-005
     300.0   5.2127189679E-005
     400.0   5.5708505986E-005
     500.0   5.8077322943E-005
    1000.0   5.8137630307E-005
