   -1000.0   5.2155533531E-005
    -500.0   5.2238103144E-005
    -400.0   5.2255808827E-005
    -300.0   5.2564679057E-005
    -280.0   5.2773909875E-005
    -260.0   5.2936584929E-005
    -240.0   5.3039982839E-005
    -220.0   5.3336597069E-005
    -200.0   5.5962720591E-005
    -180.0   5.8859820469E-005
    -160.0   6.0267361852E-005
    -140.0   6.0902799474E-005
    -120.0   6.2289192560E-005
    -100.0   6.4426318513E-005
     -80.0   6.6935212866E-005
     -60.0   7.0974241588E-005
     -50.0   7.3367862305E-005
     -40.0   7.6730206035E-005
     -30.0   8.1014498139E-005
     -20.0   8.3709687073E-005
     -10.0   7.7672755089E-005
       0.0   7.0523992785E-005
      10.0   6.2565826268E-005
      20.0   5.5580955432E-005
      30.0   5.0711692965E-005
      40.0   4.9921872156E-005
      50.0   4.9584867758E-005
      60.0   4.9206343926E-005
      80.0   4.7297467923E-005
     100.0   4.8607024082E-005
     120.0   4.9927604415E-005
     140.0   5.3351168478E-005
     160.0   5.3509391028E-005
     180.0   5.4049997518E-005
     200.0   5.3907974848E-005
     220.0   5.3831023239E-005
     240.0   5.4405458429E-005
     260.0   5.2639220172E-005
     280.0   5.2488385511E-005
     300.0   5.2066857264E-005
     400.0   5.2274377390E-005
     500.0   5.2286829299E-005
    1000.0   5.2311025337E-005
