   -1000.0   6.6672986358E-005
    -500.0   6.6816986728E-005
    -400.0   6.6868317924E-005
    -300.0   6.6995977009E-005
    -280.0   6.7045602987E-005
    -260.0   6.7112597441E-005
    -240.0   6.7207124278E-005
    -220.0   6.7349273655E-005
    -200.0   6.7586824637E-005
    -180.0   6.8193497569E-005
    -160.0   7.0816916652E-005
    -140.0   8.0845862428E-005
    -120.0   9.1466535469E-005
    -100.0   1.0229301339E-004
     -80.0   1.1130791555E-004
     -60.0   1.1890135493E-004
     -50.0   1.2430067956E-004
     -40.0   1.3407239164E-004
     -30.0   1.4469482930E-004
     -20.0   1.4394946298E-004
     -10.0   1.3641158422E-004
       0.0   1.2532578859E-004
      10.0   1.1265004696E-004
      20.0   1.0606526388E-004
      30.0   1.0606901971E-004
      40.0   1.0264532388E-004
      50.0   9.6841892262E-005
      60.0   9.1682142228E-005
      80.0   8.3734386108E-005
     100.0   7.8086341911E-005
     120.0   7.1943836655E-005
     140.0   6.7086904806E-005
     160.0   6.2632961136E-005
     180.0   6.0833596784E-005
     200.0   6.1272366973E-005
     220.0   6.1898234429E-005
     240.0   6.2148022533E-005
     260.0   6.1003288670E-005
     280.0   5.9964048667E-005
     300.0   5.9510919237E-005
     400.0   6.5646465577E-005
     500.0   6.6701263455E-005
    1000.0   6.6789082613E-005
