   -1000.0   5.5899678226E-005
    -500.0   5.5917248092E-005
    -400.0   5.5920693526E-005
    -300.0   5.5924125158E-005
    -280.0   5.5924809827E-005
    -260.0   5.5925493943E-005
    -240.0   5.5926177507E-005
    -220.0   5.5926860525E-005
    -200.0   5.5927543013E-005
    -180.0   5.5928225008E-005
    -160.0   5.5928906849E-005
    -140.0   5.5929588228E-005
    -120.0   5.5930268821E-005
    -100.0   5.5930948841E-005
     -80.0   5.5931628278E-005
     -60.0   5.5932307116E-005
     -50.0   5.5932646275E-005
     -40.0   5.5932985174E-005
     -30.0   5.5933323927E-005
     -20.0   5.5935574581E-005
     -10.0   5.5934001405E-005
       0.0   5.5934339895E-005
      10.0   5.5934677647E-005
      20.0   5.5936927165E-005
      30.0   5.5935352723E-005
      40.0   5.5935690297E-005
      50.0   5.5936027819E-005
      60.0   5.5936365245E-005
      80.0   5.5937039754E-005
     100.0   5.5937713777E-005
     120.0   5.5938387280E-005
     140.0   5.5939060278E-005
     160.0   5.5939732705E-005
     180.0   5.5940404552E-005
     200.0   5.5941075845E-005
     220.0   5.5941746587E-005
     240.0   5.5942416844E-005
     260.0   5.5943086577E-005
     280.0   5.5943755767E-005
     300.0   5.5944424396E-005
     400.0   5.5947759080E-005
     500.0   5.5951079851E-005
    1000.0   5.5967474750E-005
