   -1000.0   5.8197626776E-005
    -500.0   5.8297327599E-005
    -400.0   5.8327703743E-005
    -300.0   5.8395044817E-005
    -280.0   5.8419997741E-005
    -260.0   5.8453274065E-005
    -240.0   5.8500071558E-005
    -220.0   5.8571751299E-005
    -200.0   5.8702406680E-005
    -180.0   5.9669627197E-005
    -160.0   6.3915750039E-005
    -140.0   6.9262751042E-005
    -120.0   7.3320029275E-005
    -100.0   7.7403865039E-005
     -80.0   8.9697262430E-005
     -60.0   1.5309535938E-004
     -50.0   2.0329261594E-004
     -40.0   2.3121621857E-004
     -30.0   2.3776868107E-004
     -20.0   2.2573153471E-004
     -10.0   1.8428372715E-004
       0.0   1.5559626279E-004
      10.0   1.5857490793E-004
      20.0   1.7706301950E-004
      30.0   1.8858328592E-004
      40.0   1.8654738124E-004
      50.0   1.6549950337E-004
      60.0   1.3400637032E-004
      80.0   9.1846640154E-005
     100.0   8.0992142955E-005
     120.0   7.5333495885E-005
     140.0   6.7267380369E-005
     160.0   5.7999108950E-005
     180.0   4.8854197721E-005
     200.0   4.9147463332E-005
     220.0   5.1525316282E-005
     240.0   5.3174067132E-005
     260.0   5.4532114820E-005
     280.0   5.5563278121E-005
     300.0   5.6351796989E-005
     400.0   5.8295520125E-005
     500.0   5.8329040651E-005
    1000.0   5.8339464581E-005
