   -1000.0   5.2660396800E-005
    -500.0   5.2687705719E-005
    -400.0   5.2692789238E-005
    -300.0   5.2697873124E-005
    -280.0   5.2699057485E-005
    -260.0   5.2700234653E-005
    -240.0   5.2701189593E-005
    -220.0   5.2702027329E-005
    -200.0   5.2703961884E-005
    -180.0   5.2732872813E-005
    -160.0   5.2859531979E-005
    -140.0   5.2922765943E-005
    -120.0   5.3018510320E-005
    -100.0   5.3042311176E-005
     -80.0   5.3055390465E-005
     -60.0   5.3029493417E-005
     -50.0   5.2994557738E-005
     -40.0   5.2981595415E-005
     -30.0   5.2952739185E-005
     -20.0   5.2942726816E-005
     -10.0   5.2883553096E-005
       0.0   5.2399610348E-005
      10.0   5.0540134639E-005
      20.0   4.6933433641E-005
      30.0   4.3332467497E-005
      40.0   4.0450909213E-005
      50.0   3.9660383164E-005
      60.0   3.8882771714E-005
      80.0   3.9575478629E-005
     100.0   4.3259918954E-005
     120.0   4.7592457011E-005
     140.0   5.1213213430E-005
     160.0   5.2432851836E-005
     180.0   5.2870669746E-005
     200.0   5.3322375748E-005
     220.0   5.2706897169E-005
     240.0   5.2697597158E-005
     260.0   5.2689852440E-005
     280.0   5.2628201488E-005
     300.0   5.2625184946E-005
     400.0   5.2733047956E-005
     500.0   5.2738125075E-005
    1000.0   5.2762952116E-005
