   -1000.0   5.0925553038E-005
    -500.0   5.0953762123E-005
    -400.0   5.0959316322E-005
    -300.0   5.0964855585E-005
    -280.0   5.0965961487E-005
    -260.0   5.0967066684E-005
    -240.0   5.0968171148E-005
    -220.0   5.0969276798E-005
    -200.0   5.0970455777E-005
    -180.0   5.0971702031E-005
    -160.0   5.0973044023E-005
    -140.0   5.0974612201E-005
    -120.0   5.0978730942E-005
    -100.0   5.1096417837E-005
     -80.0   5.1086873386E-005
     -60.0   5.1123087014E-005
     -50.0   5.1102104640E-005
     -40.0   5.1077995958E-005
     -30.0   5.1045963473E-005
     -20.0   5.1032306981E-005
     -10.0   5.1033151568E-005
       0.0   5.1029884778E-005
      10.0   5.1034435036E-005
      20.0   5.1033942448E-005
      30.0   5.1030303739E-005
      40.0   5.1015256257E-005
      50.0   5.0868106958E-005
      60.0   5.0231125257E-005
      80.0   4.8136225884E-005
     100.0   4.7771420079E-005
     120.0   4.8414308853E-005
     140.0   4.9205051674E-005
     160.0   4.9819018191E-005
     180.0   5.0245807870E-005
     200.0   5.0514267012E-005
     220.0   5.0675635756E-005
     240.0   5.0802275097E-005
     260.0   5.0872996207E-005
     280.0   5.0917785824E-005
     300.0   5.0943437739E-005
     400.0   5.1001665980E-005
     500.0   5.1008722621E-005
    1000.0   5.1035726038E-005
