   -1000.0   8.1820761072E-005
    -500.0   8.1788588463E-005
    -400.0   8.1782100286E-005
    -300.0   8.1775594585E-005
    -280.0   8.1774291342E-005
    -260.0   8.1772987397E-005
    -240.0   8.1771682751E-005
    -220.0   8.1770377403E-005
    -200.0   8.1769071354E-005
    -180.0   8.1767764603E-005
    -160.0   8.1766457150E-005
    -140.0   8.1765148998E-005
    -120.0   8.1763840149E-005
    -100.0   8.1762530596E-005
     -80.0   8.1761220337E-005
     -60.0   8.1759909376E-005
     -50.0   8.1759253631E-005
     -40.0   8.1758597712E-005
     -30.0   8.1757941611E-005
     -20.0   8.1758547697E-005
     -10.0   8.1628907188E-005
       0.0   8.1755972278E-005
      10.0   8.1720088237E-005
      20.0   8.1754658499E-005
      30.0   8.1754001347E-005
      40.0   8.1753344020E-005
      50.0   8.1752686517E-005
      60.0   8.1752028839E-005
      80.0   8.1750712957E-005
     100.0   8.1749396373E-005
     120.0   8.1748079086E-005
     140.0   8.1746761098E-005
     160.0   8.1745442406E-005
     180.0   8.1744123011E-005
     200.0   8.1742802914E-005
     220.0   8.1741482113E-005
     240.0   8.1740160609E-005
     260.0   8.1738838402E-005
     280.0   8.1737515491E-005
     300.0   8.1736191877E-005
     400.0   8.1729563257E-005
     500.0   8.1722917037E-005
    1000.0   8.1689421632E-005
