   -1000.0   5.1202958167E-005
    -500.0   5.1231552773E-005
    -400.0   5.1237221005E-005
    -300.0   5.1242876008E-005
    -280.0   5.1244005420E-005
    -260.0   5.1245134303E-005
    -240.0   5.1246262655E-005
    -220.0   5.1247390479E-005
    -200.0   5.1248518064E-005
    -180.0   5.1249661611E-005
    -160.0   5.1250810708E-005
    -140.0   5.1251962215E-005
    -120.0   5.1253129919E-005
    -100.0   5.1254298988E-005
     -80.0   5.1255728734E-005
     -60.0   5.1257409486E-005
     -50.0   5.1258010131E-005
     -40.0   5.1258619373E-005
     -30.0   5.1259288664E-005
     -20.0   5.1259978743E-005
     -10.0   5.1260494891E-005
       0.0   5.1260963437E-005
      10.0   5.1261558795E-005
      20.0   5.1262137430E-005
      30.0   5.1262543970E-005
      40.0   5.1262956886E-005
      50.0   5.1263427972E-005
      60.0   5.1263942849E-005
      80.0   5.1264681492E-005
     100.0   5.1265177258E-005
     120.0   5.1258333565E-005
     140.0   5.1251123258E-005
     160.0   5.1250406470E-005
     180.0   5.1250654141E-005
     200.0   5.1251259215E-005
     220.0   5.1257747232E-005
     240.0   5.1262496563E-005
     260.0   5.1266472191E-005
     280.0   5.1269410299E-005
     300.0   5.1272471960E-005
     400.0   5.1281517436E-005
     500.0   5.1287638087E-005
    1000.0   5.1315181407E-005
