   -1000.0   3.9709702095E-005
    -500.0   3.9745134194E-005
    -400.0   3.9752236634E-005
    -300.0   3.9759455475E-005
    -280.0   3.9760930792E-005
    -260.0   3.9762425153E-005
    -240.0   3.9763945548E-005
    -220.0   3.9765502445E-005
    -200.0   3.9767112219E-005
    -180.0   3.9769321529E-005
    -160.0   3.9773537426E-005
    -140.0   3.9780236481E-005
    -120.0   3.9787223059E-005
    -100.0   3.9824437174E-005
     -80.0   3.9891640370E-005
     -60.0   3.9965857264E-005
     -50.0   4.0068296478E-005
     -40.0   4.0132635634E-005
     -30.0   4.0298390166E-005
     -20.0   4.0829294739E-005
     -10.0   4.6582872109E-005
       0.0   7.2864230101E-005
      10.0   4.0609369220E-005
      20.0   4.0046578717E-005
      30.0   3.9965478460E-005
      40.0   3.9838038544E-005
      50.0   3.9203894156E-005
      60.0   3.8023443793E-005
      80.0   3.7736740143E-005
     100.0   3.8387788536E-005
     120.0   3.8189896653E-005
     140.0   3.7647660755E-005
     160.0   3.6736946614E-005
     180.0   3.6263456140E-005
     200.0   3.6504192080E-005
     220.0   3.4239121899E-005
     240.0   3.1429999137E-005
     260.0   2.9533017432E-005
     280.0   3.0656552947E-005
     300.0   3.1838729282E-005
     400.0   3.9806179495E-005
     500.0   3.9814551433E-005
    1000.0   3.9849613081E-005
