   -1000.0   2.2618299768E-005
    -500.0   2.2694677306E-005
    -400.0   2.2717043698E-005
    -300.0   2.2753808204E-005
    -280.0   2.2765620288E-005
    -260.0   2.2785236824E-005
    -240.0   2.2878632798E-005
    -220.0   2.2923189391E-005
    -200.0   2.3328771750E-005
    -180.0   2.3070495118E-005
    -160.0   2.3148268973E-005
    -140.0   2.7965415092E-005
    -120.0   4.4750778156E-005
    -100.0   6.2496827874E-005
     -80.0   8.8535392421E-005
     -60.0   1.1022261005E-004
     -50.0   1.1710675202E-004
     -40.0   1.2461550261E-004
     -30.0   1.2240041712E-004
     -20.0   1.2121843423E-004
     -10.0   1.2613533426E-004
       0.0   1.8211693703E-004
      10.0   1.1816278532E-004
      20.0   1.1722238686E-004
      30.0   9.8344845276E-005
      40.0   8.6137850306E-005
      50.0   7.3346195447E-005
      60.0   6.8144437750E-005
      80.0   5.6322998616E-005
     100.0   4.4076256638E-005
     120.0   3.6249827498E-005
     140.0   3.0011450797E-005
     160.0   2.8376676513E-005
     180.0   2.4089271482E-005
     200.0   2.3961028326E-005
     220.0   2.2999509357E-005
     240.0   2.2930759853E-005
     260.0   2.2718438722E-005
     280.0   2.2824626597E-005
     300.0   2.2820939009E-005
     400.0   2.2809957794E-005
     500.0   2.2811919193E-005
    1000.0   2.2858308930E-005
