   -1000.0   6.5535932988E-005
    -500.0   6.5536696918E-005
    -400.0   6.5536758360E-005
    -300.0   6.5536803775E-005
    -280.0   6.5536810462E-005
    -260.0   6.5536816171E-005
    -240.0   6.5536820787E-005
    -220.0   6.5536824163E-005
    -200.0   6.5536826128E-005
    -180.0   6.5536826507E-005
    -160.0   6.5536828396E-005
    -140.0   6.5537579434E-005
    -120.0   6.5566920853E-005
    -100.0   6.5593518176E-005
     -80.0   6.5595216142E-005
     -60.0   6.5638989878E-005
     -50.0   6.5621221716E-005
     -40.0   6.5616372129E-005
     -30.0   6.5640937551E-005
     -20.0   6.5581697534E-005
     -10.0   6.6142325931E-005
       0.0   6.5396757454E-005
      10.0   6.4463146020E-005
      20.0   6.3911161514E-005
      30.0   6.3351299314E-005
      40.0   6.2807195870E-005
      50.0   6.1775343939E-005
      60.0   6.1311855294E-005
      80.0   6.0779324553E-005
     100.0   6.1344108800E-005
     120.0   6.1706016498E-005
     140.0   6.1468404868E-005
     160.0   6.1112247968E-005
     180.0   6.0679087049E-005
     200.0   5.6406345158E-005
     220.0   5.5675265151E-005
     240.0   5.6285919090E-005
     260.0   5.7320983840E-005
     280.0   5.9543077273E-005
     300.0   6.1906294240E-005
     400.0   6.5536639664E-005
     500.0   6.5536810003E-005
    1000.0   6.5536607058E-005
