   -1000.0   4.1040410346E-005
    -500.0   4.1195074338E-005
    -400.0   4.1215553828E-005
    -300.0   4.1236138304E-005
    -280.0   4.1240284465E-005
    -260.0   4.1244449427E-005
    -240.0   4.1248643215E-005
    -220.0   4.1252887066E-005
    -200.0   4.1257237157E-005
    -180.0   4.1262114609E-005
    -160.0   4.2028216078E-005
    -140.0   4.3174812841E-005
    -120.0   4.5191303193E-005
    -100.0   4.6633269712E-005
     -80.0   4.7454630143E-005
     -60.0   5.5514893827E-005
     -50.0   6.9230876515E-005
     -40.0   8.0786974681E-005
     -30.0   1.0164497374E-004
     -20.0   1.3309610825E-004
     -10.0   1.3295969217E-004
       0.0   8.2158650791E-005
      10.0   9.6722346697E-005
      20.0   8.4017869606E-005
      30.0   6.7807886956E-005
      40.0   6.0816670553E-005
      50.0   5.7968287619E-005
      60.0   5.4471231787E-005
      80.0   4.5945116389E-005
     100.0   4.5810198947E-005
     120.0   4.5708340363E-005
     140.0   4.3859378057E-005
     160.0   4.2456289310E-005
     180.0   4.1630308989E-005
     200.0   4.1667373961E-005
     220.0   4.1788565017E-005
     240.0   4.1741090041E-005
     260.0   4.1699163684E-005
     280.0   4.1674263404E-005
     300.0   4.1580285535E-005
     400.0   4.1380533950E-005
     500.0   4.1400927890E-005
    1000.0   4.1503211673E-005
