   -1000.0   4.6611170779E-005
    -500.0   4.6635799764E-005
    -400.0   4.6640699594E-005
    -300.0   4.6645590773E-005
    -280.0   4.6646567762E-005
    -260.0   4.6647544258E-005
    -240.0   4.6648520208E-005
    -220.0   4.6649495548E-005
    -200.0   4.6650470194E-005
    -180.0   4.6651444039E-005
    -160.0   4.6652416954E-005
    -140.0   4.6653388808E-005
    -120.0   4.6654360380E-005
    -100.0   4.6655770141E-005
     -80.0   4.6679950827E-005
     -60.0   4.6683293693E-005
     -50.0   4.6685036247E-005
     -40.0   4.6690517118E-005
     -30.0   4.6733510500E-005
     -20.0   4.6825475529E-005
     -10.0   4.6855290394E-005
       0.0   4.6619488399E-005
      10.0   4.6559914724E-005
      20.0   4.6467519382E-005
      30.0   4.6400229094E-005
      40.0   4.6432164092E-005
      50.0   4.5992113308E-005
      60.0   4.5497564885E-005
      80.0   4.4144545113E-005
     100.0   4.3080066195E-005
     120.0   4.3169272201E-005
     140.0   4.3915541373E-005
     160.0   4.4590872138E-005
     180.0   4.4794257543E-005
     200.0   4.5280300468E-005
     220.0   4.5387275017E-005
     240.0   4.5407858261E-005
     260.0   4.3999694799E-005
     280.0   4.4128364133E-005
     300.0   4.5947624098E-005
     400.0   4.6679589238E-005
     500.0   4.6684509448E-005
    1000.0   4.6708684433E-005
