   -1000.0   2.7126665571E-005
    -500.0   2.7176606903E-005
    -400.0   2.7186565904E-005
    -300.0   2.7196522623E-005
    -280.0   2.7198513658E-005
    -260.0   2.7200504582E-005
    -240.0   2.7202495395E-005
    -220.0   2.7204486103E-005
    -200.0   2.7206476733E-005
    -180.0   2.7208467377E-005
    -160.0   2.7210469998E-005
    -140.0   2.7213779235E-005
    -120.0   2.7217274149E-005
    -100.0   2.7241664141E-005
     -80.0   2.7258861018E-005
     -60.0   2.7270751179E-005
     -50.0   2.7277391261E-005
     -40.0   2.7284856197E-005
     -30.0   2.7290554037E-005
     -20.0   2.7341603939E-005
     -10.0   2.7583259610E-005
       0.0   2.7476093498E-005
      10.0   2.7382464306E-005
      20.0   2.7326747452E-005
      30.0   2.7322727247E-005
      40.0   2.7282765238E-005
      50.0   2.6936365140E-005
      60.0   2.6727096757E-005
      80.0   2.6613953861E-005
     100.0   2.6661314018E-005
     120.0   2.6657476910E-005
     140.0   2.6561390909E-005
     160.0   2.6364761464E-005
     180.0   2.6486178800E-005
     200.0   2.6665892528E-005
     220.0   2.6775644343E-005
     240.0   2.6867349455E-005
     260.0   2.6782555635E-005
     280.0   2.6491559324E-005
     300.0   2.6191057427E-005
     400.0   2.7266114366E-005
     500.0   2.7276109690E-005
    1000.0   2.7325818529E-005
