   -1000.0   2.6912926802E-005
    -500.0   2.6964649287E-005
    -400.0   2.6974951521E-005
    -300.0   2.6985251907E-005
    -280.0   2.6987311738E-005
    -260.0   2.6989371479E-005
    -240.0   2.6991431123E-005
    -220.0   2.6993493824E-005
    -200.0   2.6995578295E-005
    -180.0   2.6997657891E-005
    -160.0   2.6999759256E-005
    -140.0   2.7001841484E-005
    -120.0   2.7004120119E-005
    -100.0   2.7006787279E-005
     -80.0   2.7009208247E-005
     -60.0   2.7011661001E-005
     -50.0   2.7012918001E-005
     -40.0   2.7014151642E-005
     -30.0   2.7015457655E-005
     -20.0   2.7016704278E-005
     -10.0   2.7018751789E-005
       0.0   2.7048398288E-005
      10.0   2.7019217249E-005
      20.0   2.6902476403E-005
      30.0   2.6731030118E-005
      40.0   2.6721614302E-005
      50.0   2.6725886509E-005
      60.0   2.6741556317E-005
      80.0   2.6749983350E-005
     100.0   2.6777883653E-005
     120.0   2.6787076245E-005
     140.0   2.6575272710E-005
     160.0   2.6435392849E-005
     180.0   2.6505505775E-005
     200.0   2.6645466443E-005
     220.0   2.6607763421E-005
     240.0   2.6496139951E-005
     260.0   2.6620720545E-005
     280.0   2.6981809740E-005
     300.0   2.6904510490E-005
     400.0   2.7057303111E-005
     500.0   2.7067597881E-005
    1000.0   2.7119014217E-005
