   -1000.0   3.8395430725E-005
    -500.0   3.8495433982E-005
    -400.0   3.8507687392E-005
    -300.0   3.8519955675E-005
    -280.0   3.8522413802E-005
    -260.0   3.8524874789E-005
    -240.0   3.8527340227E-005
    -220.0   3.8529813491E-005
    -200.0   3.8532301938E-005
    -180.0   3.8534835722E-005
    -160.0   3.8706138017E-005
    -140.0   3.9219889992E-005
    -120.0   3.9565713916E-005
    -100.0   3.9646333234E-005
     -80.0   3.9840202941E-005
     -60.0   4.0016516952E-005
     -50.0   4.0274481425E-005
     -40.0   5.3174713333E-005
     -30.0   5.6481652896E-005
     -20.0   6.3973203039E-005
     -10.0   4.5979070106E-005
       0.0   4.5609756075E-005
      10.0   4.4845199052E-005
      20.0   4.9334916043E-005
      30.0   4.8255296136E-005
      40.0   4.6171498232E-005
      50.0   4.0229770225E-005
      60.0   3.9998438483E-005
      80.0   3.9802431457E-005
     100.0   3.9559261512E-005
     120.0   3.9533630300E-005
     140.0   3.9017548612E-005
     160.0   3.7562129458E-005
     180.0   3.7314320850E-005
     200.0   3.7856546069E-005
     220.0   3.8083597812E-005
     240.0   3.8297392078E-005
     260.0   3.8359653364E-005
     280.0   3.8396427431E-005
     300.0   3.8492082528E-005
     400.0   3.8605718667E-005
     500.0   3.8617962960E-005
    1000.0   3.8679127011E-005
