   -1000.0   4.8918584344E-005
    -500.0   4.8940370574E-005
    -400.0   4.8944742639E-005
    -300.0   4.8949190451E-005
    -280.0   4.8950101415E-005
    -260.0   4.8951025569E-005
    -240.0   4.8951967930E-005
    -220.0   4.8952936055E-005
    -200.0   4.8953941731E-005
    -180.0   4.8955004163E-005
    -160.0   4.8956156337E-005
    -140.0   4.8957458874E-005
    -120.0   4.8959033975E-005
    -100.0   4.8963581206E-005
     -80.0   4.8979931408E-005
     -60.0   4.9087583140E-005
     -50.0   4.9185567841E-005
     -40.0   4.9393668769E-005
     -30.0   4.9666603432E-005
     -20.0   5.0688428054E-005
     -10.0   6.0941620656E-005
       0.0   5.3667633646E-005
      10.0   4.9374433875E-005
      20.0   4.9269809572E-005
      30.0   4.9235591712E-005
      40.0   4.9160219960E-005
      50.0   4.8773158481E-005
      60.0   4.8433966878E-005
      80.0   4.4955828696E-005
     100.0   4.2073934317E-005
     120.0   4.3269858954E-005
     140.0   4.4220074434E-005
     160.0   4.5473003272E-005
     180.0   4.6350836674E-005
     200.0   4.6713507406E-005
     220.0   4.6024419888E-005
     240.0   4.7401146371E-005
     260.0   4.8886263891E-005
     280.0   4.8970992458E-005
     300.0   4.8973258655E-005
     400.0   4.8978643586E-005
     500.0   4.8983018404E-005
    1000.0   4.9004194514E-005
