   -1000.0   8.3535750495E-005
    -500.0   8.4283402269E-005
    -400.0   8.4634710543E-005
    -300.0   8.5372583399E-005
    -280.0   8.5626650064E-005
    -260.0   8.5948147478E-005
    -240.0   8.6366809023E-005
    -220.0   8.6934386598E-005
    -200.0   8.7757221413E-005
    -180.0   8.9168298502E-005
    -160.0   1.1529829451E-004
    -140.0   1.8718023577E-004
    -120.0   2.4736782467E-004
    -100.0   3.3477539750E-004
     -80.0   4.6311464774E-004
     -60.0   7.1359696683E-004
     -50.0   1.1485435861E-003
     -40.0   3.6148796573E-003
     -30.0   5.9195922085E-003
     -20.0   8.1920390463E-003
     -10.0   5.9546478161E-003
       0.0   4.1686156582E-003
      10.0   3.9199508572E-003
      20.0   4.5579117577E-003
      30.0   3.7651390100E-003
      40.0   2.3227801346E-003
      50.0   1.1384196884E-003
      60.0   6.8833003637E-004
      80.0   4.5657867246E-004
     100.0   3.2835320502E-004
     120.0   2.4045312575E-004
     140.0   1.8724775283E-004
     160.0   1.5112576024E-004
     180.0   1.2692914887E-004
     200.0   1.1106250092E-004
     220.0   1.0252774030E-004
     240.0   9.6840433430E-005
     260.0   9.4711087974E-005
     280.0   9.2282324466E-005
     300.0   9.0103059164E-005
     400.0   8.5005087551E-005
     500.0   8.4730103002E-005
    1000.0   8.4565554392E-005
