   -1000.0   2.5295927851E-005
    -500.0   2.5352102975E-005
    -400.0   2.5362839271E-005
    -300.0   2.5373611187E-005
    -280.0   2.5375795172E-005
    -260.0   2.5378320023E-005
    -240.0   2.5480918713E-005
    -220.0   2.5552570972E-005
    -200.0   2.5584121824E-005
    -180.0   2.5515858966E-005
    -160.0   2.5826851123E-005
    -140.0   2.6082959435E-005
    -120.0   2.6296035456E-005
    -100.0   2.6644814569E-005
     -80.0   2.7260506877E-005
     -60.0   2.7210995833E-005
     -50.0   2.7620936762E-005
     -40.0   2.7919287008E-005
     -30.0   2.8163045926E-005
     -20.0   2.8797630421E-005
     -10.0   2.9071924273E-005
       0.0   2.6148744011E-005
      10.0   2.4423591920E-005
      20.0   2.4613170423E-005
      30.0   2.4387236919E-005
      40.0   2.4185895488E-005
      50.0   2.4422459372E-005
      60.0   2.3461699804E-005
      80.0   2.1922842450E-005
     100.0   2.5768198219E-005
     120.0   2.5867923367E-005
     140.0   2.5846414844E-005
     160.0   2.5871508749E-005
     180.0   2.5909134245E-005
     200.0   2.5903497162E-005
     220.0   2.5623980540E-005
     240.0   2.5453352660E-005
     260.0   2.5243603007E-005
     280.0   2.5337645701E-005
     300.0   2.5433709636E-005
     400.0   2.5448566075E-005
     500.0   2.5459280861E-005
    1000.0   2.5512825007E-005
