   -1000.0   2.7171113030E-005
    -500.0   2.7227640878E-005
    -400.0   2.7238222413E-005
    -300.0   2.7248804781E-005
    -280.0   2.7250921881E-005
    -260.0   2.7253039564E-005
    -240.0   2.7255158348E-005
    -220.0   2.7257279822E-005
    -200.0   2.7259419089E-005
    -180.0   2.7291283850E-005
    -160.0   2.7319706553E-005
    -140.0   2.7359431066E-005
    -120.0   2.7383359295E-005
    -100.0   2.7402664140E-005
     -80.0   2.7645366131E-005
     -60.0   2.8015579828E-005
     -50.0   2.8213357371E-005
     -40.0   2.8421523793E-005
     -30.0   2.8971970703E-005
     -20.0   2.9405104475E-005
     -10.0   3.2009808939E-005
       0.0   2.8902165741E-005
      10.0   2.9654292247E-005
      20.0   2.8201212840E-005
      30.0   2.7891644708E-005
      40.0   2.7779441989E-005
      50.0   2.7698230883E-005
      60.0   2.7580922358E-005
      80.0   2.7073011001E-005
     100.0   2.6717170561E-005
     120.0   2.6619634826E-005
     140.0   2.6575394973E-005
     160.0   2.6584229287E-005
     180.0   2.6587690766E-005
     200.0   2.6551627341E-005
     220.0   2.6401206623E-005
     240.0   2.6005632094E-005
     260.0   2.5758249368E-005
     280.0   2.5660099073E-005
     300.0   2.6143714867E-005
     400.0   2.7322714817E-005
     500.0   2.7333364380E-005
    1000.0   2.7386191936E-005
