   -1000.0   3.6633553182E-005
    -500.0   3.6673423648E-005
    -400.0   3.6681363397E-005
    -300.0   3.6689293215E-005
    -280.0   3.6690877588E-005
    -260.0   3.6692461317E-005
    -240.0   3.6694044357E-005
    -220.0   3.6695626702E-005
    -200.0   3.6697208577E-005
    -180.0   3.6699180568E-005
    -160.0   3.6702091488E-005
    -140.0   3.6705450801E-005
    -120.0   3.6709654908E-005
    -100.0   3.6719659842E-005
     -80.0   3.6770709261E-005
     -60.0   3.6829295725E-005
     -50.0   3.6847796078E-005
     -40.0   3.6857131091E-005
     -30.0   3.6858542451E-005
     -20.0   3.6889915286E-005
     -10.0   3.7159641772E-005
       0.0   3.7771585585E-005
      10.0   3.6871030072E-005
      20.0   3.6853180102E-005
      30.0   3.6849085492E-005
      40.0   3.6854493109E-005
      50.0   3.6607012150E-005
      60.0   3.5625912491E-005
      80.0   3.5001875711E-005
     100.0   3.5411717082E-005
     120.0   3.5036430994E-005
     140.0   3.4439497077E-005
     160.0   3.4119516917E-005
     180.0   3.3667718158E-005
     200.0   3.3716187707E-005
     220.0   3.1407890586E-005
     240.0   2.8986857640E-005
     260.0   2.8071890011E-005
     280.0   2.8937336383E-005
     300.0   3.0226939476E-005
     400.0   3.6743675051E-005
     500.0   3.6752487236E-005
    1000.0   3.6792265490E-005
