   -1000.0   3.6495259785E-005
    -500.0   3.6650784927E-005
    -400.0   3.6671709056E-005
    -300.0   3.6698702730E-005
    -280.0   3.6706563762E-005
    -260.0   3.6718237642E-005
    -240.0   3.7781020442E-005
    -220.0   3.9160106835E-005
    -200.0   4.0193787906E-005
    -180.0   4.3510657773E-005
    -160.0   4.5074365817E-005
    -140.0   5.1068470126E-005
    -120.0   5.6141086164E-005
    -100.0   9.5705606747E-005
     -80.0   1.7395941306E-004
     -60.0   2.4918707504E-004
     -50.0   2.9707515572E-004
     -40.0   3.5561443477E-004
     -30.0   4.1563737734E-004
     -20.0   4.4876642905E-004
     -10.0   4.4303163377E-004
       0.0   4.7285616039E-004
      10.0   3.4103879834E-004
      20.0   2.2946962270E-004
      30.0   1.9002339111E-004
      40.0   1.5711080517E-004
      50.0   1.3909731583E-004
      60.0   1.2180408136E-004
      80.0   1.0766455555E-004
     100.0   8.1625724421E-005
     120.0   5.3751345651E-005
     140.0   4.9472596880E-005
     160.0   4.4580945674E-005
     180.0   4.3460385328E-005
     200.0   4.0198422327E-005
     220.0   3.9044921805E-005
     240.0   3.7460741590E-005
     260.0   3.7340134066E-005
     280.0   3.7539120831E-005
     300.0   3.7206173817E-005
     400.0   3.6808345913E-005
     500.0   3.6822101214E-005
    1000.0   3.6903882390E-005
