   -1000.0   4.8918568749E-005
    -500.0   4.8940218507E-005
    -400.0   4.8944527172E-005
    -300.0   4.8948828843E-005
    -280.0   4.8949688321E-005
    -260.0   4.8950547507E-005
    -240.0   4.8951406397E-005
    -220.0   4.8952264985E-005
    -200.0   4.8953123264E-005
    -180.0   4.8953981224E-005
    -160.0   4.8954838853E-005
    -140.0   4.8955696130E-005
    -120.0   4.8956553030E-005
    -100.0   4.8957410326E-005
     -80.0   4.8958270260E-005
     -60.0   4.8959219948E-005
     -50.0   4.8959661055E-005
     -40.0   4.8960098047E-005
     -30.0   4.8960579532E-005
     -20.0   4.8960955277E-005
     -10.0   4.8961768895E-005
       0.0   4.8961756007E-005
      10.0   4.8962181719E-005
      20.0   4.8962609947E-005
      30.0   4.8963041602E-005
      40.0   4.8963431698E-005
      50.0   4.8924919079E-005
      60.0   4.8911542546E-005
      80.0   4.8600005655E-005
     100.0   4.8351774829E-005
     120.0   4.8416474355E-005
     140.0   4.8504547493E-005
     160.0   4.8567977564E-005
     180.0   4.8631759312E-005
     200.0   4.8656544787E-005
     220.0   4.8539575789E-005
     240.0   4.8704596125E-005
     260.0   4.8970369032E-005
     280.0   4.8973606404E-005
     300.0   4.8974476953E-005
     400.0   4.8978747954E-005
     500.0   4.8982997852E-005
    1000.0   4.9004131939E-005
