   -1000.0   5.0296212445E-005
    -500.0   5.1018450935E-005
    -400.0   5.1396585874E-005
    -300.0   5.2303604697E-005
    -280.0   5.2707223095E-005
    -260.0   5.4356090250E-005
    -240.0   6.0827124382E-005
    -220.0   6.9556052892E-005
    -200.0   7.4624412026E-005
    -180.0   7.6149447429E-005
    -160.0   8.5853000769E-005
    -140.0   1.9800151291E-004
    -120.0   3.0075073610E-004
    -100.0   4.5645584791E-004
     -80.0   6.7315897316E-004
     -60.0   8.7494086032E-004
     -50.0   9.8087861013E-004
     -40.0   1.0787477868E-003
     -30.0   1.1774335595E-003
     -20.0   1.4145166095E-003
     -10.0   1.8800530387E-003
       0.0   2.2200066206E-003
      10.0   1.4939117605E-003
      20.0   1.0230039292E-003
      30.0   7.8606956953E-004
      40.0   6.4342506059E-004
      50.0   5.2600129120E-004
      60.0   4.8012033531E-004
      80.0   3.5815918850E-004
     100.0   2.4981843839E-004
     120.0   2.0997929464E-004
     140.0   1.7625880674E-004
     160.0   1.3769456268E-004
     180.0   1.0834017963E-004
     200.0   8.9297506978E-005
     220.0   7.4622033133E-005
     240.0   6.4166509170E-005
     260.0   5.7662679687E-005
     280.0   5.3596413321E-005
     300.0   5.2491477164E-005
     400.0   5.1591723979E-005
     500.0   5.1286761961E-005
    1000.0   5.1015153915E-005
