   -1000.0   2.6062665734E-005
    -500.0   2.6148189808E-005
    -400.0   2.6167365238E-005
    -300.0   2.6195654557E-005
    -280.0   2.6203909250E-005
    -260.0   2.6213886540E-005
    -240.0   2.6226483580E-005
    -220.0   2.6243589120E-005
    -200.0   2.6271803484E-005
    -180.0   2.8292194705E-005
    -160.0   3.1062369500E-005
    -140.0   3.4176659371E-005
    -120.0   3.8263312193E-005
    -100.0   4.7343504255E-005
     -80.0   1.4808177143E-004
     -60.0   2.1332439566E-004
     -50.0   2.6036333366E-004
     -40.0   3.1252485037E-004
     -30.0   3.8288892188E-004
     -20.0   4.6904977073E-004
     -10.0   7.3333408449E-004
       0.0   3.9911569942E-004
      10.0   5.7744069429E-004
      20.0   3.1533140903E-004
      30.0   2.1779798198E-004
      40.0   1.8243111608E-004
      50.0   1.5522650701E-004
      60.0   1.3814893423E-004
      80.0   1.2197373251E-004
     100.0   5.0197430809E-005
     120.0   4.2169321204E-005
     140.0   3.8058357672E-005
     160.0   3.6041827185E-005
     180.0   3.4004092321E-005
     200.0   3.2813153760E-005
     220.0   3.1017566856E-005
     240.0   3.0100783905E-005
     260.0   2.8244309953E-005
     280.0   2.6604276915E-005
     300.0   2.6190815368E-005
     400.0   2.6264518228E-005
     500.0   2.6269676743E-005
    1000.0   2.6321786639E-005
