   -1000.0   3.6637498067E-005
    -500.0   3.6690022785E-005
    -400.0   3.6708090820E-005
    -300.0   3.6739203020E-005
    -280.0   3.6748913707E-005
    -260.0   3.6760746707E-005
    -240.0   3.6775515440E-005
    -220.0   3.6794473840E-005
    -200.0   3.6819646350E-005
    -180.0   3.6854499237E-005
    -160.0   3.6905448772E-005
    -140.0   3.6985752260E-005
    -120.0   3.7127897357E-005
    -100.0   3.7440919947E-005
     -80.0   3.9904231825E-005
     -60.0   1.1057160871E-004
     -50.0   1.1967136174E-004
     -40.0   1.4025680718E-004
     -30.0   1.6591496135E-004
     -20.0   1.6855005448E-004
     -10.0   2.0352261254E-004
       0.0   1.7353603091E-004
      10.0   1.2995286413E-004
      20.0   1.3997706442E-004
      30.0   1.3526938324E-004
      40.0   1.1835544243E-004
      50.0   9.9999891144E-005
      60.0   8.4294059393E-005
      80.0   3.8446438416E-005
     100.0   3.5685009650E-005
     120.0   3.5918487747E-005
     140.0   3.5928670943E-005
     160.0   3.5951650453E-005
     180.0   3.6411371570E-005
     200.0   3.5530600108E-005
     220.0   3.5186905052E-005
     240.0   3.6787419623E-005
     260.0   3.6788747213E-005
     280.0   3.6783603748E-005
     300.0   3.6778726570E-005
     400.0   3.6765707702E-005
     500.0   3.6763380716E-005
    1000.0   3.6787266810E-005
