   -1000.0   2.9166100145E-005
    -500.0   2.9216239911E-005
    -400.0   2.9226106418E-005
    -300.0   2.9235965113E-005
    -280.0   2.9237935306E-005
    -260.0   2.9239905282E-005
    -240.0   2.9284264395E-005
    -220.0   2.9245522342E-005
    -200.0   2.9318129867E-005
    -180.0   2.9248466153E-005
    -160.0   2.9269958956E-005
    -140.0   2.9373952221E-005
    -120.0   2.9330211644E-005
    -100.0   2.9317577658E-005
     -80.0   2.9328242470E-005
     -60.0   2.9351301905E-005
     -50.0   2.9355239423E-005
     -40.0   2.9353809616E-005
     -30.0   2.9340526452E-005
     -20.0   2.9331203603E-005
     -10.0   2.9314499175E-005
       0.0   2.5148855176E-005
      10.0   2.6042677233E-005
      20.0   2.6828889633E-005
      30.0   2.6337532396E-005
      40.0   2.6004992751E-005
      50.0   2.6247856677E-005
      60.0   2.4120194500E-005
      80.0   2.4921946943E-005
     100.0   2.6335385426E-005
     120.0   2.8625480233E-005
     140.0   2.8874683089E-005
     160.0   2.8700261323E-005
     180.0   2.8653787362E-005
     200.0   2.8409699235E-005
     220.0   2.8566604846E-005
     240.0   2.8642291146E-005
     260.0   2.8594439221E-005
     280.0   2.9162968519E-005
     300.0   2.9294494501E-005
     400.0   2.9304981489E-005
     500.0   2.9314856518E-005
    1000.0   2.9364106571E-005
