   -1000.0   3.6258774943E-005
    -500.0   3.6332455824E-005
    -400.0   3.6350156901E-005
    -300.0   3.6379307775E-005
    -280.0   3.6388275633E-005
    -260.0   3.6399202460E-005
    -240.0   3.6412896501E-005
    -220.0   3.6430659919E-005
    -200.0   3.6454748216E-005
    -180.0   3.6489563337E-005
    -160.0   3.6546393056E-005
    -140.0   3.9019135776E-005
    -120.0   4.9921917464E-005
    -100.0   6.3135313554E-005
     -80.0   1.0527890485E-004
     -60.0   2.7638147335E-004
     -50.0   3.6542530314E-004
     -40.0   4.7686650479E-004
     -30.0   6.4114688483E-004
     -20.0   9.3878236094E-004
     -10.0   8.1829248397E-004
       0.0   3.3730101050E-004
      10.0   3.7530940984E-004
      20.0   4.6269507099E-004
      30.0   3.1011447250E-004
      40.0   2.5377245524E-004
      50.0   2.1947263892E-004
      60.0   1.9021226939E-004
      80.0   1.1055989882E-004
     100.0   6.8545079489E-005
     120.0   5.8425161222E-005
     140.0   5.2063394165E-005
     160.0   4.7336932816E-005
     180.0   4.4513633810E-005
     200.0   4.2715738659E-005
     220.0   4.1253512869E-005
     240.0   4.0173567080E-005
     260.0   3.9691753729E-005
     280.0   3.8742046851E-005
     300.0   3.6807532220E-005
     400.0   3.6420347567E-005
     500.0   3.6419474452E-005
    1000.0   3.6451066852E-005
