   -1000.0   3.7038726741E-005
    -500.0   3.7087147598E-005
    -400.0   3.7094833569E-005
    -300.0   3.7102516387E-005
    -280.0   3.7104052674E-005
    -260.0   3.7105588906E-005
    -240.0   3.7107125128E-005
    -220.0   3.7108661434E-005
    -200.0   3.7110197931E-005
    -180.0   3.7111734832E-005
    -160.0   3.7113272525E-005
    -140.0   3.7114811796E-005
    -120.0   3.7116354746E-005
    -100.0   3.7117908411E-005
     -80.0   3.7127587185E-005
     -60.0   3.7416987258E-005
     -50.0   3.7569068109E-005
     -40.0   3.7834466427E-005
     -30.0   3.8247435467E-005
     -20.0   3.8228397514E-005
     -10.0   3.7698496620E-005
       0.0   3.7290207947E-005
      10.0   3.7318914559E-005
      20.0   3.7406612691E-005
      30.0   3.7615459069E-005
      40.0   3.7553463077E-005
      50.0   3.7363262724E-005
      60.0   3.7284548486E-005
      80.0   3.6807588594E-005
     100.0   3.6855887805E-005
     120.0   3.6921798836E-005
     140.0   3.6935648839E-005
     160.0   3.6995570628E-005
     180.0   3.7058953413E-005
     200.0   3.6952603200E-005
     220.0   3.6946627393E-005
     240.0   3.7143973414E-005
     260.0   3.7145533355E-005
     280.0   3.7147071628E-005
     300.0   3.7148605831E-005
     400.0   3.7156264133E-005
     500.0   3.7163915783E-005
    1000.0   3.7202113352E-005
