   -1000.0   3.8231706506E-005
    -500.0   3.8266980293E-005
    -400.0   3.8274007854E-005
    -300.0   3.8281031059E-005
    -280.0   3.8282435175E-005
    -260.0   3.8283839114E-005
    -240.0   3.8285242876E-005
    -220.0   3.8286646461E-005
    -200.0   3.8288049866E-005
    -180.0   3.8289453091E-005
    -160.0   3.8290856132E-005
    -140.0   3.8292259544E-005
    -120.0   3.8293673509E-005
    -100.0   3.8295080239E-005
     -80.0   3.8296485940E-005
     -60.0   3.8297891729E-005
     -50.0   3.8298593480E-005
     -40.0   3.8299294017E-005
     -30.0   3.8299856370E-005
     -20.0   3.8300336368E-005
     -10.0   3.8300731698E-005
       0.0   3.8293900762E-005
      10.0   3.8284815314E-005
      20.0   3.8281188199E-005
      30.0   3.8277132687E-005
      40.0   3.8281389003E-005
      50.0   3.8282170283E-005
      60.0   3.8281064193E-005
      80.0   3.8279878233E-005
     100.0   3.8280791513E-005
     120.0   3.8285948938E-005
     140.0   3.8285421943E-005
     160.0   3.8289581869E-005
     180.0   3.8292560503E-005
     200.0   3.8292792127E-005
     220.0   3.8284972268E-005
     240.0   3.8274788462E-005
     260.0   3.8281911228E-005
     280.0   3.8321095623E-005
     300.0   3.8323075298E-005
     400.0   3.8330070946E-005
     500.0   3.8337059410E-005
    1000.0   3.8371933823E-005
