   -1000.0   2.7794282803E-005
    -500.0   2.7844186619E-005
    -400.0   2.7854085469E-005
    -300.0   2.7863983597E-005
    -280.0   2.7865963349E-005
    -260.0   2.7867943263E-005
    -240.0   2.7869923453E-005
    -220.0   2.7871904114E-005
    -200.0   2.7873885602E-005
    -180.0   2.7875868677E-005
    -160.0   2.7877855402E-005
    -140.0   2.7879856390E-005
    -120.0   2.7958514969E-005
    -100.0   2.7966345761E-005
     -80.0   2.7992034479E-005
     -60.0   2.7996623158E-005
     -50.0   2.8773298218E-005
     -40.0   2.8982048541E-005
     -30.0   2.9666786218E-005
     -20.0   2.9042822294E-005
     -10.0   2.8435679015E-005
       0.0   2.8363454975E-005
      10.0   2.8367110347E-005
      20.0   2.8619516473E-005
      30.0   2.9021984387E-005
      40.0   2.8643570834E-005
      50.0   2.8583266812E-005
      60.0   2.8157506428E-005
      80.0   2.8270801603E-005
     100.0   2.8243135880E-005
     120.0   2.7811009752E-005
     140.0   2.6671244041E-005
     160.0   2.7176065239E-005
     180.0   2.7319222697E-005
     200.0   2.7522226440E-005
     220.0   2.7590132456E-005
     240.0   2.7712124807E-005
     260.0   2.7774844752E-005
     280.0   2.7785173731E-005
     300.0   2.7849153120E-005
     400.0   2.7933184591E-005
     500.0   2.7943075932E-005
    1000.0   2.7992457959E-005
