   -1000.0   3.8706985705E-005
    -500.0   3.8745309883E-005
    -400.0   3.8752877017E-005
    -300.0   3.8760439761E-005
    -280.0   3.8761951892E-005
    -260.0   3.8763463967E-005
    -240.0   3.8764976074E-005
    -220.0   3.8766488382E-005
    -200.0   3.8768001245E-005
    -180.0   3.8769515611E-005
    -160.0   3.8771037333E-005
    -140.0   3.8798177969E-005
    -120.0   3.8822545526E-005
    -100.0   3.8843391694E-005
     -80.0   3.8870406394E-005
     -60.0   3.8886527057E-005
     -50.0   3.9144328355E-005
     -40.0   3.9590316826E-005
     -30.0   4.0008691651E-005
     -20.0   4.0082118390E-005
     -10.0   3.9628468536E-005
       0.0   3.9602683485E-005
      10.0   3.9480401534E-005
      20.0   3.9609123455E-005
      30.0   3.9478975023E-005
      40.0   3.9285197458E-005
      50.0   3.9146502643E-005
      60.0   3.8953938098E-005
      80.0   3.9054840479E-005
     100.0   3.9001085316E-005
     120.0   3.8917393694E-005
     140.0   3.6696059031E-005
     160.0   3.3934927888E-005
     180.0   3.5704333214E-005
     200.0   3.6720222329E-005
     220.0   3.7707168804E-005
     240.0   3.8117354289E-005
     260.0   3.8319960088E-005
     280.0   3.8425628783E-005
     300.0   3.8054342635E-005
     400.0   3.8813120891E-005
     500.0   3.8820756955E-005
    1000.0   3.8858382356E-005
