   -1000.0   2.6022505649E-005
    -500.0   2.6077713705E-005
    -400.0   2.6088452279E-005
    -300.0   2.6099409022E-005
    -280.0   2.6101661113E-005
    -260.0   2.6103951971E-005
    -240.0   2.6106298911E-005
    -220.0   2.6108731833E-005
    -200.0   2.6111309470E-005
    -180.0   2.6114178710E-005
    -160.0   2.6117993888E-005
    -140.0   2.7685241206E-005
    -120.0   2.8385337889E-005
    -100.0   2.8961330104E-005
     -80.0   2.9400695469E-005
     -60.0   3.0306449944E-005
     -50.0   3.6411872048E-005
     -40.0   5.2518738623E-005
     -30.0   7.6068997821E-005
     -20.0   1.0765837298E-004
     -10.0   8.1029244916E-005
       0.0   4.3811214034E-005
      10.0   4.6546217114E-005
      20.0   6.7767089780E-005
      30.0   6.0675973892E-005
      40.0   4.8103799994E-005
      50.0   3.6132368499E-005
      60.0   2.9391957653E-005
      80.0   2.8372244305E-005
     100.0   2.7905782781E-005
     120.0   2.7500846857E-005
     140.0   2.6597871270E-005
     160.0   2.6030416920E-005
     180.0   2.6122102503E-005
     200.0   2.6229627263E-005
     220.0   2.6328764376E-005
     240.0   2.6277899234E-005
     260.0   2.6312572899E-005
     280.0   2.6201655037E-005
     300.0   2.6232337119E-005
     400.0   2.6172960755E-005
     500.0   2.6183325131E-005
    1000.0   2.6235848898E-005
