   -1000.0   7.4010975004E-005
    -500.0   7.4257949293E-005
    -400.0   7.4289745221E-005
    -300.0   7.4322002032E-005
    -280.0   7.4328600541E-005
    -260.0   7.4335312046E-005
    -240.0   7.4342220913E-005
    -220.0   7.4349553714E-005
    -200.0   7.4358306905E-005
    -180.0   7.6366110894E-005
    -160.0   8.0127128739E-005
    -140.0   8.3957626422E-005
    -120.0   8.9180178708E-005
    -100.0   9.6528207212E-005
     -80.0   1.0447822777E-004
     -60.0   1.1592349334E-004
     -50.0   1.2209669023E-004
     -40.0   1.2675714555E-004
     -30.0   1.2917602944E-004
     -20.0   1.3240493133E-004
     -10.0   1.4475611139E-004
       0.0   1.4826101724E-004
      10.0   1.3133764594E-004
      20.0   1.1084626247E-004
      30.0   9.9667951404E-005
      40.0   9.4133326244E-005
      50.0   9.1167928226E-005
      60.0   8.8024111814E-005
      80.0   8.3963241971E-005
     100.0   8.2271569856E-005
     120.0   7.9766945098E-005
     140.0   7.9076626195E-005
     160.0   7.7907661599E-005
     180.0   7.7264247098E-005
     200.0   7.6301492932E-005
     220.0   7.4459141219E-005
     240.0   7.3242893910E-005
     260.0   7.3037367677E-005
     280.0   7.3530422732E-005
     300.0   7.4513918459E-005
     400.0   7.4545902660E-005
     500.0   7.4577311703E-005
    1000.0   7.4735279314E-005
