   -1000.0   5.3539814177E-005
    -500.0   5.4049494470E-005
    -400.0   5.4229885456E-005
    -300.0   5.4633269612E-005
    -280.0   5.4805682504E-005
    -260.0   5.5274108552E-005
    -240.0   6.0498603596E-005
    -220.0   6.6774503609E-005
    -200.0   6.2101046832E-005
    -180.0   6.4741079921E-005
    -160.0   6.8767905756E-005
    -140.0   1.6430630663E-004
    -120.0   2.8518418877E-004
    -100.0   4.3403267113E-004
     -80.0   6.3940375474E-004
     -60.0   8.6805701894E-004
     -50.0   9.6963597649E-004
     -40.0   1.0533122248E-003
     -30.0   1.1346811611E-003
     -20.0   1.3095963592E-003
     -10.0   1.7299692494E-003
       0.0   2.1045191633E-003
      10.0   1.2708562777E-003
      20.0   8.9799659329E-004
      30.0   7.0703611550E-004
      40.0   5.8433271841E-004
      50.0   5.1917707626E-004
      60.0   4.4819904996E-004
      80.0   3.2937635681E-004
     100.0   2.4430349684E-004
     120.0   2.1053583077E-004
     140.0   1.6436847906E-004
     160.0   1.4017673680E-004
     180.0   1.1924377124E-004
     200.0   9.0341876550E-005
     220.0   7.7470018312E-005
     240.0   6.4061441657E-005
     260.0   5.8264322354E-005
     280.0   5.5472922050E-005
     300.0   5.4850045834E-005
     400.0   5.4460169086E-005
     500.0   5.4342361941E-005
    1000.0   5.4309126918E-005
