   -1000.0   3.0140355498E-005
    -500.0   3.0185789220E-005
    -400.0   3.0194828708E-005
    -300.0   3.0203815826E-005
    -280.0   3.0205601360E-005
    -260.0   3.0207380682E-005
    -240.0   3.0209152783E-005
    -220.0   3.0210974576E-005
    -200.0   3.0214963622E-005
    -180.0   3.0219821584E-005
    -160.0   3.0223460884E-005
    -140.0   3.0227839630E-005
    -120.0   3.0232695500E-005
    -100.0   3.0238201551E-005
     -80.0   3.0243843053E-005
     -60.0   3.0248383312E-005
     -50.0   3.0250652236E-005
     -40.0   3.0253174736E-005
     -30.0   3.0253104888E-005
     -20.0   3.0250734407E-005
     -10.0   3.0188722110E-005
       0.0   2.6180101888E-005
      10.0   2.8239759878E-005
      20.0   2.8781398789E-005
      30.0   2.8983611064E-005
      40.0   2.8788643090E-005
      50.0   2.8809529467E-005
      60.0   2.8687156871E-005
      80.0   2.8125026568E-005
     100.0   2.8143659838E-005
     120.0   2.7050155441E-005
     140.0   2.3339126146E-005
     160.0   2.2438523305E-005
     180.0   2.2321978314E-005
     200.0   2.4029744310E-005
     220.0   2.7175577108E-005
     240.0   2.7758505035E-005
     260.0   2.8680785983E-005
     280.0   2.8385208916E-005
     300.0   2.9851352225E-005
     400.0   3.0266782965E-005
     500.0   3.0276344532E-005
    1000.0   3.0321983028E-005
