   -1000.0   3.6760972855E-005
    -500.0   3.6803961106E-005
    -400.0   3.6811477642E-005
    -300.0   3.6818989944E-005
    -280.0   3.6820491899E-005
    -260.0   3.6821993712E-005
    -240.0   3.6823495446E-005
    -220.0   3.6824997331E-005
    -200.0   3.6826500496E-005
    -180.0   3.6836248251E-005
    -160.0   3.6856814905E-005
    -140.0   3.6865684563E-005
    -120.0   3.6876024217E-005
    -100.0   3.6893339977E-005
     -80.0   3.6929181691E-005
     -60.0   3.6956623435E-005
     -50.0   3.6986960832E-005
     -40.0   3.6990951737E-005
     -30.0   3.6946701518E-005
     -20.0   3.6941829430E-005
     -10.0   3.6953419304E-005
       0.0   3.6139145492E-005
      10.0   3.6431054444E-005
      20.0   3.6474872850E-005
      30.0   3.6494291058E-005
      40.0   3.6515067580E-005
      50.0   3.6560344000E-005
      60.0   3.6579621116E-005
      80.0   3.6570620646E-005
     100.0   3.6526056327E-005
     120.0   3.6489503038E-005
     140.0   3.6463253879E-005
     160.0   3.6508000023E-005
     180.0   3.6514576146E-005
     200.0   3.6461872702E-005
     220.0   3.5938493665E-005
     240.0   3.5979040381E-005
     260.0   3.6022391972E-005
     280.0   3.6328786073E-005
     300.0   3.6863757062E-005
     400.0   3.6871451828E-005
     500.0   3.6878941873E-005
    1000.0   3.6916294905E-005
