   -1000.0   3.7173748882E-005
    -500.0   3.7106195162E-005
    -400.0   3.7092655400E-005
    -300.0   3.7079111771E-005
    -280.0   3.7076402583E-005
    -260.0   3.7073693240E-005
    -240.0   3.7070983744E-005
    -220.0   3.7068274094E-005
    -200.0   3.7065564294E-005
    -180.0   3.7062854934E-005
    -160.0   3.7060175675E-005
    -140.0   3.7057511597E-005
    -120.0   3.7054824747E-005
    -100.0   3.7052148659E-005
     -80.0   3.7049512854E-005
     -60.0   3.7048143870E-005
     -50.0   3.7047997915E-005
     -40.0   3.7047112662E-005
     -30.0   3.7062698175E-005
     -20.0   3.7044217155E-005
     -10.0   3.7042473016E-005
       0.0   3.7040977607E-005
      10.0   3.7039729875E-005
      20.0   3.7038691093E-005
      30.0   3.7054327969E-005
      40.0   3.7035857515E-005
      50.0   3.7033937869E-005
      60.0   3.7031607613E-005
      80.0   3.7027821540E-005
     100.0   3.7025035712E-005
     120.0   3.7022288376E-005
     140.0   3.7019550477E-005
     160.0   3.7016780898E-005
     180.0   3.7014030630E-005
     200.0   3.7011321627E-005
     220.0   3.7008611694E-005
     240.0   3.7005901326E-005
     260.0   3.7003189772E-005
     280.0   3.7000477963E-005
     300.0   3.6997765557E-005
     400.0   3.6984197914E-005
     500.0   3.6970623394E-005
    1000.0   3.6902693104E-005
