   -1000.0   4.1637139686E-005
    -500.0   4.1555497884E-005
    -400.0   4.1539153450E-005
    -300.0   4.1522805792E-005
    -280.0   4.1519535874E-005
    -260.0   4.1516265855E-005
    -240.0   4.1512995966E-005
    -220.0   4.1509726396E-005
    -200.0   4.1506456754E-005
    -180.0   4.1503187224E-005
    -160.0   4.1499917033E-005
    -140.0   4.1496647131E-005
    -120.0   4.1493377091E-005
    -100.0   4.1490106838E-005
     -80.0   4.1486836511E-005
     -60.0   4.1483565968E-005
     -50.0   4.1481930723E-005
     -40.0   4.1480295346E-005
     -30.0   4.1478659960E-005
     -20.0   4.1477024549E-005
     -10.0   4.1475388274E-005
       0.0   4.1473751839E-005
      10.0   4.1472115546E-005
      20.0   4.1470479551E-005
      30.0   4.1468842858E-005
      40.0   4.1467206295E-005
      50.0   4.1465569793E-005
      60.0   4.1463933213E-005
      80.0   4.1460660007E-005
     100.0   4.1457386506E-005
     120.0   4.1454113114E-005
     140.0   4.1450839888E-005
     160.0   4.1447566563E-005
     180.0   4.1444293158E-005
     200.0   4.1441019651E-005
     220.0   4.1437746214E-005
     240.0   4.1434472737E-005
     260.0   4.1431199217E-005
     280.0   4.1427925611E-005
     300.0   4.1424651797E-005
     400.0   4.1408282070E-005
     500.0   4.1391908712E-005
    1000.0   4.1309993970E-005
