   -1000.0   4.3224102920E-005
    -500.0   4.3137640183E-005
    -400.0   4.3120330128E-005
    -300.0   4.3103017049E-005
    -280.0   4.3099554071E-005
    -260.0   4.3096090972E-005
    -240.0   4.3092627752E-005
    -220.0   4.3089164411E-005
    -200.0   4.3085700950E-005
    -180.0   4.3082237407E-005
    -160.0   4.3078778425E-005
    -140.0   4.3075332399E-005
    -120.0   4.3071885126E-005
    -100.0   4.3068428426E-005
     -80.0   4.3064970769E-005
     -60.0   4.3061514277E-005
     -50.0   4.3059786418E-005
     -40.0   4.3058060937E-005
     -30.0   4.3056339260E-005
     -20.0   4.3054624000E-005
     -10.0   4.3096896310E-005
       0.0   4.3051141689E-005
      10.0   4.3115298321E-005
      20.0   4.3047654455E-005
      30.0   4.3045909420E-005
      40.0   4.3044169139E-005
      50.0   4.3042431737E-005
      60.0   4.3040695407E-005
      80.0   4.3037223778E-005
     100.0   4.3033752790E-005
     120.0   4.3030282913E-005
     140.0   4.3026814041E-005
     160.0   4.2981097007E-005
     180.0   4.3019873424E-005
     200.0   4.3016406889E-005
     220.0   4.3012939993E-005
     240.0   4.3009471918E-005
     260.0   4.3006004130E-005
     280.0   4.3002537181E-005
     300.0   4.2999071178E-005
     400.0   4.2981740827E-005
     500.0   4.2964403659E-005
    1000.0   4.2877672851E-005
