   -1000.0   4.1656226427E-005
    -500.0   4.1574761445E-005
    -400.0   4.1558385620E-005
    -300.0   4.1542006745E-005
    -280.0   4.1538730654E-005
    -260.0   4.1535454506E-005
    -240.0   4.1532178710E-005
    -220.0   4.1528968392E-005
    -200.0   4.1526539397E-005
    -180.0   4.1525769768E-005
    -160.0   4.1526150289E-005
    -140.0   4.1525289354E-005
    -120.0   4.1523842032E-005
    -100.0   4.1522047901E-005
     -80.0   4.1525751858E-005
     -60.0   4.1516763980E-005
     -50.0   4.1515216341E-005
     -40.0   4.1513579483E-005
     -30.0   4.1511852667E-005
     -20.0   4.1510074121E-005
     -10.0   4.1507762212E-005
       0.0   4.1504550045E-005
      10.0   4.1500687879E-005
      20.0   4.1495825454E-005
      30.0   4.1490100884E-005
      40.0   4.1484371165E-005
      50.0   4.1479007975E-005
      60.0   4.1474291157E-005
      80.0   4.1473350674E-005
     100.0   4.1462465896E-005
     120.0   4.1458690466E-005
     140.0   4.1456180355E-005
     160.0   4.1454075798E-005
     180.0   4.1451024877E-005
     200.0   4.1446802578E-005
     220.0   4.1442724183E-005
     240.0   4.1441320546E-005
     260.0   4.1440869710E-005
     280.0   4.1440265695E-005
     300.0   4.1439241293E-005
     400.0   4.1427254262E-005
     500.0   4.1410857850E-005
    1000.0   4.1328787360E-005
