   -1000.0   4.1426045708E-005
    -500.0   4.1467557618E-005
    -400.0   4.1504718940E-005
    -300.0   4.1623861107E-005
    -280.0   4.1677012743E-005
    -260.0   4.1758092294E-005
    -240.0   4.1971633769E-005
    -220.0   4.2427067036E-005
    -200.0   4.3177225465E-005
    -180.0   4.4360624963E-005
    -160.0   4.6038782683E-005
    -140.0   4.8267757586E-005
    -120.0   5.5510441313E-005
    -100.0   7.5215503397E-005
     -80.0   9.6980565985E-005
     -60.0   1.1631128641E-004
     -50.0   1.2339423298E-004
     -40.0   1.3398000086E-004
     -30.0   1.5201279266E-004
     -20.0   1.6088773799E-004
     -10.0   1.5522979781E-004
       0.0   1.3764135885E-004
      10.0   1.1418789884E-004
      20.0   1.0589343523E-004
      30.0   1.0409807194E-004
      40.0   9.8577168433E-005
      50.0   9.1570700268E-005
      60.0   8.3565071139E-005
      80.0   6.7837101963E-005
     100.0   5.3515048583E-005
     120.0   4.3992472937E-005
     140.0   3.8685255974E-005
     160.0   3.7390743311E-005
     180.0   3.6570845326E-005
     200.0   3.6125538270E-005
     220.0   3.6003911834E-005
     240.0   3.6110481946E-005
     260.0   3.6626959219E-005
     280.0   3.7335091342E-005
     300.0   3.7955228495E-005
     400.0   3.9996584581E-005
     500.0   4.1255547004E-005
    1000.0   4.1210902131E-005
