   -1000.0   3.5943021288E-005
    -500.0   3.5878691430E-005
    -400.0   3.5865810983E-005
    -300.0   3.5852926594E-005
    -280.0   3.5850349244E-005
    -260.0   3.5847771736E-005
    -240.0   3.5845194073E-005
    -220.0   3.5842616258E-005
    -200.0   3.5840038287E-005
    -180.0   3.5837460163E-005
    -160.0   3.5834881900E-005
    -140.0   3.5832303654E-005
    -120.0   3.5829725295E-005
    -100.0   3.5827146703E-005
     -80.0   3.5824567930E-005
     -60.0   3.5821988977E-005
     -50.0   3.5820699432E-005
     -40.0   3.5819409832E-005
     -30.0   3.5818120166E-005
     -20.0   3.5816830478E-005
     -10.0   3.5815540809E-005
       0.0   3.5814251018E-005
      10.0   3.5812960963E-005
      20.0   3.5811670847E-005
      30.0   3.5810380783E-005
      40.0   3.5809090740E-005
      50.0   3.5807800680E-005
      60.0   3.5806510591E-005
      80.0   3.5803930314E-005
     100.0   3.5801349902E-005
     120.0   3.5798769357E-005
     140.0   3.5796188649E-005
     160.0   3.5793607785E-005
     180.0   3.5791026786E-005
     200.0   3.5788445643E-005
     220.0   3.5785864351E-005
     240.0   3.5783282903E-005
     260.0   3.5780701302E-005
     280.0   3.5778119543E-005
     300.0   3.5775537627E-005
     400.0   3.5762625704E-005
     500.0   3.5749709866E-005
    1000.0   3.5685071901E-005
