   -1000.0   3.8750925182E-005
    -500.0   3.8680134007E-005
    -400.0   3.8665958988E-005
    -300.0   3.8651779991E-005
    -280.0   3.8648943715E-005
    -260.0   3.8646107280E-005
    -240.0   3.8643270685E-005
    -220.0   3.8640433932E-005
    -200.0   3.8637597123E-005
    -180.0   3.8634761494E-005
    -160.0   3.8631925660E-005
    -140.0   3.8629088331E-005
    -120.0   3.8626250762E-005
    -100.0   3.8623413098E-005
     -80.0   3.8620575517E-005
     -60.0   3.8617741509E-005
     -50.0   3.8616332880E-005
     -40.0   3.8642225061E-005
     -30.0   3.8613508639E-005
     -20.0   3.8612089063E-005
     -10.0   3.8612388011E-005
       0.0   3.8609243081E-005
      10.0   3.8607822688E-005
      20.0   3.8606405176E-005
      30.0   3.8604984493E-005
      40.0   3.8603559797E-005
      50.0   3.8602133995E-005
      60.0   3.8600708670E-005
      80.0   3.8597866848E-005
     100.0   3.8595027259E-005
     120.0   3.8592187735E-005
     140.0   3.8589348130E-005
     160.0   3.8586508378E-005
     180.0   3.8583667790E-005
     200.0   3.8580827092E-005
     220.0   3.8577986661E-005
     240.0   3.8575146183E-005
     260.0   3.8572305338E-005
     280.0   3.8569464385E-005
     300.0   3.8566623305E-005
     400.0   3.8552415608E-005
     500.0   3.8538204879E-005
    1000.0   3.8467091945E-005
