   -1000.0   3.5389211672E-005
    -500.0   3.5329846692E-005
    -400.0   3.5317713999E-005
    -300.0   3.5306488699E-005
    -280.0   3.5304656521E-005
    -260.0   3.5303662541E-005
    -240.0   3.5321456045E-005
    -220.0   3.5374316790E-005
    -200.0   3.5461879795E-005
    -180.0   3.5581127492E-005
    -160.0   3.6096931860E-005
    -140.0   3.7229955485E-005
    -120.0   3.8379598955E-005
    -100.0   3.9056287772E-005
     -80.0   4.0033818896E-005
     -60.0   4.1375851007E-005
     -50.0   4.2413866349E-005
     -40.0   4.3404067364E-005
     -30.0   4.4678329400E-005
     -20.0   4.6537610568E-005
     -10.0   4.9111212668E-005
       0.0   5.0241196191E-005
      10.0   4.7429246460E-005
      20.0   4.2322353854E-005
      30.0   3.6660277507E-005
      40.0   3.3395915180E-005
      50.0   3.2158056785E-005
      60.0   3.1747371998E-005
      80.0   3.1575104000E-005
     100.0   3.1833638090E-005
     120.0   3.2378641465E-005
     140.0   3.2738953879E-005
     160.0   3.2496991423E-005
     180.0   3.2433112274E-005
     200.0   3.2430135793E-005
     220.0   3.2692208740E-005
     240.0   3.3279085209E-005
     260.0   3.3878472480E-005
     280.0   3.4334584576E-005
     300.0   3.4497349514E-005
     400.0   3.5178048418E-005
     500.0   3.5202408680E-005
    1000.0   3.5140793529E-005
