   -1000.0   1.4981089396E-004
    -500.0   1.5446726181E-004
    -400.0   1.5798641989E-004
    -300.0   1.6626069995E-004
    -280.0   1.6933567134E-004
    -260.0   1.7340641241E-004
    -240.0   1.7905692989E-004
    -220.0   1.8752530223E-004
    -200.0   2.0193375300E-004
    -180.0   2.2297249239E-004
    -160.0   2.5048358961E-004
    -140.0   2.8548216800E-004
    -120.0   3.3024343669E-004
    -100.0   3.9566363647E-004
     -80.0   5.0886604898E-004
     -60.0   7.0667399869E-004
     -50.0   8.0400130683E-004
     -40.0   8.6165108187E-004
     -30.0   8.8478111864E-004
     -20.0   8.7891818184E-004
     -10.0   8.3402330298E-004
       0.0   7.8095704255E-004
      10.0   7.5047384261E-004
      20.0   7.6791410710E-004
      30.0   7.7857625430E-004
      40.0   7.7396628388E-004
      50.0   7.4171619064E-004
      60.0   6.5588915983E-004
      80.0   4.7366516215E-004
     100.0   3.5546631078E-004
     120.0   2.9592611302E-004
     140.0   2.5636743372E-004
     160.0   2.2933702337E-004
     180.0   2.1068984628E-004
     200.0   1.9641408384E-004
     220.0   1.8648535040E-004
     240.0   1.7938906556E-004
     260.0   1.7374780200E-004
     280.0   1.6963740198E-004
     300.0   1.6652946135E-004
     400.0   1.5819374592E-004
     500.0   1.5471216969E-004
    1000.0   1.5041542209E-004
