   -1000.0   3.6691622896E-005
    -500.0   3.6640314010E-005
    -400.0   3.6630977602E-005
    -300.0   3.6636247526E-005
    -280.0   3.6709638729E-005
    -260.0   3.6855677993E-005
    -240.0   3.6959692194E-005
    -220.0   3.7061769423E-005
    -200.0   3.7288874380E-005
    -180.0   3.7561630948E-005
    -160.0   3.8082830616E-005
    -140.0   3.9242922663E-005
    -120.0   4.3820071711E-005
    -100.0   4.9780552909E-005
     -80.0   5.2612085902E-005
     -60.0   5.7586018957E-005
     -50.0   6.2037873850E-005
     -40.0   6.7691498126E-005
     -30.0   7.4756640992E-005
     -20.0   8.8332020861E-005
     -10.0   9.8859075447E-005
       0.0   9.3391400590E-005
      10.0   8.6869388277E-005
      20.0   7.5433410901E-005
      30.0   5.9188821045E-005
      40.0   4.6792630722E-005
      50.0   3.9470143099E-005
      60.0   3.6329487686E-005
      80.0   3.4741772625E-005
     100.0   3.5273499333E-005
     120.0   3.4150364367E-005
     140.0   3.2794006111E-005
     160.0   3.3845559364E-005
     180.0   3.4856804507E-005
     200.0   3.5521942026E-005
     220.0   3.5703805930E-005
     240.0   3.5781135123E-005
     260.0   3.5430197868E-005
     280.0   3.5192760457E-005
     300.0   3.5002538931E-005
     400.0   3.6472178239E-005
     500.0   3.6505119150E-005
    1000.0   3.6443329346E-005
