   -1000.0   5.8713462023E-006
    -500.0   5.8919872247E-006
    -400.0   5.8961233341E-006
    -300.0   5.9002620825E-006
    -280.0   5.9010901369E-006
    -260.0   5.9019182893E-006
    -240.0   5.9027465376E-006
    -220.0   5.9035748802E-006
    -200.0   5.9044033160E-006
    -180.0   5.9052318473E-006
    -160.0   5.9060661070E-006
    -140.0   5.9069475728E-006
    -120.0   5.9078806792E-006
    -100.0   5.9088561167E-006
     -80.0   5.9100230295E-006
     -60.0   5.9113276894E-006
     -50.0   5.9154191166E-006
     -40.0   5.9198216991E-006
     -30.0   5.9221211931E-006
     -20.0   5.9240172058E-006
     -10.0   5.9287360953E-006
       0.0   5.9265526793E-006
      10.0   5.9252467578E-006
      20.0   5.9238134989E-006
      30.0   5.9230417107E-006
      40.0   5.9228790140E-006
      50.0   5.9213287221E-006
      60.0   5.9192007941E-006
      80.0   5.9188568456E-006
     100.0   5.9025386849E-006
     120.0   5.8908286330E-006
     140.0   5.8880425499E-006
     160.0   5.8835662946E-006
     180.0   5.8859984503E-006
     200.0   5.8951168523E-006
     220.0   5.9037466156E-006
     240.0   5.9083762944E-006
     260.0   5.9123581989E-006
     280.0   5.7843318935E-006
     300.0   4.7706162342E-006
     400.0   5.9292264109E-006
     500.0   5.9334608157E-006
    1000.0   5.9543347873E-006
