   -1000.0   3.4279675013E-005
    -500.0   3.6702551203E-005
    -400.0   3.8559619517E-005
    -300.0   4.2829582209E-005
    -280.0   4.4362692886E-005
    -260.0   4.6331468631E-005
    -240.0   4.8928477577E-005
    -220.0   5.2474277559E-005
    -200.0   5.7546089856E-005
    -180.0   6.5310079335E-005
    -160.0   7.8612624299E-005
    -140.0   1.0764493136E-004
    -120.0   2.0411879862E-004
    -100.0   3.8738855608E-004
     -80.0   6.3142538395E-004
     -60.0   8.7227776142E-004
     -50.0   9.8045919163E-004
     -40.0   1.0382072638E-003
     -30.0   1.0122631910E-003
     -20.0   1.2546757047E-003
     -10.0   1.3789159319E-003
       0.0   8.9409301498E-004
      10.0   6.5675866887E-004
      20.0   6.0632752852E-004
      30.0   6.7927476576E-004
      40.0   6.4406438086E-004
      50.0   5.6699654668E-004
      60.0   4.8773607978E-004
      80.0   3.5800268758E-004
     100.0   2.6235336640E-004
     120.0   1.8922310788E-004
     140.0   1.3029620060E-004
     160.0   1.0309577077E-004
     180.0   8.3112383288E-005
     200.0   6.9478038913E-005
     220.0   6.0514761033E-005
     240.0   5.4667330854E-005
     260.0   4.9876381561E-005
     280.0   4.6167843546E-005
     300.0   4.3267779766E-005
     400.0   3.8450294719E-005
     500.0   3.6743664594E-005
    1000.0   3.4660747594E-005
