   -1000.0   9.4290660409E-006
    -500.0   9.4590830173E-006
    -400.0   9.4650941111E-006
    -300.0   9.4711077230E-006
    -280.0   9.4723107410E-006
    -260.0   9.4735138553E-006
    -240.0   9.4747170646E-006
    -220.0   9.4759203671E-006
    -200.0   9.4771237608E-006
    -180.0   9.4783272431E-006
    -160.0   9.4795308110E-006
    -140.0   9.4807344610E-006
    -120.0   9.4819414870E-006
    -100.0   9.4831495524E-006
     -80.0   9.4843651254E-006
     -60.0   9.4857767463E-006
     -50.0   9.4863922300E-006
     -40.0   9.4870105151E-006
     -30.0   9.4876628836E-006
     -20.0   9.4886145050E-006
     -10.0   9.4897075434E-006
       0.0   9.4898841401E-006
      10.0   9.4901175275E-006
      20.0   9.4907005295E-006
      30.0   9.4913530340E-006
      40.0   9.4920142638E-006
      50.0   9.4928914849E-006
      60.0   9.4935482201E-006
      80.0   9.4892251057E-006
     100.0   9.4683127120E-006
     120.0   9.4650463894E-006
     140.0   9.4573405117E-006
     160.0   9.4729974742E-006
     180.0   9.4801431289E-006
     200.0   9.4851869446E-006
     220.0   9.4906839348E-006
     240.0   9.2221015552E-006
     260.0   9.2306051218E-006
     280.0   8.7818822693E-006
     300.0   8.7126106068E-006
     400.0   9.5132583529E-006
     500.0   9.5193078816E-006
    1000.0   9.5495269543E-006
