   -1000.0   1.6078887315E-005
    -500.0   2.4295234820E-005
    -400.0   3.0709084691E-005
    -300.0   4.5767104483E-005
    -280.0   5.1463214457E-005
    -260.0   5.9373851587E-005
    -240.0   7.0214169918E-005
    -220.0   8.7160879193E-005
    -200.0   1.1386164229E-004
    -180.0   1.4914985962E-004
    -160.0   1.8709493539E-004
    -140.0   2.6594042674E-004
    -120.0   5.0796724335E-004
    -100.0   7.8351706078E-004
     -80.0   1.1301556336E-003
     -60.0   1.5853892912E-003
     -50.0   1.8633199678E-003
     -40.0   2.2288003540E-003
     -30.0   2.5996133797E-003
     -20.0   2.9304154407E-003
     -10.0   3.1453419625E-003
       0.0   2.7325407104E-003
      10.0   3.1887246336E-003
      20.0   2.7442973316E-003
      30.0   2.1585625718E-003
      40.0   1.7159204076E-003
      50.0   1.3339063282E-003
      60.0   1.0961470116E-003
      80.0   6.8782136538E-004
     100.0   4.4445190837E-004
     120.0   3.0653171964E-004
     140.0   2.1716088319E-004
     160.0   1.8091338147E-004
     180.0   1.5443928419E-004
     200.0   1.2154329821E-004
     220.0   9.4601013747E-005
     240.0   7.3088973995E-005
     260.0   5.9081730589E-005
     280.0   5.0246734921E-005
     300.0   4.4506343109E-005
     400.0   3.0126502468E-005
     500.0   2.4086285182E-005
    1000.0   1.6384165754E-005
