   -1000.0   4.8820802606E-006
    -500.0   4.9769000441E-006
    -400.0   5.0412639631E-006
    -300.0   5.1881362992E-006
    -280.0   5.2422341941E-006
    -260.0   5.3139985437E-006
    -240.0   5.4151933059E-006
    -220.0   5.5802887987E-006
    -200.0   5.9746587000E-006
    -180.0   6.7809807332E-006
    -160.0   1.4472736945E-005
    -140.0   2.1004389132E-005
    -120.0   2.5306710536E-005
    -100.0   3.1508800900E-005
     -80.0   4.0981436923E-005
     -60.0   5.5949249510E-005
     -50.0   6.3000411957E-005
     -40.0   7.3332492798E-005
     -30.0   9.0591239085E-005
     -20.0   1.0296429499E-004
     -10.0   1.4893781062E-004
       0.0   1.5064332247E-004
      10.0   1.0419852685E-004
      20.0   7.1447625967E-005
      30.0   5.6197835577E-005
      40.0   4.5664592303E-005
      50.0   3.8706748463E-005
      60.0   3.2809556177E-005
      80.0   2.2400266872E-005
     100.0   1.4342924257E-005
     120.0   1.2694796505E-005
     140.0   1.2090277018E-005
     160.0   1.1470431336E-005
     180.0   1.0388515973E-005
     200.0   9.0100672572E-006
     220.0   8.5983788994E-006
     240.0   7.4950462239E-006
     260.0   6.4200572910E-006
     280.0   5.4549067046E-006
     300.0   5.2693362343E-006
     400.0   5.0715746780E-006
     500.0   5.0120170620E-006
    1000.0   4.9539091649E-006
