   -1000.0   8.9524994832E-006
    -500.0   9.0068827381E-006
    -400.0   9.0206060437E-006
    -300.0   9.0403929079E-006
    -280.0   9.0463889823E-006
    -260.0   9.0541821611E-006
    -240.0   9.0661505650E-006
    -220.0   9.1637752831E-006
    -200.0   1.0174117658E-005
    -180.0   1.0165730844E-005
    -160.0   1.0470269948E-005
    -140.0   1.1645438048E-005
    -120.0   1.3433179379E-005
    -100.0   1.5738109070E-005
     -80.0   3.8447036223E-005
     -60.0   5.2276404090E-005
     -50.0   6.0784103645E-005
     -40.0   7.3815242789E-005
     -30.0   9.2895829370E-005
     -20.0   1.1041582572E-004
     -10.0   1.2797695153E-004
       0.0   1.2365682788E-004
      10.0   8.2710778462E-005
      20.0   5.4752579799E-005
      30.0   4.6597758820E-005
      40.0   3.8857059786E-005
      50.0   3.5347399222E-005
      60.0   3.3240772737E-005
      80.0   2.7904739273E-005
     100.0   1.4614882289E-005
     120.0   1.0981707786E-005
     140.0   1.0746976612E-005
     160.0   9.8238862340E-006
     180.0   9.7604376058E-006
     200.0   9.7796156956E-006
     220.0   8.6860186204E-006
     240.0   9.3963540991E-006
     260.0   9.5123972151E-006
     280.0   9.2843654878E-006
     300.0   9.1333669653E-006
     400.0   9.0973979959E-006
     500.0   9.1033533293E-006
    1000.0   9.1474167737E-006
