   -1000.0   2.6738381877E-006
    -500.0   2.6881974784E-006
    -400.0   2.6924789138E-006
    -300.0   2.6991477688E-006
    -280.0   2.7011286835E-006
    -260.0   2.7035086236E-006
    -240.0   2.7064465031E-006
    -220.0   2.7101937293E-006
    -200.0   2.7151791871E-006
    -180.0   2.7223429891E-006
    -160.0   2.7365875877E-006
    -140.0   2.7566182966E-006
    -120.0   2.7946679643E-006
    -100.0   2.8984537884E-006
     -80.0   3.8904673612E-006
     -60.0   9.4501642739E-006
     -50.0   1.0404659379E-005
     -40.0   1.0600273191E-005
     -30.0   1.1544347491E-005
     -20.0   1.3168869461E-005
     -10.0   1.4563495692E-005
       0.0   1.2290221620E-005
      10.0   1.5095071950E-005
      20.0   1.2509468706E-005
      30.0   1.0367151871E-005
      40.0   8.7587259739E-006
      50.0   7.2677111337E-006
      60.0   6.2437115895E-006
      80.0   4.3719342959E-006
     100.0   3.1386910947E-006
     120.0   2.7621004911E-006
     140.0   2.7160077502E-006
     160.0   2.7020288572E-006
     180.0   2.6807695066E-006
     200.0   2.6473682881E-006
     220.0   2.1365359945E-006
     240.0   1.8076010473E-006
     260.0   2.1439855282E-006
     280.0   2.3347902890E-006
     300.0   2.2041789310E-006
     400.0   2.7019571572E-006
     500.0   2.7095816968E-006
    1000.0   2.7218748173E-006
