   -1000.0   9.4832504146E-006
    -500.0   9.5247958858E-006
    -400.0   9.5394646415E-006
    -300.0   9.5649600321E-006
    -280.0   9.5730236013E-006
    -260.0   9.5829402971E-006
    -240.0   9.5954801918E-006
    -220.0   9.6118924373E-006
    -200.0   9.6343641716E-006
    -180.0   9.6672261736E-006
    -160.0   9.7214966745E-006
    -140.0   9.8845573859E-006
    -120.0   1.1735454494E-005
    -100.0   1.4039683481E-005
     -80.0   1.8166321994E-005
     -60.0   3.7857876071E-005
     -50.0   5.2765124767E-005
     -40.0   6.7876080320E-005
     -30.0   8.1698040546E-005
     -20.0   1.0803464563E-004
     -10.0   8.5584351907E-005
       0.0   6.0206775531E-005
      10.0   6.7035080291E-005
      20.0   7.3101724538E-005
      30.0   5.4742638607E-005
      40.0   4.5339496126E-005
      50.0   3.8674342590E-005
      60.0   3.1795236676E-005
      80.0   1.7362807302E-005
     100.0   1.4811848532E-005
     120.0   1.3240100827E-005
     140.0   1.2182902727E-005
     160.0   1.1578378429E-005
     180.0   1.1194113570E-005
     200.0   1.0871628275E-005
     220.0   1.0586884862E-005
     240.0   1.0078539516E-005
     260.0   9.7059222839E-006
     280.0   8.8420804654E-006
     300.0   8.8468401348E-006
     400.0   9.5865807291E-006
     500.0   9.5854419993E-006
    1000.0   9.6051129512E-006
