   -1000.0   1.2045950725E-005
    -500.0   1.2083106864E-005
    -400.0   1.2090551737E-005
    -300.0   1.2098012208E-005
    -280.0   1.2099508365E-005
    -260.0   1.2101007023E-005
    -240.0   1.2102509200E-005
    -220.0   1.2104016531E-005
    -200.0   1.2105531823E-005
    -180.0   1.2107060472E-005
    -160.0   1.2108615486E-005
    -140.0   1.2110268228E-005
    -120.0   1.2119408088E-005
    -100.0   1.2129876119E-005
     -80.0   1.2143445446E-005
     -60.0   1.2167497679E-005
     -50.0   1.2210719837E-005
     -40.0   1.2450865146E-005
     -30.0   1.2628973982E-005
     -20.0   1.2758033290E-005
     -10.0   1.2528234390E-005
       0.0   1.2476770836E-005
      10.0   1.2494261863E-005
      20.0   1.2543975256E-005
      30.0   1.2473535158E-005
      40.0   1.2338209025E-005
      50.0   1.2222870596E-005
      60.0   1.2176158199E-005
      80.0   1.2155405392E-005
     100.0   1.2144327170E-005
     120.0   1.2105659226E-005
     140.0   1.2026174162E-005
     160.0   1.2062645300E-005
     180.0   1.2088211099E-005
     200.0   1.2104894292E-005
     220.0   1.2113805742E-005
     240.0   1.2118625150E-005
     260.0   1.2020351633E-005
     280.0   1.1505056221E-005
     300.0   1.2121389531E-005
     400.0   1.2149625374E-005
     500.0   1.2157442511E-005
    1000.0   1.2194915917E-005
