   -1000.0   2.3353150213E-005
    -500.0   2.3420616268E-005
    -400.0   2.3434113777E-005
    -300.0   2.3447611048E-005
    -280.0   2.3450310270E-005
    -260.0   2.3453009340E-005
    -240.0   2.3455708207E-005
    -220.0   2.3458406810E-005
    -200.0   2.3461105069E-005
    -180.0   2.3463802879E-005
    -160.0   2.3466500105E-005
    -140.0   2.3469196562E-005
    -120.0   2.3471892010E-005
    -100.0   2.3474586147E-005
     -80.0   2.3477333403E-005
     -60.0   2.3480400829E-005
     -50.0   2.3482166996E-005
     -40.0   2.3483905271E-005
     -30.0   2.3485785539E-005
     -20.0   2.3487395297E-005
     -10.0   2.3490697466E-005
       0.0   2.3491128676E-005
      10.0   2.3490123088E-005
      20.0   2.3491619673E-005
      30.0   2.3493019747E-005
      40.0   2.3493634046E-005
      50.0   2.3483837216E-005
      60.0   2.3464714418E-005
      80.0   2.3139494727E-005
     100.0   2.2238838551E-005
     120.0   2.2167472644E-005
     140.0   2.2262971513E-005
     160.0   2.2089149560E-005
     180.0   2.2108995301E-005
     200.0   2.1407663125E-005
     220.0   2.2408547095E-005
     240.0   2.3517281679E-005
     260.0   2.3522255969E-005
     280.0   2.3525445857E-005
     300.0   2.3528349932E-005
     400.0   2.3542122874E-005
     500.0   2.3555690975E-005
    1000.0   2.3623358484E-005
