   -1000.0   9.4218579598E-006
    -500.0   9.5092133332E-006
    -400.0   9.5191331962E-006
    -300.0   9.5347211943E-006
    -280.0   9.5395422404E-006
    -260.0   9.5455350458E-006
    -240.0   9.5533229029E-006
    -220.0   9.5640845147E-006
    -200.0   9.5804816979E-006
    -180.0   9.6123456318E-006
    -160.0   9.7962818244E-006
    -140.0   1.0476021939E-005
    -120.0   1.4345043171E-005
    -100.0   1.7399377442E-005
     -80.0   2.0158299322E-005
     -60.0   2.4222767111E-005
     -50.0   2.6920038308E-005
     -40.0   2.9810527128E-005
     -30.0   3.2212086568E-005
     -20.0   3.2365915858E-005
     -10.0   3.2585970891E-005
       0.0   3.1528814255E-005
      10.0   2.7099266382E-005
      20.0   2.3193470952E-005
      30.0   1.9410577671E-005
      40.0   1.7662590971E-005
      50.0   1.6231177069E-005
      60.0   1.5416828934E-005
      80.0   1.4289284333E-005
     100.0   1.3945890512E-005
     120.0   1.2895877293E-005
     140.0   1.0738721516E-005
     160.0   6.6057168328E-006
     180.0   4.2749595423E-006
     200.0   3.9305543830E-006
     220.0   4.4818755620E-006
     240.0   5.2747361132E-006
     260.0   6.1002215774E-006
     280.0   6.9690117104E-006
     300.0   8.4980015410E-006
     400.0   9.5508089082E-006
     500.0   9.5636614094E-006
    1000.0   9.5947313229E-006
