   -1000.0   2.7973139113E-006
    -500.0   2.8097916248E-006
    -400.0   2.8123379522E-006
    -300.0   2.8149737345E-006
    -280.0   2.8155294019E-006
    -260.0   2.8161089304E-006
    -240.0   2.8167499015E-006
    -220.0   2.8181835080E-006
    -200.0   2.8199557084E-006
    -180.0   2.8255083924E-006
    -160.0   2.8268608650E-006
    -140.0   2.8290285047E-006
    -120.0   2.8576179109E-006
    -100.0   2.9420604341E-006
     -80.0   3.0786731734E-006
     -60.0   3.2632319427E-006
     -50.0   3.3437811473E-006
     -40.0   3.3530320307E-006
     -30.0   3.3626407664E-006
     -20.0   3.3592291794E-006
     -10.0   3.3499055345E-006
       0.0   3.2900106366E-006
      10.0   3.2116448291E-006
      20.0   3.0981421960E-006
      30.0   2.9419907317E-006
      40.0   7.0379799415E-007
      50.0   7.0494364883E-007
      60.0   2.4469315586E-006
      80.0   2.9566926512E-006
     100.0   2.9161566958E-006
     120.0   2.8786657636E-006
     140.0   2.8574722095E-006
     160.0   2.8407032799E-006
     180.0   2.8343417577E-006
     200.0   2.8292153143E-006
     220.0   2.8263422491E-006
     240.0   2.8256775272E-006
     260.0   2.8287407298E-006
     280.0   2.8293267173E-006
     300.0   2.8298320526E-006
     400.0   2.8322997745E-006
     500.0   2.8347872454E-006
    1000.0   2.8473696009E-006
