   -1000.0   1.1188988662E-005
    -500.0   1.1223998321E-005
    -400.0   1.1230993761E-005
    -300.0   1.1237995316E-005
    -280.0   1.1239397021E-005
    -260.0   1.1240799548E-005
    -240.0   1.1242203222E-005
    -220.0   1.1243608573E-005
    -200.0   1.1245016517E-005
    -180.0   1.1246428817E-005
    -160.0   1.1247849690E-005
    -140.0   1.1249983351E-005
    -120.0   1.1258702346E-005
    -100.0   1.1285873369E-005
     -80.0   1.1340031689E-005
     -60.0   1.1607092391E-005
     -50.0   1.2042106077E-005
     -40.0   1.2198777703E-005
     -30.0   1.2173292114E-005
     -20.0   1.2391805105E-005
     -10.0   1.2548662570E-005
       0.0   1.2338768849E-005
      10.0   1.2341141998E-005
      20.0   1.2164007358E-005
      30.0   1.2061611245E-005
      40.0   1.1948488386E-005
      50.0   1.1797232555E-005
      60.0   1.1589561624E-005
      80.0   1.1357550999E-005
     100.0   1.1278201642E-005
     120.0   1.1245872457E-005
     140.0   1.1230148070E-005
     160.0   1.1222592618E-005
     180.0   1.1238199862E-005
     200.0   1.1248341376E-005
     220.0   1.1252311040E-005
     240.0   1.1124965974E-005
     260.0   1.0856944435E-005
     280.0   9.7854240842E-006
     300.0   9.4161960520E-006
     400.0   1.1286624465E-005
     500.0   1.1293953131E-005
    1000.0   1.1329183153E-005
