   -1000.0   1.1166059605E-005
    -500.0   1.1200836298E-005
    -400.0   1.1207799127E-005
    -300.0   1.1214764420E-005
    -280.0   1.1216157764E-005
    -260.0   1.1217551200E-005
    -240.0   1.1218944725E-005
    -220.0   1.1220338338E-005
    -200.0   1.1221732036E-005
    -180.0   1.1223125816E-005
    -160.0   1.1224519673E-005
    -140.0   1.1225921922E-005
    -120.0   1.1227343133E-005
    -100.0   1.1228794774E-005
     -80.0   1.1230271441E-005
     -60.0   1.1232272598E-005
     -50.0   1.1233588386E-005
     -40.0   1.1234496254E-005
     -30.0   1.1235360350E-005
     -20.0   1.1237490183E-005
     -10.0   1.1240070000E-005
       0.0   1.1239028271E-005
      10.0   1.1238267212E-005
      20.0   1.1238619290E-005
      30.0   1.1239404736E-005
      40.0   1.1240323806E-005
      50.0   1.1241632276E-005
      60.0   1.1243104217E-005
      80.0   1.1243946043E-005
     100.0   1.1217532894E-005
     120.0   1.1212613113E-005
     140.0   1.1208542084E-005
     160.0   1.1205165947E-005
     180.0   1.1221132075E-005
     200.0   1.1229837103E-005
     220.0   1.1233738697E-005
     240.0   1.1115667961E-005
     260.0   1.1068710309E-005
     280.0   1.0035170375E-005
     300.0   9.5443916485E-006
     400.0   1.1263556998E-005
     500.0   1.1270574509E-005
    1000.0   1.1305557296E-005
