   -1000.0   8.2048319355E-006
    -500.0   8.2346256169E-006
    -400.0   8.2423950039E-006
    -300.0   8.2534984427E-006
    -280.0   8.2566838469E-006
    -260.0   8.2605089093E-006
    -240.0   8.2652891889E-006
    -220.0   8.2716103258E-006
    -200.0   8.2808160211E-006
    -180.0   8.2986371257E-006
    -160.0   8.4415711638E-006
    -140.0   8.6919219432E-006
    -120.0   9.1056855398E-006
    -100.0   9.7286683163E-006
     -80.0   1.3432675423E-005
     -60.0   2.1888156561E-005
     -50.0   2.6231551846E-005
     -40.0   3.0134728802E-005
     -30.0   2.9505788481E-005
     -20.0   2.8742392710E-005
     -10.0   3.4939034924E-005
       0.0   3.0314962013E-005
      10.0   2.5558645210E-005
      20.0   2.4440944241E-005
      30.0   2.1867982970E-005
      40.0   1.9928777427E-005
      50.0   1.8258003694E-005
      60.0   1.6496785352E-005
      80.0   1.2508682217E-005
     100.0   9.8320662362E-006
     120.0   9.3942278398E-006
     140.0   9.0497401772E-006
     160.0   8.8342945245E-006
     180.0   8.6312397517E-006
     200.0   6.9083151579E-006
     220.0   5.3303340506E-006
     240.0   4.3658385216E-006
     260.0   4.5876435988E-006
     280.0   5.0687039258E-006
     300.0   5.6911797209E-006
     400.0   8.2591347636E-006
     500.0   8.2810411645E-006
    1000.0   8.3121474090E-006
