   -1000.0   1.4574402907E-005
    -500.0   1.4618249928E-005
    -400.0   1.4627019611E-005
    -300.0   1.4635791205E-005
    -280.0   1.4637545758E-005
    -260.0   1.4639300412E-005
    -240.0   1.4641055196E-005
    -220.0   1.4642810175E-005
    -200.0   1.4644565501E-005
    -180.0   1.4646321541E-005
    -160.0   1.4648079452E-005
    -140.0   1.4649845385E-005
    -120.0   1.4670404966E-005
    -100.0   1.4712043866E-005
     -80.0   1.4756180587E-005
     -60.0   1.4786345783E-005
     -50.0   1.4826087319E-005
     -40.0   1.4816483811E-005
     -30.0   1.4904362231E-005
     -20.0   1.4885546050E-005
     -10.0   1.4875890567E-005
       0.0   1.4787836088E-005
      10.0   1.4799297819E-005
      20.0   1.4767148829E-005
      30.0   1.4568842662E-005
      40.0   1.4550564843E-005
      50.0   1.4388102546E-005
      60.0   1.4534990536E-005
      80.0   1.4362630234E-005
     100.0   1.4112208878E-005
     120.0   1.4102861685E-005
     140.0   1.3792852906E-005
     160.0   1.3729084297E-005
     180.0   1.3785069151E-005
     200.0   1.3377442716E-005
     220.0   1.2243911539E-005
     240.0   1.2746233434E-005
     260.0   1.4683612947E-005
     280.0   1.4686290917E-005
     300.0   1.4688253608E-005
     400.0   1.4697228918E-005
     500.0   1.4706048066E-005
    1000.0   1.4750064221E-005
