   -1000.0   6.7259287276E-006
    -500.0   6.7516671505E-006
    -400.0   6.7583851700E-006
    -300.0   6.7676160377E-006
    -280.0   6.7701159010E-006
    -260.0   6.7730034486E-006
    -240.0   6.7764181833E-006
    -220.0   6.7805709069E-006
    -200.0   6.7857981276E-006
    -180.0   6.7926968756E-006
    -160.0   6.8028020544E-006
    -140.0   6.8262079635E-006
    -120.0   6.8568393839E-006
    -100.0   6.8953095193E-006
     -80.0   6.9594193669E-006
     -60.0   7.0941797798E-006
     -50.0   7.2135390884E-006
     -40.0   7.4548785812E-006
     -30.0   7.6833493025E-006
     -20.0   7.5927240107E-006
     -10.0   7.4827581305E-006
       0.0   9.9149342160E-006
      10.0   9.3528585539E-006
      20.0   8.3299449505E-006
      30.0   7.7549030424E-006
      40.0   7.3904567737E-006
      50.0   7.1570545455E-006
      60.0   7.0478350157E-006
      80.0   6.9410256054E-006
     100.0   6.8864639122E-006
     120.0   6.8429378898E-006
     140.0   6.7554704382E-006
     160.0   6.7066108449E-006
     180.0   6.7296392039E-006
     200.0   6.7465245310E-006
     220.0   6.7595023128E-006
     240.0   6.7695482637E-006
     260.0   6.7782923004E-006
     280.0   6.7832648788E-006
     300.0   6.7876780358E-006
     400.0   6.7945041947E-006
     500.0   6.7974469309E-006
    1000.0   6.8180772179E-006
