   -1000.0   7.5037985097E-006
    -500.0   7.5482648986E-006
    -400.0   7.5594245530E-006
    -300.0   7.5753136461E-006
    -280.0   7.5800524234E-006
    -260.0   7.5861200438E-006
    -240.0   7.5950676513E-006
    -220.0   7.6174023852E-006
    -200.0   8.2396819676E-006
    -180.0   9.1403415226E-006
    -160.0   9.5221025307E-006
    -140.0   1.0761722749E-005
    -120.0   1.1837086787E-005
    -100.0   1.4936294225E-005
     -80.0   3.7004889214E-005
     -60.0   4.5770786568E-005
     -50.0   5.2492793171E-005
     -40.0   6.6224883631E-005
     -30.0   8.4671128573E-005
     -20.0   1.0563081655E-004
     -10.0   1.4296483181E-004
       0.0   1.5013662845E-004
      10.0   8.9634813591E-005
      20.0   5.0990771993E-005
      30.0   4.3032343784E-005
      40.0   3.7689568816E-005
      50.0   3.3383700208E-005
      60.0   3.1828944407E-005
      80.0   2.8184770348E-005
     100.0   1.4210228790E-005
     120.0   1.0216813730E-005
     140.0   1.0030491642E-005
     160.0   9.0993245183E-006
     180.0   9.2506104737E-006
     200.0   8.6069650183E-006
     220.0   8.0565717759E-006
     240.0   8.4063822528E-006
     260.0   8.3595504005E-006
     280.0   8.0294067067E-006
     300.0   7.7037961327E-006
     400.0   7.6239102715E-006
     500.0   7.6285090545E-006
    1000.0   7.6645647294E-006
