   -1000.0   2.7977235720E-006
    -500.0   2.8101177563E-006
    -400.0   2.8126012082E-006
    -300.0   2.8150831172E-006
    -280.0   2.8155790818E-006
    -260.0   2.8160750110E-006
    -240.0   2.8165718549E-006
    -220.0   2.8171189457E-006
    -200.0   2.8176182133E-006
    -180.0   2.8182725545E-006
    -160.0   2.8187736231E-006
    -140.0   2.8191959598E-006
    -120.0   2.8201154647E-006
    -100.0   2.8209946012E-006
     -80.0   2.8217266927E-006
     -60.0   2.8227966841E-006
     -50.0   2.8235848622E-006
     -40.0   2.8246305825E-006
     -30.0   2.8263516712E-006
     -20.0   2.8309539559E-006
     -10.0   2.8438819102E-006
       0.0   2.7985565561E-006
      10.0   2.6654783669E-006
      20.0   2.6695634044E-006
      30.0   2.6361714909E-006
      40.0   3.9214217482E-007
      50.0   4.4456138240E-007
      60.0   2.2772383642E-006
      80.0   2.8184730402E-006
     100.0   2.8232301094E-006
     120.0   2.8248547801E-006
     140.0   2.8256310637E-006
     160.0   2.8263187189E-006
     180.0   2.8259604109E-006
     200.0   2.8263482198E-006
     220.0   2.8251231249E-006
     240.0   2.8255351958E-006
     260.0   2.8288642237E-006
     280.0   2.8294775888E-006
     300.0   2.8300190736E-006
     400.0   2.8325966078E-006
     500.0   2.8351335706E-006
    1000.0   2.8477833583E-006
