   -1000.0   8.4198186296E-006
    -500.0   9.2194943016E-006
    -400.0   9.8177465990E-006
    -300.0   1.1144571412E-005
    -280.0   1.1605295211E-005
    -260.0   1.2185279369E-005
    -240.0   1.2930710295E-005
    -220.0   1.3913245221E-005
    -200.0   1.5249734796E-005
    -180.0   1.7143732963E-005
    -160.0   1.9985239105E-005
    -140.0   2.4651786741E-005
    -120.0   3.4055631582E-005
    -100.0   8.4392766103E-005
     -80.0   1.7412146397E-004
     -60.0   3.5814992123E-004
     -50.0   7.5741561318E-004
     -40.0   1.2240165677E-003
     -30.0   1.6630145258E-003
     -20.0   1.7014170590E-003
     -10.0   1.2439555380E-003
       0.0   7.4058753847E-004
      10.0   7.9715339222E-004
      20.0   1.1832513434E-003
      30.0   1.2947021704E-003
      40.0   9.9201401543E-004
      50.0   6.5936117882E-004
      60.0   3.0843496922E-004
      80.0   1.5752313664E-004
     100.0   1.0493105479E-004
     120.0   8.3974598174E-005
     140.0   6.2834193493E-005
     160.0   4.8883043009E-005
     180.0   3.7933472563E-005
     200.0   3.1190044889E-005
     220.0   2.3144594345E-005
     240.0   1.8167005735E-005
     260.0   1.3887989915E-005
     280.0   1.2194563363E-005
     300.0   1.1465457187E-005
     400.0   9.9002778468E-006
     500.0   9.2855157988E-006
    1000.0   8.5332291755E-006
