   -1000.0   4.8399175712E-006
    -500.0   4.8578090281E-006
    -400.0   4.8613908553E-006
    -300.0   4.8649699860E-006
    -280.0   4.8656850031E-006
    -260.0   4.8663995696E-006
    -240.0   4.8671135716E-006
    -220.0   4.8678287155E-006
    -200.0   4.8685519815E-006
    -180.0   4.8692715028E-006
    -160.0   4.8700102283E-006
    -140.0   4.8707394360E-006
    -120.0   4.8715530220E-006
    -100.0   4.8723526303E-006
     -80.0   4.8744045599E-006
     -60.0   4.8766450365E-006
     -50.0   4.8777719736E-006
     -40.0   4.8790569097E-006
     -30.0   4.8801786074E-006
     -20.0   4.8809560496E-006
     -10.0   4.8815620894E-006
       0.0   4.8828413939E-006
      10.0   4.8805967289E-006
      20.0   4.8723945189E-006
      30.0   4.8199250405E-006
      40.0   4.8070480049E-006
      50.0   4.7933959218E-006
      60.0   4.7808027522E-006
      80.0   4.7663600771E-006
     100.0   9.5870174297E-007
     120.0   1.1012746986E-006
     140.0   3.4041940773E-006
     160.0   3.6381903461E-006
     180.0   3.9006659286E-006
     200.0   3.6947571383E-006
     220.0   3.3091103199E-006
     240.0   4.8003125457E-006
     260.0   4.8726106697E-006
     280.0   4.8801923860E-006
     300.0   4.8856878975E-006
     400.0   4.8900372998E-006
     500.0   4.8937650130E-006
    1000.0   4.9119648474E-006
