   -1000.0   1.8095961990E-005
    -500.0   1.8977480971E-005
    -400.0   1.9598129608E-005
    -300.0   2.0962551446E-005
    -280.0   2.1436441497E-005
    -260.0   2.2034284664E-005
    -240.0   2.2805749386E-005
    -220.0   2.3829906715E-005
    -200.0   2.5241714409E-005
    -180.0   2.7299146219E-005
    -160.0   3.0630772922E-005
    -140.0   3.9692452292E-005
    -120.0   7.1310633041E-005
    -100.0   1.2418955431E-004
     -80.0   2.2559261995E-004
     -60.0   7.6838337031E-004
     -50.0   1.1493182492E-003
     -40.0   1.4255777281E-003
     -30.0   1.7796334495E-003
     -20.0   2.3383280465E-003
     -10.0   2.3474029906E-003
       0.0   1.5531869956E-003
      10.0   1.8302052089E-003
      20.0   1.8484246982E-003
      30.0   1.3107258991E-003
      40.0   1.0232371013E-003
      50.0   8.6236832572E-004
      60.0   6.4648053625E-004
      80.0   2.0101056214E-004
     100.0   1.3482790212E-004
     120.0   9.9390231993E-005
     140.0   7.7523315432E-005
     160.0   6.2187247741E-005
     180.0   5.1554562552E-005
     200.0   4.2736004534E-005
     220.0   3.6483806500E-005
     240.0   3.1588206270E-005
     260.0   2.7530945362E-005
     280.0   2.5266854251E-005
     300.0   2.2163228682E-005
     400.0   1.9808914939E-005
     500.0   1.9192456318E-005
    1000.0   1.8504836295E-005
