   -1000.0   7.7749094604E-006
    -500.0   7.9272690193E-006
    -400.0   8.0299947253E-006
    -300.0   8.2488091484E-006
    -280.0   8.3225604637E-006
    -260.0   8.4139228341E-006
    -240.0   8.5290425952E-006
    -220.0   8.6770967916E-006
    -200.0   8.8726987999E-006
    -180.0   9.1396888657E-006
    -160.0   9.5162029966E-006
    -140.0   1.0059234456E-005
    -120.0   1.0889763311E-005
    -100.0   1.1884377156E-005
     -80.0   1.3608727603E-005
     -60.0   1.5750996486E-005
     -50.0   1.7244878213E-005
     -40.0   1.8451219607E-005
     -30.0   1.9267920004E-005
     -20.0   2.5804720801E-005
     -10.0   1.5283789197E-005
       0.0   2.8850151757E-005
      10.0   3.7268813861E-005
      20.0   3.1067932356E-005
      30.0   2.6160038488E-005
      40.0   2.2474811328E-005
      50.0   1.9279424504E-005
      60.0   1.6655987173E-005
      80.0   1.3152729389E-005
     100.0   1.1323888481E-005
     120.0   1.0018605151E-005
     140.0   8.9177563058E-006
     160.0   7.5233999134E-006
     180.0   5.7102680115E-006
     200.0   4.9878521701E-006
     220.0   4.7391896686E-006
     240.0   4.6087737306E-006
     260.0   4.5456228941E-006
     280.0   4.6207553352E-006
     300.0   4.8950521134E-006
     400.0   7.5422421692E-006
     500.0   7.8196759536E-006
    1000.0   7.8658336115E-006
