   -1000.0   2.9334967723E-006
    -500.0   3.0444453554E-006
    -400.0   3.1243687385E-006
    -300.0   3.3089655876E-006
    -280.0   3.3773058173E-006
    -260.0   3.4683737205E-006
    -240.0   3.5982760603E-006
    -220.0   3.8157996910E-006
    -200.0   4.4866966745E-006
    -180.0   5.5733425298E-006
    -160.0   7.6315889332E-006
    -140.0   1.1774359821E-005
    -120.0   1.5591254726E-005
    -100.0   5.4190407975E-005
     -80.0   7.3613325655E-005
     -60.0   9.7026568046E-005
     -50.0   1.2042980504E-004
     -40.0   1.4955814132E-004
     -30.0   1.9690409161E-004
     -20.0   2.6280452212E-004
     -10.0   3.7538974024E-004
       0.0   3.8493825982E-004
      10.0   2.6218994232E-004
      20.0   1.5230819324E-004
      30.0   1.0435434969E-004
      40.0   7.9156601538E-005
      50.0   7.0666739573E-005
      60.0   5.9944860368E-005
      80.0   5.2075677974E-005
     100.0   4.2178019524E-005
     120.0   1.7527286469E-005
     140.0   1.2560159327E-005
     160.0   9.6270984378E-006
     180.0   7.5326316734E-006
     200.0   6.4329045874E-006
     220.0   5.6591662939E-006
     240.0   5.4618339433E-006
     260.0   5.0381350494E-006
     280.0   3.7447815101E-006
     300.0   3.6355727284E-006
     400.0   3.1467690668E-006
     500.0   3.0694669297E-006
    1000.0   2.9862172336E-006
