   -1000.0   2.5562162496E-006
    -500.0   2.5687970734E-006
    -400.0   2.5712939299E-006
    -300.0   2.5738674103E-006
    -280.0   2.5744129478E-006
    -260.0   2.5749970659E-006
    -240.0   2.5757800631E-006
    -220.0   2.5925689590E-006
    -200.0   2.6495369791E-006
    -180.0   2.6793878130E-006
    -160.0   2.6378439813E-006
    -140.0   2.6879656142E-006
    -120.0   3.1740896095E-006
    -100.0   3.3941044101E-006
     -80.0   3.7867218759E-006
     -60.0   4.0812606897E-006
     -50.0   4.4308326921E-006
     -40.0   4.6415764682E-006
     -30.0   4.8447093071E-006
     -20.0   5.3365016031E-006
     -10.0   5.8038917798E-006
       0.0   5.8415588075E-006
      10.0   5.0460689456E-006
      20.0   4.2561782966E-006
      30.0   3.8623053342E-006
      40.0   3.6174356157E-006
      50.0   1.5005415472E-006
      60.0   1.7844679358E-006
      80.0   3.1319674667E-006
     100.0   2.9414792487E-006
     120.0   3.0009287277E-006
     140.0   2.8807159593E-006
     160.0   2.8919648003E-006
     180.0   2.7519281368E-006
     200.0   2.6771451955E-006
     220.0   2.6387805265E-006
     240.0   2.6061444871E-006
     260.0   2.5879410257E-006
     280.0   2.5882627924E-006
     300.0   2.5886896399E-006
     400.0   2.5910467676E-006
     500.0   2.5934885397E-006
    1000.0   2.6059028554E-006
