   -1000.0   6.7543456449E-006
    -500.0   7.0600058623E-006
    -400.0   7.2782435164E-006
    -300.0   7.7456408013E-006
    -280.0   7.9033377462E-006
    -260.0   8.0988715622E-006
    -240.0   8.3460299511E-006
    -220.0   8.6634829693E-006
    -200.0   9.0870451654E-006
    -180.0   9.6523037165E-006
    -160.0   1.0430944928E-005
    -140.0   1.1556038751E-005
    -120.0   1.3110896084E-005
    -100.0   1.5179648593E-005
     -80.0   1.8590669690E-005
     -60.0   2.4191793061E-005
     -50.0   2.7177028840E-005
     -40.0   2.9202140197E-005
     -30.0   3.1147959929E-005
     -20.0   4.0524778040E-005
     -10.0   2.8134051769E-005
       0.0   2.8880686628E-005
      10.0   5.3020957032E-005
      20.0   5.1591810488E-005
      30.0   4.0368506729E-005
      40.0   3.4422520632E-005
      50.0   2.9405826817E-005
      60.0   2.4980850742E-005
      80.0   1.7733007774E-005
     100.0   1.0295966856E-005
     120.0   6.9362016598E-006
     140.0   5.1004050454E-006
     160.0   6.1168200663E-006
     180.0   6.5961827344E-006
     200.0   6.1263321191E-006
     220.0   5.5429136873E-006
     240.0   5.2920304253E-006
     260.0   5.5434315242E-006
     280.0   6.0357551108E-006
     300.0   6.5006704473E-006
     400.0   7.1293880594E-006
     500.0   7.0343560856E-006
    1000.0   6.8389243718E-006
