   -1000.0   2.2980703967E-005
    -500.0   2.3053302443E-005
    -400.0   2.3069801784E-005
    -300.0   2.3090162658E-005
    -280.0   2.3095350050E-005
    -260.0   2.3101266273E-005
    -240.0   2.3108244743E-005
    -220.0   2.3116845581E-005
    -200.0   2.3128086355E-005
    -180.0   2.3144039897E-005
    -160.0   2.3169879550E-005
    -140.0   2.3277649777E-005
    -120.0   2.3735002884E-005
    -100.0   2.7393054138E-005
     -80.0   3.5689740552E-005
     -60.0   4.2331821822E-005
     -50.0   4.4111126514E-005
     -40.0   4.4087195048E-005
     -30.0   4.3524738719E-005
     -20.0   4.2017590277E-005
     -10.0   4.7287424018E-005
       0.0   4.4010820879E-005
      10.0   3.9538901467E-005
      20.0   3.8467998467E-005
      30.0   3.7340007255E-005
      40.0   3.4743868836E-005
      50.0   3.2893885194E-005
      60.0   3.1151983048E-005
      80.0   2.8010492507E-005
     100.0   2.5112550817E-005
     120.0   2.3023320104E-005
     140.0   2.2138917951E-005
     160.0   2.1812071201E-005
     180.0   2.1698130030E-005
     200.0   1.9191611514E-005
     220.0   1.6294567280E-005
     240.0   1.5886238098E-005
     260.0   1.6112325368E-005
     280.0   1.8773744768E-005
     300.0   2.1682328467E-005
     400.0   2.3162072897E-005
     500.0   2.3184957014E-005
    1000.0   2.3256423224E-005
