   -1000.0   3.0950603993E-005
    -500.0   3.0999970690E-005
    -400.0   3.1016805810E-005
    -300.0   3.1053794998E-005
    -280.0   3.1068436835E-005
    -260.0   3.1089503545E-005
    -240.0   3.1137624515E-005
    -220.0   3.1216447769E-005
    -200.0   3.1566738499E-005
    -180.0   3.3085313538E-005
    -160.0   3.4797662680E-005
    -140.0   3.6030951618E-005
    -120.0   3.7086586455E-005
    -100.0   3.8649903258E-005
     -80.0   4.0911429549E-005
     -60.0   4.3776221190E-005
     -50.0   4.5336067837E-005
     -40.0   4.7082748375E-005
     -30.0   4.8569264426E-005
     -20.0   4.9500762865E-005
     -10.0   4.2597710707E-005
       0.0   3.6215749393E-005
      10.0   3.6688165625E-005
      20.0   3.7414440447E-005
      30.0   3.6295631722E-005
      40.0   3.5006197359E-005
      50.0   3.4243275312E-005
      60.0   3.3489820114E-005
      80.0   3.0323768322E-005
     100.0   2.9717280567E-005
     120.0   2.9220642220E-005
     140.0   3.0250287353E-005
     160.0   3.0833955491E-005
     180.0   3.0610972423E-005
     200.0   3.0608837850E-005
     220.0   3.0214753287E-005
     240.0   3.0199099986E-005
     260.0   3.0268769376E-005
     280.0   3.0520661726E-005
     300.0   3.0822120513E-005
     400.0   3.1045703115E-005
     500.0   3.1047070254E-005
    1000.0   3.1066130737E-005
