   -1000.0   3.4413898114E-005
    -500.0   3.4437188008E-005
    -400.0   3.4441816578E-005
    -300.0   3.4446437353E-005
    -280.0   3.4447360571E-005
    -260.0   3.4448283478E-005
    -240.0   3.4449206072E-005
    -220.0   3.4450128355E-005
    -200.0   3.4451050411E-005
    -180.0   3.4451972340E-005
    -160.0   3.4452894200E-005
    -140.0   3.4453816213E-005
    -120.0   3.4454738538E-005
    -100.0   3.4455661888E-005
     -80.0   3.4456603004E-005
     -60.0   3.4457559704E-005
     -50.0   3.4458026989E-005
     -40.0   3.4458491887E-005
     -30.0   3.4458954287E-005
     -20.0   3.4459419028E-005
     -10.0   3.4459891033E-005
       0.0   3.4460355946E-005
      10.0   3.4460803869E-005
      20.0   3.4461241603E-005
      30.0   3.4461683152E-005
      40.0   3.4462131723E-005
      50.0   3.4462584483E-005
      60.0   3.4463037671E-005
      80.0   3.4463934859E-005
     100.0   3.4464839475E-005
     120.0   3.4465755051E-005
     140.0   3.4466672483E-005
     160.0   3.4467590195E-005
     180.0   3.4468507257E-005
     200.0   3.4469423096E-005
     220.0   3.4470338864E-005
     240.0   3.4471254175E-005
     260.0   3.4472169086E-005
     280.0   3.4473083572E-005
     300.0   3.4473997709E-005
     400.0   3.4478563658E-005
     500.0   3.4483121713E-005
    1000.0   3.4505793521E-005
