   -1000.0   3.9866161101E-005
    -500.0   3.9890951593E-005
    -400.0   3.9897857512E-005
    -300.0   3.9912291271E-005
    -280.0   3.9917423464E-005
    -260.0   3.9924076597E-005
    -240.0   3.9933019165E-005
    -220.0   3.9945633078E-005
    -200.0   3.9964771461E-005
    -180.0   4.0007315743E-005
    -160.0   4.0336108601E-005
    -140.0   4.1148356421E-005
    -120.0   4.6438061189E-005
    -100.0   5.6722577154E-005
     -80.0   6.7221700834E-005
     -60.0   7.6598748893E-005
     -50.0   8.0740417711E-005
     -40.0   8.7808895460E-005
     -30.0   9.9569324915E-005
     -20.0   1.0271585728E-004
     -10.0   9.9539406338E-005
       0.0   9.1295535063E-005
      10.0   8.1469156302E-005
      20.0   7.8946132420E-005
      30.0   7.5415425790E-005
      40.0   6.6621134983E-005
      50.0   6.0748214027E-005
      60.0   5.6196522057E-005
      80.0   4.9435952913E-005
     100.0   4.4280870992E-005
     120.0   3.9666260543E-005
     140.0   3.6352259748E-005
     160.0   3.5898728373E-005
     180.0   3.6183845069E-005
     200.0   3.6872272962E-005
     220.0   3.7317553142E-005
     240.0   3.5811203190E-005
     260.0   3.4677727555E-005
     280.0   3.4429802437E-005
     300.0   3.5097506284E-005
     400.0   3.9859688622E-005
     500.0   3.9894420431E-005
    1000.0   3.9909524104E-005
