   -1000.0   3.2872462696E-005
    -500.0   3.2898632517E-005
    -400.0   3.2903731913E-005
    -300.0   3.2908857072E-005
    -280.0   3.2909891711E-005
    -260.0   3.2910933472E-005
    -240.0   3.2911986469E-005
    -220.0   3.2913058722E-005
    -200.0   3.2914189270E-005
    -180.0   3.2921563979E-005
    -160.0   3.2977210031E-005
    -140.0   3.3113996410E-005
    -120.0   3.3354155904E-005
    -100.0   3.3646343240E-005
     -80.0   3.4062200308E-005
     -60.0   3.5790936292E-005
     -50.0   3.7112555412E-005
     -40.0   3.8158633765E-005
     -30.0   3.9395476144E-005
     -20.0   4.0693064729E-005
     -10.0   4.0443780544E-005
       0.0   4.0097809015E-005
      10.0   3.9473317405E-005
      20.0   3.9818897126E-005
      30.0   3.9679475342E-005
      40.0   3.9093483385E-005
      50.0   3.7877552652E-005
      60.0   3.6888722524E-005
      80.0   3.5353569632E-005
     100.0   3.3225615409E-005
     120.0   2.8913866239E-005
     140.0   2.6748502564E-005
     160.0   2.6729906539E-005
     180.0   2.7249231776E-005
     200.0   2.8947878981E-005
     220.0   3.0588804519E-005
     240.0   3.1621879747E-005
     260.0   3.2232191735E-005
     280.0   3.2574007350E-005
     300.0   3.2762685401E-005
     400.0   3.2943836987E-005
     500.0   3.2948988203E-005
    1000.0   3.2974018426E-005
