   -1000.0   3.0955489879E-005
    -500.0   3.0983430808E-005
    -400.0   3.0988957456E-005
    -300.0   3.0994481434E-005
    -280.0   3.0995586960E-005
    -260.0   3.0996693357E-005
    -240.0   3.0997801240E-005
    -220.0   3.0998911708E-005
    -200.0   3.1000055321E-005
    -180.0   3.1001490208E-005
    -160.0   3.1003398956E-005
    -140.0   3.1006855440E-005
    -120.0   3.1016385713E-005
    -100.0   3.1118569680E-005
     -80.0   3.1747964974E-005
     -60.0   3.2188486258E-005
     -50.0   3.2283592562E-005
     -40.0   3.2420122805E-005
     -30.0   3.2521935288E-005
     -20.0   3.2514149520E-005
     -10.0   3.2375599034E-005
       0.0   3.2270539369E-005
      10.0   3.2608063242E-005
      20.0   3.2786614861E-005
      30.0   3.3028994919E-005
      40.0   3.2971426506E-005
      50.0   3.2474776086E-005
      60.0   3.0804810949E-005
      80.0   2.6429717928E-005
     100.0   2.5594452620E-005
     120.0   2.6641435773E-005
     140.0   2.8130256899E-005
     160.0   2.9346238555E-005
     180.0   3.0134139987E-005
     200.0   3.0568094297E-005
     220.0   3.0807571660E-005
     240.0   3.0757134515E-005
     260.0   3.0889819631E-005
     280.0   3.0940504619E-005
     300.0   3.1007167285E-005
     400.0   3.1032849726E-005
     500.0   3.1038333472E-005
    1000.0   3.1065540233E-005
