   -1000.0   3.3930042040E-005
    -500.0   3.3967822449E-005
    -400.0   3.3979997825E-005
    -300.0   3.4001514357E-005
    -280.0   3.4008349461E-005
    -260.0   3.4016746561E-005
    -240.0   3.4027327693E-005
    -220.0   3.4041071154E-005
    -200.0   3.4059601221E-005
    -180.0   3.4086829254E-005
    -160.0   3.4137925030E-005
    -140.0   3.4227384935E-005
    -120.0   3.4977757672E-005
    -100.0   3.7156383182E-005
     -80.0   4.6248282556E-005
     -60.0   8.5962632754E-005
     -50.0   1.0741537656E-004
     -40.0   1.2444310495E-004
     -30.0   1.2608008542E-004
     -20.0   1.2712879607E-004
     -10.0   1.2165954089E-004
       0.0   1.1774298240E-004
      10.0   1.2265507598E-004
      20.0   1.2777233470E-004
      30.0   1.1803294772E-004
      40.0   1.0433164982E-004
      50.0   8.7111005108E-005
      60.0   7.3048091268E-005
      80.0   4.7204695618E-005
     100.0   3.5925861506E-005
     120.0   3.0653513514E-005
     140.0   2.8358691947E-005
     160.0   2.8510459182E-005
     180.0   2.8707173296E-005
     200.0   3.0140538132E-005
     220.0   3.1337230912E-005
     240.0   3.2112074020E-005
     260.0   3.2677406106E-005
     280.0   3.3085494587E-005
     300.0   3.3358682480E-005
     400.0   3.4015043277E-005
     500.0   3.4013610892E-005
    1000.0   3.4027421458E-005
