   -1000.0   8.3130075777E-004
    -500.0   8.7681146499E-004
    -400.0   9.0897744429E-004
    -300.0   9.6847796637E-004
    -280.0   9.8761921731E-004
    -260.0   1.0111134472E-003
    -240.0   1.0333186062E-003
    -220.0   1.0599886989E-003
    -200.0   1.0691433601E-003
    -180.0   1.0904126262E-003
    -160.0   1.1288375978E-003
    -140.0   1.1953931599E-003
    -120.0   1.2766987980E-003
    -100.0   1.3241771229E-003
     -80.0   1.3515660368E-003
     -60.0   1.3787480875E-003
     -50.0   1.3831529903E-003
     -40.0   1.3886877793E-003
     -30.0   1.3891186303E-003
     -20.0   1.3795604369E-003
     -10.0   1.3525061149E-003
       0.0   1.3210492680E-003
      10.0   1.2961576734E-003
      20.0   1.2368379745E-003
      30.0   1.1749441984E-003
      40.0   1.1253336508E-003
      50.0   1.1424730038E-003
      60.0   1.2070221464E-003
      80.0   1.2765666759E-003
     100.0   1.3403685050E-003
     120.0   1.3337468355E-003
     140.0   1.2895520646E-003
     160.0   1.2370329822E-003
     180.0   1.1791861049E-003
     200.0   1.1239053468E-003
     220.0   1.0819500796E-003
     240.0   1.0449327811E-003
     260.0   1.0139981662E-003
     280.0   9.9107148758E-004
     300.0   9.7159090496E-004
     400.0   9.0982831259E-004
     500.0   8.7896054748E-004
    1000.0   8.3827615824E-004
