   -1000.0   3.7511361955E-005
    -500.0   3.7555256852E-005
    -400.0   3.7570406827E-005
    -300.0   3.7601499810E-005
    -280.0   3.7612476988E-005
    -260.0   3.7626754521E-005
    -240.0   3.7646185684E-005
    -220.0   3.7674537260E-005
    -200.0   3.7721667438E-005
    -180.0   3.7971583313E-005
    -160.0   4.1018377760E-005
    -140.0   4.5989922767E-005
    -120.0   5.1429700595E-005
    -100.0   5.6298258551E-005
     -80.0   6.3391108552E-005
     -60.0   1.1907954764E-004
     -50.0   1.8971968608E-004
     -40.0   2.7779576432E-004
     -30.0   3.2073862077E-004
     -20.0   3.2888405555E-004
     -10.0   3.0562759357E-004
       0.0   2.3053032461E-004
      10.0   2.0969212638E-004
      20.0   2.2950146335E-004
      30.0   2.3057331808E-004
      40.0   2.0550183586E-004
      50.0   1.4911064892E-004
      60.0   1.0410931069E-004
      80.0   6.5494531158E-005
     100.0   5.7762941326E-005
     120.0   5.2534455654E-005
     140.0   4.3268893949E-005
     160.0   3.6144206281E-005
     180.0   3.1473738244E-005
     200.0   3.2992991917E-005
     220.0   3.4402327375E-005
     240.0   3.5426728324E-005
     260.0   3.6095428435E-005
     280.0   3.6570087021E-005
     300.0   3.6913794251E-005
     400.0   3.7586794117E-005
     500.0   3.7586932954E-005
    1000.0   3.7594480604E-005
