   -1000.0   5.0679755275E-005
    -500.0   5.0666181742E-005
    -400.0   5.0663429619E-005
    -300.0   5.0660667812E-005
    -280.0   5.0660114288E-005
    -260.0   5.0659560377E-005
    -240.0   5.0659006113E-005
    -220.0   5.0658455551E-005
    -200.0   5.0657925090E-005
    -180.0   5.0657397541E-005
    -160.0   5.0656880584E-005
    -140.0   5.0656352873E-005
    -120.0   5.0655846600E-005
    -100.0   5.0655320898E-005
     -80.0   5.0654799493E-005
     -60.0   5.0654270092E-005
     -50.0   5.0654003225E-005
     -40.0   5.0653731474E-005
     -30.0   5.0653455117E-005
     -20.0   5.0653186695E-005
     -10.0   5.0663034085E-005
       0.0   5.0652539855E-005
      10.0   5.0652072481E-005
      20.0   5.0651473555E-005
      30.0   5.0651564155E-005
      40.0   5.0649991369E-005
      50.0   5.0649273555E-005
      60.0   5.0634991089E-005
      80.0   5.0646354116E-005
     100.0   5.0641362572E-005
     120.0   5.0640106454E-005
     140.0   5.0641839330E-005
     160.0   5.0642727486E-005
     180.0   5.0642866782E-005
     200.0   5.0642929566E-005
     220.0   5.0643273634E-005
     240.0   5.0643191690E-005
     260.0   5.0643209854E-005
     280.0   5.0643309033E-005
     300.0   5.0643486317E-005
     400.0   5.0641063424E-005
     500.0   5.0638223937E-005
    1000.0   5.0623879975E-005
