   -1000.0   4.7187592374E-005
    -500.0   4.7254757156E-005
    -400.0   4.7267648225E-005
    -300.0   4.7280537367E-005
    -280.0   4.7283116440E-005
    -260.0   4.7285696836E-005
    -240.0   4.7288279546E-005
    -220.0   4.7290866629E-005
    -200.0   4.7293463810E-005
    -180.0   4.7296111255E-005
    -160.0   4.7353770853E-005
    -140.0   4.7350607224E-005
    -120.0   4.7432053657E-005
    -100.0   4.7450888268E-005
     -80.0   4.7538324243E-005
     -60.0   4.7616727168E-005
     -50.0   4.9288671811E-005
     -40.0   4.9917477926E-005
     -30.0   5.1375792616E-005
     -20.0   5.0063010029E-005
     -10.0   4.9625715659E-005
       0.0   4.9076056980E-005
      10.0   4.9012820277E-005
      20.0   4.9749170096E-005
      30.0   5.0390626007E-005
      40.0   4.9649881812E-005
      50.0   4.9175626980E-005
      60.0   4.7785468545E-005
      80.0   4.7794780997E-005
     100.0   4.7503322277E-005
     120.0   4.7435728469E-005
     140.0   4.7424935172E-005
     160.0   4.7059432338E-005
     180.0   4.5641849989E-005
     200.0   4.6253246736E-005
     220.0   4.6433895812E-005
     240.0   4.6525295156E-005
     260.0   4.6913864166E-005
     280.0   4.7042266169E-005
     300.0   4.7258583040E-005
     400.0   4.7369912955E-005
     500.0   4.7383126991E-005
    1000.0   4.7447076931E-005
