   -1000.0   7.3413499023E-005
    -500.0   7.3459612703E-005
    -400.0   7.3464317701E-005
    -300.0   7.3469006578E-005
    -280.0   7.3469942455E-005
    -260.0   7.3470877776E-005
    -240.0   7.3471812600E-005
    -220.0   7.3472747117E-005
    -200.0   7.3473681695E-005
    -180.0   7.3474617154E-005
    -160.0   7.3475556632E-005
    -140.0   7.3483286395E-005
    -120.0   7.3500670507E-005
    -100.0   7.4010827024E-005
     -80.0   7.5040905788E-005
     -60.0   7.5031928262E-005
     -50.0   7.4705997672E-005
     -40.0   7.5123028681E-005
     -30.0   7.6654390618E-005
     -20.0   7.4691425323E-005
     -10.0   7.4056609188E-005
       0.0   7.3884764983E-005
      10.0   7.3707689856E-005
      20.0   7.4786470334E-005
      30.0   7.4443412889E-005
      40.0   7.3762332908E-005
      50.0   7.3390671614E-005
      60.0   7.2777351507E-005
      80.0   7.1672561485E-005
     100.0   6.9672596466E-005
     120.0   6.8253170380E-005
     140.0   6.8207012224E-005
     160.0   6.8486598536E-005
     180.0   6.9457979077E-005
     200.0   7.0244509004E-005
     220.0   7.0737082971E-005
     240.0   7.1317127702E-005
     260.0   7.1118296447E-005
     280.0   7.1183963723E-005
     300.0   6.9849423638E-005
     400.0   7.3501083238E-005
     500.0   7.3505930508E-005
    1000.0   7.3528646094E-005
