   -1000.0   5.8342299959E-005
    -500.0   5.8389680947E-005
    -400.0   5.8399262007E-005
    -300.0   5.8409603875E-005
    -280.0   5.8411892297E-005
    -260.0   5.8414320411E-005
    -240.0   5.8416998731E-005
    -220.0   5.8420318382E-005
    -200.0   5.8424329818E-005
    -180.0   5.8429786542E-005
    -160.0   5.8443777432E-005
    -140.0   5.8461893617E-005
    -120.0   5.8478243313E-005
    -100.0   5.8501109137E-005
     -80.0   5.8534188589E-005
     -60.0   5.8592223168E-005
     -50.0   5.8641964003E-005
     -40.0   5.8730423923E-005
     -30.0   5.8923668821E-005
     -20.0   5.9478251302E-005
     -10.0   6.1097370671E-005
       0.0   6.5792109959E-005
      10.0   5.6950816758E-005
      20.0   5.3028265132E-005
      30.0   5.1800012280E-005
      40.0   5.2262209157E-005
      50.0   5.2961269009E-005
      60.0   5.4241605652E-005
      80.0   5.4049169181E-005
     100.0   5.2292524074E-005
     120.0   5.0126857946E-005
     140.0   4.9500950598E-005
     160.0   4.3170579715E-005
     180.0   3.8376680540E-005
     200.0   3.7622016527E-005
     220.0   3.8681777883E-005
     240.0   3.9886094590E-005
     260.0   4.0673303343E-005
     280.0   4.3805400010E-005
     300.0   4.6477800710E-005
     400.0   5.8351053016E-005
     500.0   5.8469340783E-005
    1000.0   5.8524433511E-005
