   -1000.0   6.4075443631E-005
    -500.0   6.4114122589E-005
    -400.0   6.4121805656E-005
    -300.0   6.4129474615E-005
    -280.0   6.4131006627E-005
    -260.0   6.4132538013E-005
    -240.0   6.4134068755E-005
    -220.0   6.4135598829E-005
    -200.0   6.4137128204E-005
    -180.0   6.4138659058E-005
    -160.0   6.4140196020E-005
    -140.0   6.4141736221E-005
    -120.0   6.4143279221E-005
    -100.0   6.4144818270E-005
     -80.0   6.4158970226E-005
     -60.0   6.4160088328E-005
     -50.0   6.4162058431E-005
     -40.0   6.4165265724E-005
     -30.0   6.4204782591E-005
     -20.0   6.4472602580E-005
     -10.0   6.4304636109E-005
       0.0   6.4181583925E-005
      10.0   6.4153998673E-005
      20.0   6.4154702137E-005
      30.0   6.4155288389E-005
      40.0   6.4155836334E-005
      50.0   6.4156443279E-005
      60.0   6.4102271917E-005
      80.0   6.3978246403E-005
     100.0   6.3570388089E-005
     120.0   6.2496956808E-005
     140.0   6.1957605552E-005
     160.0   6.1373811472E-005
     180.0   6.1467080529E-005
     200.0   6.2022308966E-005
     220.0   6.2373403373E-005
     240.0   6.2634565781E-005
     260.0   6.2743483321E-005
     280.0   6.2788479448E-005
     300.0   6.2909668563E-005
     400.0   6.3793254553E-005
     500.0   6.4190324306E-005
    1000.0   6.4228021176E-005
