   -1000.0   8.3955509424E-005
    -500.0   8.4173810536E-005
    -400.0   8.4187184689E-005
    -300.0   8.4201371329E-005
    -280.0   8.4204443471E-005
    -260.0   8.4207670069E-005
    -240.0   8.4211121526E-005
    -220.0   8.4214923396E-005
    -200.0   8.4219320648E-005
    -180.0   8.4224932528E-005
    -160.0   8.4237509882E-005
    -140.0   8.6610303192E-005
    -120.0   9.0039352703E-005
    -100.0   9.4544066913E-005
     -80.0   9.7987838541E-005
     -60.0   1.3720798515E-004
     -50.0   1.5678661221E-004
     -40.0   1.8236349639E-004
     -30.0   2.0780669502E-004
     -20.0   1.7680085038E-004
     -10.0   1.5076730990E-004
       0.0   1.4564172411E-004
      10.0   1.3992148761E-004
      20.0   1.4311060952E-004
      30.0   1.4428562163E-004
      40.0   1.4101276968E-004
      50.0   1.2857052120E-004
      60.0   1.1841545821E-004
      80.0   9.8715043082E-005
     100.0   9.4016457973E-005
     120.0   8.4614960072E-005
     140.0   7.7127303878E-005
     160.0   7.1775685508E-005
     180.0   7.4240380687E-005
     200.0   7.5886027033E-005
     220.0   7.8432707584E-005
     240.0   7.9576220924E-005
     260.0   8.0406752291E-005
     280.0   8.0586236453E-005
     300.0   8.0336881239E-005
     400.0   8.4285824649E-005
     500.0   8.4300376751E-005
    1000.0   8.4363832761E-005
