   -1000.0   5.9677193154E-005
    -500.0   5.9892227863E-005
    -400.0   5.9916713420E-005
    -300.0   5.9942910647E-005
    -280.0   5.9949124901E-005
    -260.0   6.0057143886E-005
    -240.0   6.0123227233E-005
    -220.0   6.0424790646E-005
    -200.0   6.1517390846E-005
    -180.0   6.1682050305E-005
    -160.0   6.3033516955E-005
    -140.0   6.3005323235E-005
    -120.0   7.3471097622E-005
    -100.0   7.8276724580E-005
     -80.0   8.4586284175E-005
     -60.0   9.5540008759E-005
     -50.0   1.0170988984E-004
     -40.0   1.1083171918E-004
     -30.0   1.2176211800E-004
     -20.0   1.4198769635E-004
     -10.0   1.6984491171E-004
       0.0   1.9355671643E-004
      10.0   1.3790732114E-004
      20.0   9.8985907320E-005
      30.0   8.6712532734E-005
      40.0   8.0081150796E-005
      50.0   7.6071860785E-005
      60.0   7.7600928184E-005
      80.0   7.1016643664E-005
     100.0   7.0176858415E-005
     120.0   7.0022142539E-005
     140.0   6.1643187740E-005
     160.0   6.1714399245E-005
     180.0   6.0888072032E-005
     200.0   6.0982210609E-005
     220.0   6.0202870241E-005
     240.0   6.0027735578E-005
     260.0   6.0218665955E-005
     280.0   6.0254948345E-005
     300.0   6.0278434288E-005
     400.0   6.0113014380E-005
     500.0   6.0135434256E-005
    1000.0   6.0251881662E-005
