   -1000.0   7.4719100260E-005
    -500.0   7.4844956670E-005
    -400.0   7.4849060738E-005
    -300.0   7.4853135584E-005
    -280.0   7.4853945736E-005
    -260.0   7.4854753878E-005
    -240.0   7.4855560043E-005
    -220.0   7.4856637422E-005
    -200.0   7.5013194761E-005
    -180.0   7.5772774850E-005
    -160.0   7.7324881342E-005
    -140.0   7.6529779575E-005
    -120.0   7.6636364438E-005
    -100.0   7.6442833319E-005
     -80.0   7.6497930378E-005
     -60.0   7.5988495133E-005
     -50.0   7.5516265913E-005
     -40.0   7.5169583794E-005
     -30.0   7.5005038024E-005
     -20.0   7.4993367013E-005
     -10.0   7.4209215292E-005
       0.0   6.7702220181E-005
      10.0   6.5363510026E-005
      20.0   6.6894045025E-005
      30.0   6.7838379220E-005
      40.0   6.8700972592E-005
      50.0   6.9720420399E-005
      60.0   7.0686560469E-005
      80.0   7.2261351240E-005
     100.0   7.1502033473E-005
     120.0   7.0390585220E-005
     140.0   6.9573624345E-005
     160.0   6.7544617386E-005
     180.0   6.3980519766E-005
     200.0   6.1160971149E-005
     220.0   5.8331116377E-005
     240.0   5.9494356932E-005
     260.0   6.1630197241E-005
     280.0   6.3442347166E-005
     300.0   6.5562610562E-005
     400.0   7.4880391290E-005
     500.0   7.4885249824E-005
    1000.0   7.4905146880E-005
