   -1000.0   6.8878045086E-005
    -500.0   6.8907087445E-005
    -400.0   6.8912828029E-005
    -300.0   6.8918522583E-005
    -280.0   6.8919652105E-005
    -260.0   6.8920776760E-005
    -240.0   6.8923966230E-005
    -220.0   6.8928861387E-005
    -200.0   6.8933102479E-005
    -180.0   6.8930316792E-005
    -160.0   6.8931321555E-005
    -140.0   6.8931468661E-005
    -120.0   6.8929990213E-005
    -100.0   6.8931162944E-005
     -80.0   6.8930948911E-005
     -60.0   6.8930571962E-005
     -50.0   6.8930184495E-005
     -40.0   6.8928819817E-005
     -30.0   6.8925704276E-005
     -20.0   6.8915877737E-005
     -10.0   6.8855352267E-005
       0.0   5.1576384061E-005
      10.0   6.3856070552E-005
      20.0   6.6238790580E-005
      30.0   6.6548168224E-005
      40.0   6.5734226242E-005
      50.0   6.4890753221E-005
      60.0   6.4037795007E-005
      80.0   6.2780489777E-005
     100.0   6.1419501615E-005
     120.0   5.6609861984E-005
     140.0   5.3591328383E-005
     160.0   5.3597965511E-005
     180.0   5.3659254794E-005
     200.0   5.3502764399E-005
     220.0   5.4696121699E-005
     240.0   5.6516261474E-005
     260.0   5.9453878642E-005
     280.0   6.1221043439E-005
     300.0   6.2808031524E-005
     400.0   6.8957965859E-005
     500.0   6.8964026366E-005
    1000.0   6.8992239146E-005
