   -1000.0   5.8339147254E-005
    -500.0   5.8387350038E-005
    -400.0   5.8396059206E-005
    -300.0   5.8404442436E-005
    -280.0   5.8406054227E-005
    -260.0   5.8407638079E-005
    -240.0   5.8409318291E-005
    -220.0   5.8411755441E-005
    -200.0   5.8414768293E-005
    -180.0   5.8419690528E-005
    -160.0   5.8445296927E-005
    -140.0   5.8493084599E-005
    -120.0   5.8581883360E-005
    -100.0   5.8672903352E-005
     -80.0   5.8746446479E-005
     -60.0   5.8789890177E-005
     -50.0   5.8782171722E-005
     -40.0   5.8766478429E-005
     -30.0   5.8749944000E-005
     -20.0   5.8728174434E-005
     -10.0   5.8700508914E-005
       0.0   5.7668793684E-005
      10.0   5.5151223049E-005
      20.0   5.2515010799E-005
      30.0   5.1559461834E-005
      40.0   5.2036361197E-005
      50.0   5.2779526975E-005
      60.0   5.4025963755E-005
      80.0   5.3774229622E-005
     100.0   5.2078660457E-005
     120.0   5.0045836509E-005
     140.0   4.9452791834E-005
     160.0   4.2939270794E-005
     180.0   3.8317158529E-005
     200.0   3.7574867672E-005
     220.0   3.8697713240E-005
     240.0   3.9894344737E-005
     260.0   4.0676104507E-005
     280.0   4.3817450289E-005
     300.0   4.6486559366E-005
     400.0   5.8400773558E-005
     500.0   5.8470913405E-005
    1000.0   5.8523409010E-005
