   -1000.0   4.7792983058E-005
    -500.0   4.7859624103E-005
    -400.0   4.7871847549E-005
    -300.0   4.7884075123E-005
    -280.0   4.7886524206E-005
    -260.0   4.7888976576E-005
    -240.0   4.7891434932E-005
    -220.0   4.7893906768E-005
    -200.0   4.7896455786E-005
    -180.0   4.7930976147E-005
    -160.0   4.7963808462E-005
    -140.0   4.8002768721E-005
    -120.0   4.8036296893E-005
    -100.0   4.8606182358E-005
     -80.0   4.9081293668E-005
     -60.0   4.9607052840E-005
     -50.0   4.9985156419E-005
     -40.0   5.0467522798E-005
     -30.0   5.0943246530E-005
     -20.0   5.0916927753E-005
     -10.0   5.2209204953E-005
       0.0   5.0067040209E-005
      10.0   5.1051530252E-005
      20.0   5.0118733679E-005
      30.0   4.9525133650E-005
      40.0   4.9326558981E-005
      50.0   4.9226868146E-005
      60.0   4.8136283771E-005
      80.0   4.6735405312E-005
     100.0   4.6575354887E-005
     120.0   4.6358255403E-005
     140.0   4.6055095139E-005
     160.0   4.5818061384E-005
     180.0   4.5995285761E-005
     200.0   4.5717866903E-005
     220.0   4.6001738625E-005
     240.0   4.6347213719E-005
     260.0   4.6629715685E-005
     280.0   4.6938354851E-005
     300.0   4.7243531929E-005
     400.0   4.7347265516E-005
     500.0   4.7981142364E-005
    1000.0   4.8041878991E-005
