   -1000.0   5.0650890407E-005
    -500.0   5.0710306716E-005
    -400.0   5.0722111448E-005
    -300.0   5.0733894068E-005
    -280.0   5.0736249891E-005
    -260.0   5.0738607159E-005
    -240.0   5.0740967872E-005
    -220.0   5.0743336356E-005
    -200.0   5.0745729082E-005
    -180.0   5.0750473787E-005
    -160.0   5.0755174943E-005
    -140.0   5.0761668123E-005
    -120.0   5.0771703347E-005
    -100.0   5.0780941772E-005
     -80.0   5.0808362378E-005
     -60.0   5.1014568598E-005
     -50.0   5.1058459253E-005
     -40.0   5.1104960766E-005
     -30.0   5.1145947614E-005
     -20.0   5.1262045620E-005
     -10.0   5.1604140725E-005
       0.0   5.2511963400E-005
      10.0   5.1240740352E-005
      20.0   5.1126162941E-005
      30.0   5.1035730784E-005
      40.0   5.0989037044E-005
      50.0   5.0948663053E-005
      60.0   5.0925046285E-005
      80.0   5.0821776167E-005
     100.0   5.0784659807E-005
     120.0   4.9646596803E-005
     140.0   4.8059045735E-005
     160.0   4.8077695738E-005
     180.0   4.7820092029E-005
     200.0   4.7171323517E-005
     220.0   4.7824609490E-005
     240.0   4.8563512392E-005
     260.0   4.8816435397E-005
     280.0   4.9002638564E-005
     300.0   4.9391646533E-005
     400.0   4.9900405375E-005
     500.0   5.0825920520E-005
    1000.0   5.0886994919E-005
