   -1000.0   5.0680676904E-005
    -500.0   5.0756050639E-005
    -400.0   5.0767830320E-005
    -300.0   5.0780067484E-005
    -280.0   5.0782655156E-005
    -260.0   5.0785340066E-005
    -240.0   5.0788173993E-005
    -220.0   5.0791253591E-005
    -200.0   5.0794788155E-005
    -180.0   5.0799404420E-005
    -160.0   5.0933820795E-005
    -140.0   5.1289405695E-005
    -120.0   5.4851923051E-005
    -100.0   5.7423804873E-005
     -80.0   6.0129144110E-005
     -60.0   6.3661073901E-005
     -50.0   6.5243961230E-005
     -40.0   6.6114320585E-005
     -30.0   6.5880431350E-005
     -20.0   6.8070990092E-005
     -10.0   7.0261047926E-005
       0.0   6.4016067257E-005
      10.0   6.7693842821E-005
      20.0   6.4699317709E-005
      30.0   6.1530781291E-005
      40.0   5.8658675670E-005
      50.0   5.6279980940E-005
      60.0   5.4674726054E-005
      80.0   5.3395901159E-005
     100.0   5.2864070916E-005
     120.0   5.2096056306E-005
     140.0   4.9317073922E-005
     160.0   4.9079943711E-005
     180.0   4.8996870124E-005
     200.0   4.9331164148E-005
     220.0   4.9563635647E-005
     240.0   4.9808605365E-005
     260.0   5.0037555748E-005
     280.0   4.9877787299E-005
     300.0   4.9907566794E-005
     400.0   5.0853246168E-005
     500.0   5.0869578313E-005
    1000.0   5.0926536138E-005
