   -1000.0   6.1383584429E-005
    -500.0   6.1425185016E-005
    -400.0   6.1433251926E-005
    -300.0   6.1441228904E-005
    -280.0   6.1442809735E-005
    -260.0   6.1444385494E-005
    -240.0   6.1445957339E-005
    -220.0   6.1447529284E-005
    -200.0   6.1449122086E-005
    -180.0   6.1453281112E-005
    -160.0   6.1461326688E-005
    -140.0   6.1474726652E-005
    -120.0   6.1567800629E-005
    -100.0   6.1800021994E-005
     -80.0   6.1967976700E-005
     -60.0   6.2085071301E-005
     -50.0   6.2091401948E-005
     -40.0   6.2087468384E-005
     -30.0   6.2096393760E-005
     -20.0   6.2134802369E-005
     -10.0   6.2251685737E-005
       0.0   6.2320156251E-005
      10.0   6.2026954357E-005
      20.0   6.1995822374E-005
      30.0   6.1802356298E-005
      40.0   6.0853432290E-005
      50.0   5.9409734896E-005
      60.0   5.7525543526E-005
      80.0   5.6316350812E-005
     100.0   5.6845831349E-005
     120.0   5.7793740652E-005
     140.0   5.7287162346E-005
     160.0   5.6318453548E-005
     180.0   5.5789107397E-005
     200.0   5.5543311774E-005
     220.0   5.6154521917E-005
     240.0   5.6954023058E-005
     260.0   5.6249558101E-005
     280.0   5.4548694702E-005
     300.0   5.3660705773E-005
     400.0   6.0434072639E-005
     500.0   6.1502632496E-005
    1000.0   6.1546875920E-005
