   -1000.0   4.6866617620E-005
    -500.0   4.6967737285E-005
    -400.0   4.6981270250E-005
    -300.0   4.6996722743E-005
    -280.0   4.7000464848E-005
    -260.0   4.7004763030E-005
    -240.0   4.7010297962E-005
    -220.0   4.7054991122E-005
    -200.0   4.7230765646E-005
    -180.0   4.7447315384E-005
    -160.0   4.8712571934E-005
    -140.0   5.0369423434E-005
    -120.0   5.1575255934E-005
    -100.0   5.2997730756E-005
     -80.0   5.4266492067E-005
     -60.0   5.7410911165E-005
     -50.0   5.9454840654E-005
     -40.0   6.2272553221E-005
     -30.0   6.6295903247E-005
     -20.0   7.1630731877E-005
     -10.0   8.0911949668E-005
       0.0   7.7238835470E-005
      10.0   6.4064295736E-005
      20.0   5.4210149855E-005
      30.0   5.0188896732E-005
      40.0   4.9212973085E-005
      50.0   4.8486529266E-005
      60.0   4.7933068875E-005
      80.0   4.7649225678E-005
     100.0   4.7364946002E-005
     120.0   4.6817821348E-005
     140.0   4.6839749980E-005
     160.0   4.5999186605E-005
     180.0   4.5092141975E-005
     200.0   4.5104167783E-005
     220.0   4.3583453105E-005
     240.0   4.3239100837E-005
     260.0   4.3480730479E-005
     280.0   4.4385609468E-005
     300.0   4.5339504101E-005
     400.0   4.7066027510E-005
     500.0   4.7088278254E-005
    1000.0   4.7149776537E-005
