   -1000.0   5.0604644767E-005
    -500.0   5.0660203330E-005
    -400.0   5.0671256263E-005
    -300.0   5.0682298888E-005
    -280.0   5.0684506150E-005
    -260.0   5.0686712979E-005
    -240.0   5.0688919367E-005
    -220.0   5.0691125305E-005
    -200.0   5.0693330776E-005
    -180.0   5.0695557513E-005
    -160.0   5.0697769169E-005
    -140.0   5.0699984455E-005
    -120.0   5.0702197421E-005
    -100.0   5.0704406590E-005
     -80.0   5.0706617252E-005
     -60.0   5.0708825638E-005
     -50.0   5.0709929057E-005
     -40.0   5.0711031099E-005
     -30.0   5.0712122215E-005
     -20.0   5.0713194447E-005
     -10.0   5.0712864565E-005
       0.0   5.0322049000E-005
      10.0   5.0397467048E-005
      20.0   5.0443317220E-005
      30.0   5.0461901838E-005
      40.0   5.0502471303E-005
      50.0   5.0509541434E-005
      60.0   5.0529292554E-005
      80.0   5.0540467728E-005
     100.0   5.0561960357E-005
     120.0   5.0556962347E-005
     140.0   5.0569270788E-005
     160.0   5.0543271812E-005
     180.0   5.0519081439E-005
     200.0   5.0537786238E-005
     220.0   5.0560526766E-005
     240.0   5.0536968745E-005
     260.0   5.0356150830E-005
     280.0   5.0324625895E-005
     300.0   5.0372234192E-005
     400.0   5.0759302330E-005
     500.0   5.0770275718E-005
    1000.0   5.0824934522E-005
