   -1000.0   4.6735702641E-005
    -500.0   4.6804824972E-005
    -400.0   4.6818529324E-005
    -300.0   4.6832223011E-005
    -280.0   4.6834960290E-005
    -260.0   4.6837697724E-005
    -240.0   4.6849527833E-005
    -220.0   4.6843204155E-005
    -200.0   4.6845940502E-005
    -180.0   4.6848655413E-005
    -160.0   4.6851458340E-005
    -140.0   4.6854360635E-005
    -120.0   4.6866765541E-005
    -100.0   4.6860088282E-005
     -80.0   4.6863029300E-005
     -60.0   4.6865973107E-005
     -50.0   4.6869841357E-005
     -40.0   4.6872790860E-005
     -30.0   4.6871458139E-005
     -20.0   4.6871788739E-005
     -10.0   4.6872079022E-005
       0.0   4.6339492468E-005
      10.0   4.2796281105E-005
      20.0   4.3769259786E-005
      30.0   4.4372177252E-005
      40.0   4.4880444441E-005
      50.0   4.5127459723E-005
      60.0   4.5419169312E-005
      80.0   4.6854596567E-005
     100.0   4.6891172075E-005
     120.0   4.6897092725E-005
     140.0   4.6892510582E-005
     160.0   4.6941909509E-005
     180.0   4.6897903572E-005
     200.0   4.6900616359E-005
     220.0   4.6906948367E-005
     240.0   4.7035777970E-005
     260.0   4.6869563024E-005
     280.0   4.6908305652E-005
     300.0   4.6748795547E-005
     400.0   4.6927840197E-005
     500.0   4.6941466282E-005
    1000.0   4.7009441334E-005
