   -1000.0   5.2449814781E-005
    -500.0   5.2543227640E-005
    -400.0   5.2556744417E-005
    -300.0   5.2571308821E-005
    -280.0   5.2574561408E-005
    -260.0   5.2578080791E-005
    -240.0   5.2582085699E-005
    -220.0   5.2587240252E-005
    -200.0   5.2598252328E-005
    -180.0   5.4670495461E-005
    -160.0   5.6170789855E-005
    -140.0   5.6921408569E-005
    -120.0   5.8082303797E-005
    -100.0   5.9446090657E-005
     -80.0   6.0467926965E-005
     -60.0   6.1664852005E-005
     -50.0   7.7048405255E-005
     -40.0   1.0190123847E-004
     -30.0   1.4210685534E-004
     -20.0   1.6690453954E-004
     -10.0   1.2378188659E-004
       0.0   8.3475149512E-005
      10.0   8.4553069510E-005
      20.0   1.0664896316E-004
      30.0   1.0796105706E-004
      40.0   8.7845625401E-005
      50.0   7.4809708335E-005
      60.0   6.1790174007E-005
      80.0   6.0609458138E-005
     100.0   5.9110415569E-005
     120.0   5.8019030349E-005
     140.0   5.6767478443E-005
     160.0   5.5640068691E-005
     180.0   5.1493404038E-005
     200.0   4.8569793025E-005
     220.0   5.0331353692E-005
     240.0   5.1094510239E-005
     260.0   5.1621033159E-005
     280.0   5.1937469903E-005
     300.0   5.2123950488E-005
     400.0   5.2605913135E-005
     500.0   5.2670363428E-005
    1000.0   5.2733303193E-005
