   -1000.0   5.2976699033E-005
    -500.0   5.3033674815E-005
    -400.0   5.3044789577E-005
    -300.0   5.3055855378E-005
    -280.0   5.3058059966E-005
    -260.0   5.3060414315E-005
    -240.0   5.3063023145E-005
    -220.0   5.3066446209E-005
    -200.0   5.3071396693E-005
    -180.0   5.3077181631E-005
    -160.0   5.3082636548E-005
    -140.0   5.3112386999E-005
    -120.0   5.3181962874E-005
    -100.0   5.3228252438E-005
     -80.0   5.3282354348E-005
     -60.0   5.3321675652E-005
     -50.0   5.3343257145E-005
     -40.0   5.3343267502E-005
     -30.0   5.3350058093E-005
     -20.0   5.3358115594E-005
     -10.0   5.3371261482E-005
       0.0   5.3448544652E-005
      10.0   5.3312291699E-005
      20.0   5.1339089082E-005
      30.0   4.8497763269E-005
      40.0   4.7988503608E-005
      50.0   4.8796342783E-005
      60.0   4.9407626426E-005
      80.0   4.7832392463E-005
     100.0   4.6217520612E-005
     120.0   4.4963875500E-005
     140.0   4.2018025564E-005
     160.0   3.8024717470E-005
     180.0   3.7932241705E-005
     200.0   3.8081295003E-005
     220.0   3.8401462923E-005
     240.0   4.0175042770E-005
     260.0   4.2530185626E-005
     280.0   4.5388378342E-005
     300.0   4.8085625165E-005
     400.0   5.3124932466E-005
     500.0   5.3143975755E-005
    1000.0   5.3200103164E-005
