   -1000.0   5.9024708788E-005
    -500.0   5.9176289027E-005
    -400.0   5.9223576200E-005
    -300.0   5.9320164105E-005
    -280.0   5.9354288207E-005
    -260.0   5.9398932088E-005
    -240.0   5.9460725441E-005
    -220.0   5.9555571747E-005
    -200.0   5.9747896500E-005
    -180.0   6.7410432521E-005
    -160.0   8.3731021929E-005
    -140.0   9.2203106516E-005
    -120.0   1.0058367654E-004
    -100.0   1.1291510825E-004
     -80.0   1.2665417008E-004
     -60.0   1.6933927728E-004
     -50.0   2.9340942863E-004
     -40.0   4.7075954626E-004
     -30.0   8.1557859379E-004
     -20.0   9.6177341607E-004
     -10.0   7.1686740832E-004
       0.0   2.9846355225E-004
      10.0   2.9669526003E-004
      20.0   3.8904142656E-004
      30.0   4.6697508551E-004
      40.0   3.3505462336E-004
      50.0   2.5138336186E-004
      60.0   1.6384150810E-004
      80.0   1.2210953920E-004
     100.0   1.0987786825E-004
     120.0   9.8723844628E-005
     140.0   9.0944535606E-005
     160.0   8.2992408480E-005
     180.0   7.1829473823E-005
     200.0   6.6425774355E-005
     220.0   6.4490310651E-005
     240.0   6.3810551985E-005
     260.0   6.2404886143E-005
     280.0   6.1923055082E-005
     300.0   6.1790801700E-005
     400.0   5.9333637603E-005
     500.0   5.9292045072E-005
    1000.0   5.9300968799E-005
