   -1000.0   6.2114675384E-005
    -500.0   6.2324706623E-005
    -400.0   6.2346679179E-005
    -300.0   6.2369625489E-005
    -280.0   6.2374503575E-005
    -260.0   6.2379584282E-005
    -240.0   6.2384990615E-005
    -220.0   6.2391045761E-005
    -200.0   6.2400274480E-005
    -180.0   6.3160012799E-005
    -160.0   6.3871649262E-005
    -140.0   6.4829136364E-005
    -120.0   6.5650261496E-005
    -100.0   8.0388227479E-005
     -80.0   8.8845441168E-005
     -60.0   1.0150671761E-004
     -50.0   1.1058972584E-004
     -40.0   1.2248474057E-004
     -30.0   1.3777095679E-004
     -20.0   1.5634038539E-004
     -10.0   2.0079809244E-004
       0.0   1.1181498465E-004
      10.0   1.5568957830E-004
      20.0   1.1365634817E-004
      30.0   9.7264411077E-005
      40.0   8.9389374669E-005
      50.0   8.6183124163E-005
      60.0   8.1577248903E-005
      80.0   7.6688669301E-005
     100.0   7.5262003912E-005
     120.0   6.4919962600E-005
     140.0   6.3862818642E-005
     160.0   6.2857668370E-005
     180.0   6.2722971603E-005
     200.0   6.2223696837E-005
     220.0   6.2404739630E-005
     240.0   6.2536109014E-005
     260.0   6.2664545916E-005
     280.0   6.2785779618E-005
     300.0   6.2713351727E-005
     400.0   6.2142737602E-005
     500.0   6.2538658826E-005
    1000.0   6.2644057717E-005
