   -1000.0   6.6975094740E-005
    -500.0   6.7007268665E-005
    -400.0   6.7013649600E-005
    -300.0   6.7020008790E-005
    -280.0   6.7021277280E-005
    -260.0   6.7022544366E-005
    -240.0   6.7023809852E-005
    -220.0   6.7025073482E-005
    -200.0   6.7026334910E-005
    -180.0   6.7027596473E-005
    -160.0   6.7028888783E-005
    -140.0   6.7032406342E-005
    -120.0   6.7034823666E-005
    -100.0   6.7039967609E-005
     -80.0   6.7038963685E-005
     -60.0   6.7039078268E-005
     -50.0   6.7040222882E-005
     -40.0   6.7042104071E-005
     -30.0   6.7042330430E-005
     -20.0   6.7047933577E-005
     -10.0   6.7069510297E-005
       0.0   6.7038717796E-005
      10.0   6.6988413921E-005
      20.0   6.6505450751E-005
      30.0   6.5535412490E-005
      40.0   6.4047634048E-005
      50.0   6.2531484190E-005
      60.0   6.1345255768E-005
      80.0   6.1321322281E-005
     100.0   6.2042291481E-005
     120.0   6.2610925133E-005
     140.0   6.2718808100E-005
     160.0   6.2269339425E-005
     180.0   6.2017950577E-005
     200.0   6.2425752010E-005
     220.0   6.2743709527E-005
     240.0   6.3384110002E-005
     260.0   6.1566001576E-005
     280.0   6.0201036061E-005
     300.0   5.9397329866E-005
     400.0   6.7062740902E-005
     500.0   6.7070371409E-005
    1000.0   6.7101711702E-005
