   -1000.0   8.7536035228E-005
    -500.0   8.9659343216E-005
    -400.0   9.1073333198E-005
    -300.0   9.4320543219E-005
    -280.0   9.5507017230E-005
    -260.0   9.7067167306E-005
    -240.0   9.9233443296E-005
    -220.0   1.0261300624E-004
    -200.0   1.1453536643E-004
    -180.0   1.6160013004E-004
    -160.0   2.4104854820E-004
    -140.0   3.0210732596E-004
    -120.0   3.8001799029E-004
    -100.0   4.9779462372E-004
     -80.0   7.0835096079E-004
     -60.0   1.1808029989E-003
     -50.0   2.5752043693E-003
     -40.0   4.4362830979E-003
     -30.0   7.1003399751E-003
     -20.0   7.5747954222E-003
     -10.0   5.6368520896E-003
       0.0   3.4572586778E-003
      10.0   3.6614475230E-003
      20.0   4.4136907116E-003
      30.0   4.5574754792E-003
      40.0   3.0932853753E-003
      50.0   2.0107640614E-003
      60.0   1.0282425766E-003
      80.0   6.5974400978E-004
     100.0   4.7567283044E-004
     120.0   3.6915254788E-004
     140.0   2.9498772144E-004
     160.0   2.3847851754E-004
     180.0   1.7999886013E-004
     200.0   1.5417283740E-004
     220.0   1.3821976443E-004
     240.0   1.2459716744E-004
     260.0   1.1611715999E-004
     280.0   1.0940975724E-004
     300.0   1.0463218814E-004
     400.0   9.2512150294E-005
     500.0   9.0016747474E-005
    1000.0   8.8409596851E-005
