   -1000.0   6.7125927005E-005
    -500.0   6.7204013757E-005
    -400.0   6.7232068318E-005
    -300.0   6.7292996765E-005
    -280.0   6.7315482331E-005
    -260.0   6.7345341377E-005
    -240.0   6.7386835192E-005
    -220.0   6.7448355255E-005
    -200.0   6.7550280029E-005
    -180.0   6.8038876297E-005
    -160.0   6.9415060245E-005
    -140.0   7.7415065905E-005
    -120.0   9.9094047331E-005
    -100.0   1.2909958097E-004
     -80.0   1.5293370850E-004
     -60.0   1.6184468572E-004
     -50.0   1.5760686768E-004
     -40.0   1.4630395866E-004
     -30.0   1.4910406346E-004
     -20.0   1.5761896878E-004
     -10.0   1.7398036512E-004
       0.0   1.6544918182E-004
      10.0   1.4195895560E-004
      20.0   1.3662417324E-004
      30.0   1.3414993644E-004
      40.0   1.2869284811E-004
      50.0   1.1919597475E-004
      60.0   1.1094591401E-004
      80.0   9.8351974821E-005
     100.0   8.8900951033E-005
     120.0   7.9652735999E-005
     140.0   7.1442125670E-005
     160.0   6.5192217371E-005
     180.0   6.3896490924E-005
     200.0   6.3593083718E-005
     220.0   6.3954526303E-005
     240.0   6.3999942230E-005
     260.0   6.1405971275E-005
     280.0   5.9418485565E-005
     300.0   5.7911143489E-005
     400.0   6.7087517763E-005
     500.0   6.7242014739E-005
    1000.0   6.7273461367E-005
