   -1000.0   6.4834581270E-005
    -500.0   6.4869314785E-005
    -400.0   6.4876193266E-005
    -300.0   6.4883056966E-005
    -280.0   6.4884427740E-005
    -260.0   6.4885797775E-005
    -240.0   6.4887172729E-005
    -220.0   6.4888546603E-005
    -200.0   6.4889918412E-005
    -180.0   6.4891286035E-005
    -160.0   6.4892656670E-005
    -140.0   6.4894021107E-005
    -120.0   6.4895388529E-005
    -100.0   6.4896746223E-005
     -80.0   6.4898097343E-005
     -60.0   6.4899420278E-005
     -50.0   6.4900054290E-005
     -40.0   6.4900309238E-005
     -30.0   6.4882483631E-005
     -20.0   6.4875197630E-005
     -10.0   6.4866335511E-005
       0.0   5.7047893130E-005
      10.0   6.3448192509E-005
      20.0   6.4002076208E-005
      30.0   6.4206125189E-005
      40.0   6.4248043140E-005
      50.0   6.4274067672E-005
      60.0   6.4315893075E-005
      80.0   6.4318343324E-005
     100.0   6.4327085973E-005
     120.0   6.4259720549E-005
     140.0   6.3732492945E-005
     160.0   6.3376106927E-005
     180.0   6.3109348481E-005
     200.0   6.2876125153E-005
     220.0   6.2915085642E-005
     240.0   6.3370186892E-005
     260.0   6.3713041881E-005
     280.0   6.3895224321E-005
     300.0   6.4118992117E-005
     400.0   6.4930724060E-005
     500.0   6.4937510893E-005
    1000.0   6.4971126484E-005
