   -1000.0   5.0652734240E-005
    -500.0   5.0714379157E-005
    -400.0   5.0726230905E-005
    -300.0   5.0738071490E-005
    -280.0   5.0740438340E-005
    -260.0   5.0742804878E-005
    -240.0   5.0745171292E-005
    -220.0   5.0747538158E-005
    -200.0   5.0749908998E-005
    -180.0   5.0763770179E-005
    -160.0   5.0778515520E-005
    -140.0   5.0791176040E-005
    -120.0   5.0816442900E-005
    -100.0   5.0829445534E-005
     -80.0   5.0866249645E-005
     -60.0   5.1514879322E-005
     -50.0   5.1645417824E-005
     -40.0   5.1660516095E-005
     -30.0   5.1732544152E-005
     -20.0   5.2630745230E-005
     -10.0   5.2537528163E-005
       0.0   5.1845512376E-005
      10.0   5.1703364959E-005
      20.0   5.1745867306E-005
      30.0   5.1639222272E-005
      40.0   5.1974294134E-005
      50.0   5.1872521570E-005
      60.0   5.1925779638E-005
      80.0   5.1726806878E-005
     100.0   5.1742103196E-005
     120.0   5.0323776617E-005
     140.0   4.9007966818E-005
     160.0   4.9005083941E-005
     180.0   4.8736501042E-005
     200.0   4.8132846802E-005
     220.0   4.8688453208E-005
     240.0   4.9204859827E-005
     260.0   4.9361041728E-005
     280.0   4.9511206555E-005
     300.0   4.9678806641E-005
     400.0   5.0037945269E-005
     500.0   5.0832346144E-005
    1000.0   5.0891129937E-005
