   -1000.0   5.6941144887E-005
    -500.0   5.6991271000E-005
    -400.0   5.7000690831E-005
    -300.0   5.7010036477E-005
    -280.0   5.7011890778E-005
    -260.0   5.7013737925E-005
    -240.0   5.7015577144E-005
    -220.0   5.7017592643E-005
    -200.0   5.7019958444E-005
    -180.0   5.7022646492E-005
    -160.0   5.7036195118E-005
    -140.0   5.7067620601E-005
    -120.0   5.7082883128E-005
    -100.0   5.7095560147E-005
     -80.0   5.7111368767E-005
     -60.0   5.7128269550E-005
     -50.0   5.7135375208E-005
     -40.0   5.7138125727E-005
     -30.0   5.7147762588E-005
     -20.0   5.7146192621E-005
     -10.0   5.7131853166E-005
       0.0   5.5674942747E-005
      10.0   5.3418513856E-005
      20.0   5.1126327050E-005
      30.0   5.1382790698E-005
      40.0   5.2025844456E-005
      50.0   5.2494184422E-005
      60.0   5.3501286735E-005
      80.0   5.3784600627E-005
     100.0   5.2494232379E-005
     120.0   5.0916128244E-005
     140.0   5.0435927841E-005
     160.0   4.9183639236E-005
     180.0   4.5642465469E-005
     200.0   4.2206693301E-005
     220.0   4.1257875194E-005
     240.0   4.2126490771E-005
     260.0   4.3056678680E-005
     280.0   4.5394819786E-005
     300.0   4.7290724668E-005
     400.0   5.7064315396E-005
     500.0   5.7084408882E-005
    1000.0   5.7132619778E-005
