   -1000.0   6.4100073336E-005
    -500.0   6.4146664425E-005
    -400.0   6.4154449996E-005
    -300.0   6.4162404814E-005
    -280.0   6.4164053874E-005
    -260.0   6.4165745393E-005
    -240.0   6.4167504064E-005
    -220.0   6.4169379666E-005
    -200.0   6.4171512766E-005
    -180.0   6.4219435594E-005
    -160.0   6.4361158228E-005
    -140.0   6.4589940124E-005
    -120.0   6.4925952080E-005
    -100.0   6.5367715552E-005
     -80.0   6.8027625780E-005
     -60.0   7.2251720389E-005
     -50.0   7.3605395248E-005
     -40.0   7.3436651442E-005
     -30.0   7.3965820414E-005
     -20.0   7.6171625837E-005
     -10.0   7.4385990634E-005
       0.0   7.3356802913E-005
      10.0   7.2012686992E-005
      20.0   7.0896206141E-005
      30.0   7.0510557554E-005
      40.0   7.0290499266E-005
      50.0   6.9843608503E-005
      60.0   6.8883603078E-005
      80.0   6.6728328835E-005
     100.0   6.2969535823E-005
     120.0   5.9344796913E-005
     140.0   5.7775163548E-005
     160.0   5.6478744098E-005
     180.0   5.6902771442E-005
     200.0   5.8512070384E-005
     220.0   5.9916174314E-005
     240.0   6.0840460030E-005
     260.0   6.1139227813E-005
     280.0   6.1342510284E-005
     300.0   6.1192105897E-005
     400.0   6.3091786559E-005
     500.0   6.4219933211E-005
    1000.0   6.4260647060E-005
