   -1000.0   4.7906524013E-005
    -500.0   4.7972630187E-005
    -400.0   4.7986164883E-005
    -300.0   4.8001936984E-005
    -280.0   4.8005772029E-005
    -260.0   4.8010077510E-005
    -240.0   4.8015102344E-005
    -220.0   4.8021307486E-005
    -200.0   4.8029691553E-005
    -180.0   4.8053337706E-005
    -160.0   4.8135784407E-005
    -140.0   4.8415782277E-005
    -120.0   5.1709754518E-005
    -100.0   5.7490118244E-005
     -80.0   6.0589119613E-005
     -60.0   6.0975550756E-005
     -50.0   6.1071552376E-005
     -40.0   6.2834388067E-005
     -30.0   6.4516254949E-005
     -20.0   6.7355836307E-005
     -10.0   6.9214253376E-005
       0.0   6.6359935397E-005
      10.0   6.8146528199E-005
      20.0   6.6265943596E-005
      30.0   6.3210216954E-005
      40.0   6.0796365909E-005
      50.0   5.7799246432E-005
      60.0   5.5119005991E-005
      80.0   5.1726439573E-005
     100.0   5.0760505817E-005
     120.0   4.9413907375E-005
     140.0   4.6675925575E-005
     160.0   4.6147426026E-005
     180.0   4.5646265169E-005
     200.0   4.5748955730E-005
     220.0   4.6019041790E-005
     240.0   4.6428629909E-005
     260.0   4.6709965911E-005
     280.0   4.6975316889E-005
     300.0   4.6954545357E-005
     400.0   4.8031570979E-005
     500.0   4.8088905327E-005
    1000.0   4.8149930985E-005
