   -1000.0   7.9112992888E-005
    -500.0   8.2008351933E-005
    -400.0   8.4134335995E-005
    -300.0   8.9420868183E-005
    -280.0   9.1662917564E-005
    -260.0   9.5286480589E-005
    -240.0   1.0060060769E-004
    -220.0   1.0930802282E-004
    -200.0   1.2451084168E-004
    -180.0   1.4770656045E-004
    -160.0   1.7814245104E-004
    -140.0   2.8368073897E-004
    -120.0   5.5475415793E-004
    -100.0   6.9084009295E-004
     -80.0   8.7242078265E-004
     -60.0   1.1530390962E-003
     -50.0   1.3709787161E-003
     -40.0   1.6250822738E-003
     -30.0   2.0008706769E-003
     -20.0   2.4810264647E-003
     -10.0   2.9947927368E-003
       0.0   2.8905489014E-003
      10.0   2.4968534467E-003
      20.0   1.8109822264E-003
      30.0   1.2660292676E-003
      40.0   9.8330355212E-004
      50.0   7.9961671402E-004
      60.0   6.7881783752E-004
      80.0   5.1306358994E-004
     100.0   4.2955266785E-004
     120.0   3.7660389137E-004
     140.0   2.5274378366E-004
     160.0   1.8583056219E-004
     180.0   1.5966277237E-004
     200.0   1.3605021291E-004
     220.0   1.1849073411E-004
     240.0   1.0730114111E-004
     260.0   1.0067205135E-004
     280.0   9.7442202811E-005
     300.0   9.4455414479E-005
     400.0   8.4553399642E-005
     500.0   8.2195185618E-005
    1000.0   7.9944251899E-005
