   -1000.0   5.0302306836E-005
    -500.0   5.0365797475E-005
    -400.0   5.0378457313E-005
    -300.0   5.0391106911E-005
    -280.0   5.0393635577E-005
    -260.0   5.0396163815E-005
    -240.0   5.0398691620E-005
    -220.0   5.0401219229E-005
    -200.0   5.0403746418E-005
    -180.0   5.0406273241E-005
    -160.0   5.0408799742E-005
    -140.0   5.0411326001E-005
    -120.0   5.0413852161E-005
    -100.0   5.0416378507E-005
     -80.0   5.0418938061E-005
     -60.0   5.0421477458E-005
     -50.0   5.0422746400E-005
     -40.0   5.0424016389E-005
     -30.0   5.0425279980E-005
     -20.0   5.0426544217E-005
     -10.0   5.0427961008E-005
       0.0   5.0429986841E-005
      10.0   5.0430359772E-005
      20.0   5.0431559145E-005
      30.0   5.0432795403E-005
      40.0   5.0434035306E-005
      50.0   5.0435272738E-005
      60.0   5.0436491357E-005
      80.0   5.0151161971E-005
     100.0   4.9925314326E-005
     120.0   4.9867983011E-005
     140.0   4.9859591269E-005
     160.0   4.9863251669E-005
     180.0   4.9880308564E-005
     200.0   4.9939276957E-005
     220.0   4.9903035608E-005
     240.0   4.9722859945E-005
     260.0   4.9776820594E-005
     280.0   4.9848989757E-005
     300.0   4.9933671077E-005
     400.0   5.0301824425E-005
     500.0   5.0491936755E-005
    1000.0   5.0554647927E-005
