   -1000.0   5.6390035813E-005
    -500.0   5.6441062448E-005
    -400.0   5.6451230885E-005
    -300.0   5.6461387597E-005
    -280.0   5.6463417500E-005
    -260.0   5.6465446910E-005
    -240.0   5.6467475822E-005
    -220.0   5.6469504226E-005
    -200.0   5.6471532112E-005
    -180.0   5.6473559465E-005
    -160.0   5.6475588288E-005
    -140.0   5.6477616640E-005
    -120.0   5.6479645274E-005
    -100.0   5.6481672766E-005
     -80.0   5.6483701684E-005
     -60.0   5.6488849015E-005
     -50.0   5.6490427405E-005
     -40.0   5.6496599020E-005
     -30.0   5.6550632680E-005
     -20.0   5.6490041732E-005
     -10.0   5.6493630681E-005
       0.0   5.6492851097E-005
      10.0   5.6492968801E-005
      20.0   5.6493997737E-005
      30.0   5.6495554786E-005
      40.0   5.6496227445E-005
      50.0   5.6497137641E-005
      60.0   5.6498022290E-005
      80.0   5.6499839291E-005
     100.0   5.6501822746E-005
     120.0   5.6503764433E-005
     140.0   5.6490121373E-005
     160.0   5.5470801998E-005
     180.0   5.3988657611E-005
     200.0   5.4694281701E-005
     220.0   5.5041845631E-005
     240.0   5.5509893823E-005
     260.0   5.5752095322E-005
     280.0   5.5970333257E-005
     300.0   5.6085060183E-005
     400.0   5.6532095269E-005
     500.0   5.6542227690E-005
    1000.0   5.6592403307E-005
