   -1000.0   4.5752755441E-005
    -500.0   4.5824010409E-005
    -400.0   4.5837309704E-005
    -300.0   4.5850840624E-005
    -280.0   4.5853618243E-005
    -260.0   4.5856445559E-005
    -240.0   4.5859350488E-005
    -220.0   4.5862402492E-005
    -200.0   4.5867597367E-005
    -180.0   4.5886688175E-005
    -160.0   4.5945118882E-005
    -140.0   4.6051871756E-005
    -120.0   4.6231436541E-005
    -100.0   4.8222335989E-005
     -80.0   5.0975717532E-005
     -60.0   5.2627679921E-005
     -50.0   5.2455459267E-005
     -40.0   5.2591015887E-005
     -30.0   5.3268234051E-005
     -20.0   5.4825614198E-005
     -10.0   5.7315533710E-005
       0.0   5.6278236233E-005
      10.0   5.6200188066E-005
      20.0   5.4047180261E-005
      30.0   5.2787058681E-005
      40.0   5.1505750428E-005
      50.0   5.0513433358E-005
      60.0   4.9755071850E-005
      80.0   4.7277321962E-005
     100.0   4.6021630166E-005
     120.0   4.3801753894E-005
     140.0   4.3634192039E-005
     160.0   4.3555533825E-005
     180.0   4.3687843546E-005
     200.0   4.3914882882E-005
     220.0   4.3818175201E-005
     240.0   4.4117412053E-005
     260.0   4.4492708584E-005
     280.0   4.4828111747E-005
     300.0   4.4362966408E-005
     400.0   4.5658208450E-005
     500.0   4.5954173747E-005
    1000.0   4.6019923123E-005
