   -1000.0   4.8618062108E-005
    -500.0   4.8684129454E-005
    -400.0   4.8697280704E-005
    -300.0   4.8710420248E-005
    -280.0   4.8713050291E-005
    -260.0   4.8719565845E-005
    -240.0   4.8726131921E-005
    -220.0   4.8721841071E-005
    -200.0   4.8723660261E-005
    -180.0   4.8726297158E-005
    -160.0   4.8729011944E-005
    -140.0   4.8731658457E-005
    -120.0   4.8739034871E-005
    -100.0   4.8750727633E-005
     -80.0   4.8744820978E-005
     -60.0   4.8746127914E-005
     -50.0   4.8746519815E-005
     -40.0   4.8747754189E-005
     -30.0   4.8750135496E-005
     -20.0   4.8751386078E-005
     -10.0   4.8758248812E-005
       0.0   4.9493678794E-005
      10.0   4.8789959040E-005
      20.0   4.8795773495E-005
      30.0   4.8169853751E-005
      40.0   4.6614304715E-005
      50.0   4.6273492792E-005
      60.0   4.6094279202E-005
      80.0   4.6033225256E-005
     100.0   4.6207328832E-005
     120.0   4.6073612307E-005
     140.0   4.5811157909E-005
     160.0   4.6681204673E-005
     180.0   4.7376518910E-005
     200.0   4.7667542309E-005
     220.0   4.7809684026E-005
     240.0   4.7687511190E-005
     260.0   4.7405220924E-005
     280.0   4.6678604077E-005
     300.0   4.7397821540E-005
     400.0   4.8802042131E-005
     500.0   4.8815208332E-005
    1000.0   4.8880424800E-005
