   -1000.0   6.5372568328E-005
    -500.0   6.5407925537E-005
    -400.0   6.5414858572E-005
    -300.0   6.5421699405E-005
    -280.0   6.5423048387E-005
    -260.0   6.5424387583E-005
    -240.0   6.5425714539E-005
    -220.0   6.5427031640E-005
    -200.0   6.5428341588E-005
    -180.0   6.5429784069E-005
    -160.0   6.5434614818E-005
    -140.0   6.5434113003E-005
    -120.0   6.5440663516E-005
    -100.0   6.5444061902E-005
     -80.0   6.5447015988E-005
     -60.0   6.5454077913E-005
     -50.0   6.5447059910E-005
     -40.0   6.5442668742E-005
     -30.0   6.5442976644E-005
     -20.0   6.5433688286E-005
     -10.0   6.5350994822E-005
       0.0   6.1680239475E-005
      10.0   5.8778126509E-005
      20.0   5.7197917845E-005
      30.0   5.7942739841E-005
      40.0   5.8505957680E-005
      50.0   5.9306875551E-005
      60.0   6.0702537013E-005
      80.0   6.1580235177E-005
     100.0   5.9647307104E-005
     120.0   5.7525586366E-005
     140.0   5.6143255655E-005
     160.0   5.1666090244E-005
     180.0   4.5363189337E-005
     200.0   4.1569016461E-005
     220.0   4.0646126343E-005
     240.0   4.1707656291E-005
     260.0   4.4520129139E-005
     280.0   4.7766736204E-005
     300.0   5.0426800741E-005
     400.0   6.5458440498E-005
     500.0   6.5476154804E-005
    1000.0   6.5512032118E-005
