   -1000.0   4.5780997686E-005
    -500.0   4.5849892939E-005
    -400.0   4.5863629216E-005
    -300.0   4.5877343683E-005
    -280.0   4.5880746227E-005
    -260.0   4.5882830334E-005
    -240.0   4.5885566554E-005
    -220.0   4.5888345818E-005
    -200.0   4.5891044597E-005
    -180.0   4.5893756716E-005
    -160.0   4.5898111607E-005
    -140.0   4.5901372349E-005
    -120.0   4.5903161514E-005
    -100.0   4.5906513786E-005
     -80.0   4.5909580121E-005
     -60.0   4.5912394078E-005
     -50.0   4.5913367193E-005
     -40.0   4.5914312133E-005
     -30.0   4.5914911602E-005
     -20.0   4.5915912614E-005
     -10.0   4.5915469569E-005
       0.0   4.3601091732E-005
      10.0   3.7985271939E-005
      20.0   3.9395975466E-005
      30.0   4.0058620812E-005
      40.0   4.0506352205E-005
      50.0   4.0974383033E-005
      60.0   4.0651135733E-005
      80.0   4.5737469653E-005
     100.0   4.5931602792E-005
     120.0   4.5934980239E-005
     140.0   4.5941920289E-005
     160.0   4.5940563469E-005
     180.0   4.5943132659E-005
     200.0   4.5956376108E-005
     220.0   4.5950516644E-005
     240.0   4.5951103029E-005
     260.0   4.5862873657E-005
     280.0   4.5894484549E-005
     300.0   4.5743241545E-005
     400.0   4.5973257888E-005
     500.0   4.5986959589E-005
    1000.0   4.6055183585E-005
