   -1000.0   5.6573434903E-005
    -500.0   5.6623275225E-005
    -400.0   5.6633149459E-005
    -300.0   5.6643005587E-005
    -280.0   5.6644974140E-005
    -260.0   5.6646941633E-005
    -240.0   5.6648907972E-005
    -220.0   5.6650873064E-005
    -200.0   5.6652836894E-005
    -180.0   5.6655124303E-005
    -160.0   5.6658297579E-005
    -140.0   5.6668885201E-005
    -120.0   5.6666255767E-005
    -100.0   5.6672272859E-005
     -80.0   5.6736003627E-005
     -60.0   5.6794041868E-005
     -50.0   5.6794464378E-005
     -40.0   5.6809665441E-005
     -30.0   5.6826398387E-005
     -20.0   5.6910432123E-005
     -10.0   5.6925582959E-005
       0.0   5.6827665773E-005
      10.0   5.6797747412E-005
      20.0   5.6817253146E-005
      30.0   5.6814457867E-005
      40.0   5.6875294315E-005
      50.0   5.6871833038E-005
      60.0   5.6934138975E-005
      80.0   5.6892137352E-005
     100.0   5.6304726723E-005
     120.0   5.4008769273E-005
     140.0   5.2790594434E-005
     160.0   5.2527901505E-005
     180.0   5.1653678738E-005
     200.0   5.2633114104E-005
     220.0   5.3675805769E-005
     240.0   5.4426770193E-005
     260.0   5.4737493429E-005
     280.0   5.5044706485E-005
     300.0   5.5145972199E-005
     400.0   5.5776689074E-005
     500.0   5.6721268587E-005
    1000.0   5.6770347208E-005
