   -1000.0   5.7986776905E-005
    -500.0   5.8040362056E-005
    -400.0   5.8049352366E-005
    -300.0   5.8058360886E-005
    -280.0   5.8060172956E-005
    -260.0   5.8061994384E-005
    -240.0   5.8063832416E-005
    -220.0   5.8065702979E-005
    -200.0   5.8067649411E-005
    -180.0   5.8069856257E-005
    -160.0   5.8182644640E-005
    -140.0   5.8810147003E-005
    -120.0   5.9202022732E-005
    -100.0   5.9666193586E-005
     -80.0   6.0236513491E-005
     -60.0   6.0819559389E-005
     -50.0   6.0939034967E-005
     -40.0   6.0524853863E-005
     -30.0   6.0448011439E-005
     -20.0   6.1662687243E-005
     -10.0   6.1186090112E-005
       0.0   5.9181783623E-005
      10.0   5.8329112734E-005
      20.0   5.7201485136E-005
      30.0   5.6171762920E-005
      40.0   5.5671695176E-005
      50.0   5.5294377645E-005
      60.0   5.5298895975E-005
      80.0   5.5048678095E-005
     100.0   5.4527868689E-005
     120.0   5.4722614054E-005
     140.0   5.5854187188E-005
     160.0   5.5533339038E-005
     180.0   5.5547197991E-005
     200.0   5.5910136083E-005
     220.0   5.6319720777E-005
     240.0   5.6320839204E-005
     260.0   5.5990272987E-005
     280.0   5.4792681297E-005
     300.0   5.4853061721E-005
     400.0   5.8120135074E-005
     500.0   5.8129444626E-005
    1000.0   5.8173850153E-005
