   -1000.0   4.5737824202E-005
    -500.0   4.5810270246E-005
    -400.0   4.5823392145E-005
    -300.0   4.5836505265E-005
    -280.0   4.5839126942E-005
    -260.0   4.5841748416E-005
    -240.0   4.5844369920E-005
    -220.0   4.5846993623E-005
    -200.0   4.5876807604E-005
    -180.0   4.5861308604E-005
    -160.0   4.5866423968E-005
    -140.0   4.5871944301E-005
    -120.0   4.5881978188E-005
    -100.0   4.5935636535E-005
     -80.0   4.5994785848E-005
     -60.0   4.6100235917E-005
     -50.0   4.6174303124E-005
     -40.0   4.6234816498E-005
     -30.0   4.6645686540E-005
     -20.0   4.7217894217E-005
     -10.0   5.1573833716E-005
       0.0   4.6131371739E-005
      10.0   4.6638818454E-005
      20.0   4.6089071472E-005
      30.0   4.5991681734E-005
      40.0   4.5961918828E-005
      50.0   4.5958747647E-005
      60.0   4.5947609882E-005
      80.0   4.5286160947E-005
     100.0   4.5031101233E-005
     120.0   4.4977385929E-005
     140.0   4.4974430000E-005
     160.0   4.4919079200E-005
     180.0   4.5013283362E-005
     200.0   4.5047792512E-005
     220.0   4.4912423109E-005
     240.0   4.5085435094E-005
     260.0   4.5242336455E-005
     280.0   4.5425601532E-005
     300.0   4.5118509630E-005
     400.0   4.5752046287E-005
     500.0   4.5940899646E-005
    1000.0   4.6005990799E-005
