   -1000.0   7.1101267800E-005
    -500.0   7.1124367525E-005
    -400.0   7.1127379749E-005
    -300.0   7.1128267762E-005
    -280.0   7.1127945845E-005
    -260.0   7.1127386248E-005
    -240.0   7.1128027085E-005
    -220.0   7.1131416934E-005
    -200.0   7.1134951008E-005
    -180.0   7.1139740336E-005
    -160.0   7.1145037573E-005
    -140.0   7.1144501623E-005
    -120.0   7.1142869404E-005
    -100.0   7.1135856711E-005
     -80.0   7.1112266572E-005
     -60.0   7.1051092460E-005
     -50.0   7.0985444671E-005
     -40.0   7.0863882185E-005
     -30.0   7.0554575892E-005
     -20.0   6.9597860488E-005
     -10.0   6.4040678385E-005
       0.0   5.3669983178E-005
      10.0   5.8033888622E-005
      20.0   6.3977435674E-005
      30.0   6.5313788440E-005
      40.0   6.4560649244E-005
      50.0   6.3644267364E-005
      60.0   6.2841816235E-005
      80.0   5.6431519871E-005
     100.0   4.3385372418E-005
     120.0   3.8448235444E-005
     140.0   3.8457458192E-005
     160.0   3.9178771148E-005
     180.0   3.9777400506E-005
     200.0   4.0729958095E-005
     220.0   4.3021419532E-005
     240.0   4.5892478855E-005
     260.0   4.9443466953E-005
     280.0   5.3129231084E-005
     300.0   5.6732554523E-005
     400.0   7.1130408495E-005
     500.0   7.1165227380E-005
    1000.0   7.1202955312E-005
