   -1000.0   4.9584396481E-005
    -500.0   4.9647231182E-005
    -400.0   4.9659595936E-005
    -300.0   4.9671920957E-005
    -280.0   4.9674509925E-005
    -260.0   4.9677103282E-005
    -240.0   4.9680071867E-005
    -220.0   4.9685860087E-005
    -200.0   4.9687244386E-005
    -180.0   4.9726894345E-005
    -160.0   4.9715899663E-005
    -140.0   4.9708704739E-005
    -120.0   4.9743020287E-005
    -100.0   4.9756116835E-005
     -80.0   4.9788218420E-005
     -60.0   4.9783510138E-005
     -50.0   4.9812804506E-005
     -40.0   4.9841496529E-005
     -30.0   4.9844689917E-005
     -20.0   4.9863274409E-005
     -10.0   4.9795271511E-005
       0.0   4.3168578655E-005
      10.0   4.1375062859E-005
      20.0   4.3449590296E-005
      30.0   4.2937326220E-005
      40.0   4.1743287635E-005
      50.0   4.1031681466E-005
      60.0   3.7718396178E-005
      80.0   3.9494092525E-005
     100.0   4.4540328946E-005
     120.0   4.8784424070E-005
     140.0   4.9344810362E-005
     160.0   4.9255968384E-005
     180.0   4.9149765402E-005
     200.0   4.8956227192E-005
     220.0   4.8946657860E-005
     240.0   4.8730247352E-005
     260.0   4.9075752617E-005
     280.0   4.9410561424E-005
     300.0   4.9150695885E-005
     400.0   4.9758270108E-005
     500.0   4.9770709321E-005
    1000.0   4.9832187649E-005
