   -1000.0   6.9554933150E-005
    -500.0   7.0025278044E-005
    -400.0   7.0306228274E-005
    -300.0   7.0946416018E-005
    -280.0   7.1175760341E-005
    -260.0   7.1470087797E-005
    -240.0   7.1857969682E-005
    -220.0   7.2386605793E-005
    -200.0   7.3139814565E-005
    -180.0   7.4282709193E-005
    -160.0   7.6200908351E-005
    -140.0   8.0712180873E-005
    -120.0   1.0500353683E-004
    -100.0   2.5547808815E-004
     -80.0   5.1670585310E-004
     -60.0   7.6490229014E-004
     -50.0   8.7366610162E-004
     -40.0   1.0267451332E-003
     -30.0   1.3152279368E-003
     -20.0   1.4260353754E-003
     -10.0   1.0790994439E-003
       0.0   6.6475245067E-004
      10.0   6.8080989547E-004
      20.0   7.0688849652E-004
      30.0   7.1202382645E-004
      40.0   5.7580037534E-004
      50.0   5.0121486097E-004
      60.0   4.4612517944E-004
      80.0   3.4035686833E-004
     100.0   2.3444639347E-004
     120.0   1.3658256511E-004
     140.0   1.1595331053E-004
     160.0   1.0400880077E-004
     180.0   9.4549786262E-005
     200.0   8.7636646249E-005
     220.0   8.3076733935E-005
     240.0   7.9511924885E-005
     260.0   7.7412559017E-005
     280.0   7.4887063947E-005
     300.0   7.2876740647E-005
     400.0   7.0362400537E-005
     500.0   7.0099392959E-005
    1000.0   6.9817771575E-005
