   -1000.0   4.6246234688E-005
    -500.0   4.6315752856E-005
    -400.0   4.6329138014E-005
    -300.0   4.6342517357E-005
    -280.0   4.6345194046E-005
    -260.0   4.6347872991E-005
    -240.0   4.6350562272E-005
    -220.0   4.6368918601E-005
    -200.0   4.6378237832E-005
    -180.0   4.6389704613E-005
    -160.0   4.6403882802E-005
    -140.0   4.6409369228E-005
    -120.0   4.6452709963E-005
    -100.0   4.6434894358E-005
     -80.0   4.6831723416E-005
     -60.0   4.7054297212E-005
     -50.0   4.7286585198E-005
     -40.0   4.7357368050E-005
     -30.0   4.7438216801E-005
     -20.0   4.7587918225E-005
     -10.0   4.8770082050E-005
       0.0   4.8433191152E-005
      10.0   4.8333155421E-005
      20.0   4.7899759289E-005
      30.0   4.7785444690E-005
      40.0   4.7761476488E-005
      50.0   4.7345429656E-005
      60.0   4.7391108708E-005
      80.0   4.5562873397E-005
     100.0   4.4166627297E-005
     120.0   4.4134896997E-005
     140.0   4.4199960542E-005
     160.0   4.4120121350E-005
     180.0   4.4342480257E-005
     200.0   4.4548814160E-005
     220.0   4.4747951223E-005
     240.0   4.4754121048E-005
     260.0   4.4900912468E-005
     280.0   4.5028309405E-005
     300.0   4.5446553887E-005
     400.0   4.6434844141E-005
     500.0   4.6449097912E-005
    1000.0   4.6515576752E-005
