   -1000.0   5.4471506954E-005
    -500.0   5.4530133045E-005
    -400.0   5.4541810858E-005
    -300.0   5.4553477737E-005
    -280.0   5.4555809794E-005
    -260.0   5.4558141408E-005
    -240.0   5.4560472578E-005
    -220.0   5.4562803304E-005
    -200.0   5.4565133583E-005
    -180.0   5.4567464529E-005
    -160.0   5.4569796439E-005
    -140.0   5.4572126962E-005
    -120.0   5.4574456480E-005
    -100.0   5.4576786799E-005
     -80.0   5.4579116376E-005
     -60.0   5.4581446204E-005
     -50.0   5.4582641005E-005
     -40.0   5.4583864301E-005
     -30.0   5.4585067154E-005
     -20.0   5.4586237288E-005
     -10.0   5.4587421261E-005
       0.0   5.4588638967E-005
      10.0   5.4589637482E-005
      20.0   5.4590816639E-005
      30.0   5.4591984590E-005
      40.0   5.4593120132E-005
      50.0   5.4594262511E-005
      60.0   5.4595395591E-005
      80.0   5.4597714652E-005
     100.0   5.4600032344E-005
     120.0   5.4602346101E-005
     140.0   5.4604649683E-005
     160.0   5.4585240594E-005
     180.0   5.4290950281E-005
     200.0   5.3948235598E-005
     220.0   5.4128169895E-005
     240.0   5.4203855582E-005
     260.0   5.4266836236E-005
     280.0   5.4354659981E-005
     300.0   5.4462822933E-005
     400.0   5.4582823331E-005
     500.0   5.4646418032E-005
    1000.0   5.4704153919E-005
