   -1000.0   5.1232676974E-005
    -500.0   5.1293752739E-005
    -400.0   5.1305443036E-005
    -300.0   5.1317122911E-005
    -280.0   5.1319457620E-005
    -260.0   5.1321791903E-005
    -240.0   5.1324125761E-005
    -220.0   5.1326459196E-005
    -200.0   5.1328792225E-005
    -180.0   5.1331124969E-005
    -160.0   5.1334401410E-005
    -140.0   5.1337419316E-005
    -120.0   5.1340623347E-005
    -100.0   5.1343163481E-005
     -80.0   5.1346661151E-005
     -60.0   5.1350833285E-005
     -50.0   5.1382635735E-005
     -40.0   5.1398870128E-005
     -30.0   5.1414081794E-005
     -20.0   5.1376821591E-005
     -10.0   5.1374912636E-005
       0.0   5.1374208144E-005
      10.0   5.1373498220E-005
      20.0   5.1379070657E-005
      30.0   5.1391487756E-005
      40.0   5.1381376705E-005
      50.0   5.1380513285E-005
      60.0   5.1364831936E-005
      80.0   5.1365200913E-005
     100.0   5.1366394555E-005
     120.0   5.1368435495E-005
     140.0   5.1369821378E-005
     160.0   5.1004994710E-005
     180.0   4.9799654910E-005
     200.0   5.0270463100E-005
     220.0   5.0452348055E-005
     240.0   5.0534414789E-005
     260.0   5.0755472682E-005
     280.0   5.0863409192E-005
     300.0   5.1016251072E-005
     400.0   5.1398541708E-005
     500.0   5.1410188626E-005
    1000.0   5.1468036102E-005
