   -1000.0   5.4480522524E-005
    -500.0   5.4541626482E-005
    -400.0   5.4553303868E-005
    -300.0   5.4564968418E-005
    -280.0   5.4567299932E-005
    -260.0   5.4569631143E-005
    -240.0   5.4571962274E-005
    -220.0   5.4574293896E-005
    -200.0   5.4576637005E-005
    -180.0   5.4582535219E-005
    -160.0   5.4590701388E-005
    -140.0   5.4599811999E-005
    -120.0   5.4612823603E-005
    -100.0   5.4638891407E-005
     -80.0   5.4690217039E-005
     -60.0   5.4773240292E-005
     -50.0   5.5229151179E-005
     -40.0   5.6232643696E-005
     -30.0   5.7058779649E-005
     -20.0   5.7588938342E-005
     -10.0   5.6947558147E-005
       0.0   5.6254301949E-005
      10.0   5.6194173055E-005
      20.0   5.6652176553E-005
      30.0   5.6421555998E-005
      40.0   5.6006322754E-005
      50.0   5.5582025770E-005
      60.0   5.5296941838E-005
      80.0   5.5029720873E-005
     100.0   5.4837296842E-005
     120.0   5.4803462034E-005
     140.0   5.4769820053E-005
     160.0   5.4406115253E-005
     180.0   5.1460672079E-005
     200.0   4.7807660755E-005
     220.0   5.0080360643E-005
     240.0   5.1563992941E-005
     260.0   5.2440086653E-005
     280.0   5.3170285218E-005
     300.0   5.3636962378E-005
     400.0   5.4368326639E-005
     500.0   5.4657716479E-005
    1000.0   5.4715725308E-005
