   -1000.0   4.8150944340E-005
    -500.0   4.8216489310E-005
    -400.0   4.8229541246E-005
    -300.0   4.8242582305E-005
    -280.0   4.8245189359E-005
    -260.0   4.8247796271E-005
    -240.0   4.8250400953E-005
    -220.0   4.8253006382E-005
    -200.0   4.8255610357E-005
    -180.0   4.8258214279E-005
    -160.0   4.8260827382E-005
    -140.0   4.8263439158E-005
    -120.0   4.8266049378E-005
    -100.0   4.8268665715E-005
     -80.0   4.8271271606E-005
     -60.0   4.8273863028E-005
     -50.0   4.8275142725E-005
     -40.0   4.8276405681E-005
     -30.0   4.8277880012E-005
     -20.0   4.8278837360E-005
     -10.0   4.8279253306E-005
       0.0   4.6612843714E-005
      10.0   4.4876888863E-005
      20.0   4.5799922207E-005
      30.0   4.6188986226E-005
      40.0   4.6497519966E-005
      50.0   4.6754111635E-005
      60.0   4.6586536262E-005
      80.0   4.7338212891E-005
     100.0   4.8226760237E-005
     120.0   4.8289441675E-005
     140.0   4.8291681108E-005
     160.0   4.8294193468E-005
     180.0   4.8291549533E-005
     200.0   4.8292494184E-005
     220.0   4.8291265766E-005
     240.0   4.8288749017E-005
     260.0   4.8231328163E-005
     280.0   4.8238221795E-005
     300.0   4.8140917824E-005
     400.0   4.8333619458E-005
     500.0   4.8346590986E-005
    1000.0   4.8411284705E-005
