   -1000.0   4.6416993364E-005
    -500.0   4.6485958932E-005
    -400.0   4.6500953420E-005
    -300.0   4.6517972392E-005
    -280.0   4.6521910366E-005
    -260.0   4.6526168791E-005
    -240.0   4.6530867557E-005
    -220.0   4.6536197184E-005
    -200.0   4.6542530942E-005
    -180.0   4.6563567769E-005
    -160.0   4.6587339827E-005
    -140.0   4.6608794445E-005
    -120.0   4.6629931557E-005
    -100.0   4.6665188712E-005
     -80.0   4.6732779166E-005
     -60.0   4.6866414576E-005
     -50.0   4.7189484271E-005
     -40.0   4.7517809895E-005
     -30.0   4.8062431143E-005
     -20.0   4.8450389397E-005
     -10.0   5.5297461930E-005
       0.0   7.4668858399E-005
      10.0   5.3405649782E-005
      20.0   4.8524840497E-005
      30.0   4.7959550770E-005
      40.0   4.7388591517E-005
      50.0   4.7115285245E-005
      60.0   4.6801861414E-005
      80.0   4.6702785449E-005
     100.0   4.6654983257E-005
     120.0   4.6622303141E-005
     140.0   4.6592396620E-005
     160.0   4.6224053803E-005
     180.0   4.4048547327E-005
     200.0   4.4200924621E-005
     220.0   4.5031126483E-005
     240.0   4.5230717607E-005
     260.0   4.5739232091E-005
     280.0   4.5766401294E-005
     300.0   4.6002130995E-005
     400.0   4.6596921168E-005
     500.0   4.6616324580E-005
    1000.0   4.6682560620E-005
