   -1000.0   5.2283708971E-005
    -500.0   5.2434977764E-005
    -400.0   5.2454598501E-005
    -300.0   5.2488489926E-005
    -280.0   5.2713705536E-005
    -260.0   5.3392746010E-005
    -240.0   5.3691887639E-005
    -220.0   5.4447118172E-005
    -200.0   5.4917716932E-005
    -180.0   5.5400488607E-005
    -160.0   5.7304114086E-005
    -140.0   5.8550184712E-005
    -120.0   6.5867674135E-005
    -100.0   8.6797473698E-005
     -80.0   1.0310035628E-004
     -60.0   1.2020599008E-004
     -50.0   1.3435167118E-004
     -40.0   1.4909378671E-004
     -30.0   1.6672181693E-004
     -20.0   1.7154764935E-004
     -10.0   1.7294945062E-004
       0.0   1.7479639254E-004
      10.0   1.3931716478E-004
      20.0   1.1183826299E-004
      30.0   9.8463724322E-005
      40.0   8.6571215865E-005
      50.0   8.1478472599E-005
      60.0   7.6942159138E-005
      80.0   7.0668062015E-005
     100.0   6.5583309118E-005
     120.0   5.4051867206E-005
     140.0   4.8419471006E-005
     160.0   5.0424885842E-005
     180.0   5.1426654351E-005
     200.0   5.2356979634E-005
     220.0   5.2796257284E-005
     240.0   5.1789182516E-005
     260.0   5.1430791738E-005
     280.0   5.0401899906E-005
     300.0   5.1036004742E-005
     400.0   5.2565429341E-005
     500.0   5.2580347645E-005
    1000.0   5.2650241645E-005
