   -1000.0   8.1249956839E-005
    -500.0   8.3221834012E-005
    -400.0   8.4644692100E-005
    -300.0   8.7826282529E-005
    -280.0   8.8942222708E-005
    -260.0   9.0358024651E-005
    -240.0   9.2199984200E-005
    -220.0   9.4677795310E-005
    -200.0   9.8178214049E-005
    -180.0   1.0357720241E-004
    -160.0   1.1405303230E-004
    -140.0   1.3042882398E-004
    -120.0   1.5403276009E-004
    -100.0   1.8725047072E-004
     -80.0   2.4279343755E-004
     -60.0   3.5898137532E-004
     -50.0   4.3003271444E-004
     -40.0   4.8619187170E-004
     -30.0   5.0848455549E-004
     -20.0   5.0056506387E-004
     -10.0   4.6388961398E-004
       0.0   4.0590864230E-004
      10.0   3.8322985855E-004
      20.0   3.7594330931E-004
      30.0   3.7367240974E-004
      40.0   3.7587342621E-004
      50.0   3.6559333520E-004
      60.0   3.2286323994E-004
      80.0   2.3519355956E-004
     100.0   1.8286026437E-004
     120.0   1.5078786689E-004
     140.0   1.2716991949E-004
     160.0   1.1093426669E-004
     180.0   1.0060569112E-004
     200.0   9.5771576154E-005
     220.0   9.2774399679E-005
     240.0   9.0782511496E-005
     260.0   8.9337718385E-005
     280.0   8.8219155398E-005
     300.0   8.7345860562E-005
     400.0   8.4632209420E-005
     500.0   8.3284662893E-005
    1000.0   8.1542370689E-005
