   -1000.0   2.8952514137E-005
    -500.0   2.8905532453E-005
    -400.0   2.8896104005E-005
    -300.0   2.8886671834E-005
    -280.0   2.8884784955E-005
    -260.0   2.8882897929E-005
    -240.0   2.8881010756E-005
    -220.0   2.8879123437E-005
    -200.0   2.8877235976E-005
    -180.0   2.8875348376E-005
    -160.0   2.8873460650E-005
    -140.0   2.8871576604E-005
    -120.0   2.8869876256E-005
    -100.0   2.8868330106E-005
     -80.0   2.8866639863E-005
     -60.0   2.8866620971E-005
     -50.0   2.8868241759E-005
     -40.0   2.8868910102E-005
     -30.0   2.8876263105E-005
     -20.0   2.8866826251E-005
     -10.0   2.8964584828E-005
       0.0   2.8863197738E-005
      10.0   2.8962289090E-005
      20.0   2.8862034338E-005
      30.0   2.8868954045E-005
      40.0   2.8859564200E-005
      50.0   2.8857360476E-005
      60.0   2.8854779894E-005
      80.0   2.8851530065E-005
     100.0   2.8849416234E-005
     120.0   2.8846955053E-005
     140.0   2.8844817906E-005
     160.0   2.8843035981E-005
     180.0   2.8841216052E-005
     200.0   2.8839374665E-005
     220.0   2.8837510380E-005
     240.0   2.8835636251E-005
     260.0   2.8833743351E-005
     280.0   2.8831846202E-005
     300.0   2.8829991129E-005
     400.0   2.8820541504E-005
     500.0   2.8811079497E-005
    1000.0   2.8763713696E-005
