   -1000.0   2.6338916293E-005
    -500.0   2.6300392552E-005
    -400.0   2.6292640513E-005
    -300.0   2.6284884869E-005
    -280.0   2.6283333393E-005
    -260.0   2.6281781849E-005
    -240.0   2.6280230281E-005
    -220.0   2.6278678762E-005
    -200.0   2.6277127444E-005
    -180.0   2.6275588542E-005
    -160.0   2.6274350363E-005
    -140.0   2.6273865852E-005
    -120.0   2.6275326637E-005
    -100.0   2.6280132722E-005
     -80.0   2.6291358185E-005
     -60.0   2.6373970022E-005
     -50.0   2.6409482494E-005
     -40.0   2.6415889189E-005
     -30.0   2.6417859834E-005
     -20.0   2.6427047384E-005
     -10.0   2.6435633375E-005
       0.0   2.6436808914E-005
      10.0   2.6433617820E-005
      20.0   2.6421904386E-005
      30.0   2.6405742337E-005
      40.0   2.6393235243E-005
      50.0   2.6381028724E-005
      60.0   2.6351716569E-005
      80.0   2.6277714148E-005
     100.0   2.6203932351E-005
     120.0   2.6078849572E-005
     140.0   2.6103763143E-005
     160.0   2.6171295409E-005
     180.0   2.6216625431E-005
     200.0   2.6235831268E-005
     220.0   2.6241263119E-005
     240.0   2.6241979556E-005
     260.0   2.6241096503E-005
     280.0   2.6239749919E-005
     300.0   2.6238244568E-005
     400.0   2.6230471723E-005
     500.0   2.6222682594E-005
    1000.0   2.6183673846E-005
