   -1000.0   2.7590295228E-005
    -500.0   2.7549425499E-005
    -400.0   2.7540762465E-005
    -300.0   2.7532128959E-005
    -280.0   2.7530412886E-005
    -260.0   2.7528704741E-005
    -240.0   2.7527009087E-005
    -220.0   2.7525334335E-005
    -200.0   2.7523736258E-005
    -180.0   2.7522921598E-005
    -160.0   2.7523786129E-005
    -140.0   2.7538508522E-005
    -120.0   2.7734722582E-005
    -100.0   2.8106899931E-005
     -80.0   2.8208608757E-005
     -60.0   2.8390270386E-005
     -50.0   2.8484687727E-005
     -40.0   2.8493985593E-005
     -30.0   2.8405476058E-005
     -20.0   2.8232081719E-005
     -10.0   2.8024368731E-005
       0.0   2.7835486190E-005
      10.0   2.7626415884E-005
      20.0   2.7261756035E-005
      30.0   2.6976425907E-005
      40.0   2.6430729940E-005
      50.0   2.4982724000E-005
      60.0   2.4130538199E-005
      80.0   2.4014939273E-005
     100.0   2.4891510788E-005
     120.0   2.6460539283E-005
     140.0   2.6694678621E-005
     160.0   2.6790191503E-005
     180.0   2.6718476673E-005
     200.0   2.6697650359E-005
     220.0   2.6766537603E-005
     240.0   2.6890107912E-005
     260.0   2.7047282972E-005
     280.0   2.7166716188E-005
     300.0   2.7268702854E-005
     400.0   2.7471052070E-005
     500.0   2.7462398372E-005
    1000.0   2.7418801430E-005
