   -1000.0   3.1262885140E-005
    -500.0   3.1208636388E-005
    -400.0   3.1197766418E-005
    -300.0   3.1186893025E-005
    -280.0   3.1184717936E-005
    -260.0   3.1182542712E-005
    -240.0   3.1180367383E-005
    -220.0   3.1178200413E-005
    -200.0   3.1176062603E-005
    -180.0   3.1173914962E-005
    -160.0   3.1171760624E-005
    -140.0   3.1169608064E-005
    -120.0   3.1167444602E-005
    -100.0   3.1165297451E-005
     -80.0   3.1163148621E-005
     -60.0   3.1161009972E-005
     -50.0   3.1159945032E-005
     -40.0   3.1158881416E-005
     -30.0   3.1157823754E-005
     -20.0   3.1156786127E-005
     -10.0   3.1189537328E-005
       0.0   3.1154684525E-005
      10.0   3.1177887478E-005
      20.0   3.1152296210E-005
      30.0   3.1151172651E-005
      40.0   3.1150058907E-005
      50.0   3.1148951919E-005
      60.0   3.1147848314E-005
      80.0   3.1145639475E-005
     100.0   3.1143437196E-005
     120.0   3.1141222540E-005
     140.0   3.1139009877E-005
     160.0   3.1136794521E-005
     180.0   3.1134586623E-005
     200.0   3.1132412528E-005
     220.0   3.1130247540E-005
     240.0   3.1128078919E-005
     260.0   3.1125907698E-005
     280.0   3.1123737258E-005
     300.0   3.1121572521E-005
     400.0   3.1110683443E-005
     500.0   3.1099782703E-005
    1000.0   3.1045227855E-005
