   -1000.0   3.2499304479E-005
    -500.0   3.2457813189E-005
    -400.0   3.2451740225E-005
    -300.0   3.2452272509E-005
    -280.0   3.2454186347E-005
    -260.0   3.2457223852E-005
    -240.0   3.2461839980E-005
    -220.0   3.2468753899E-005
    -200.0   3.2479165510E-005
    -180.0   3.2495230233E-005
    -160.0   3.2521196487E-005
    -140.0   3.2566920024E-005
    -120.0   3.2693874740E-005
    -100.0   3.3713386915E-005
     -80.0   3.8983417579E-005
     -60.0   5.3954326142E-005
     -50.0   6.2530891497E-005
     -40.0   6.5828995502E-005
     -30.0   6.5582914848E-005
     -20.0   6.0469357339E-005
     -10.0   5.4883108460E-005
       0.0   5.2635628162E-005
      10.0   5.3840642539E-005
      20.0   5.5954158934E-005
      30.0   5.6896210313E-005
      40.0   5.5947524365E-005
      50.0   5.0963016056E-005
      60.0   4.4578935359E-005
      80.0   3.4212092377E-005
     100.0   2.8148369052E-005
     120.0   2.6738051913E-005
     140.0   2.8560919054E-005
     160.0   2.9959536039E-005
     180.0   3.0891713885E-005
     200.0   3.1594167510E-005
     220.0   3.2055535109E-005
     240.0   3.2229947999E-005
     260.0   3.2370522599E-005
     280.0   3.2383906172E-005
     300.0   3.2379180664E-005
     400.0   3.2359500065E-005
     500.0   3.2344024317E-005
    1000.0   3.2281693829E-005
