   -1000.0   3.5566357290E-005
    -500.0   3.5500028574E-005
    -400.0   3.5486726700E-005
    -300.0   3.5473421762E-005
    -280.0   3.5470760408E-005
    -260.0   3.5468098934E-005
    -240.0   3.5465437340E-005
    -220.0   3.5462775627E-005
    -200.0   3.5460113797E-005
    -180.0   3.5457451858E-005
    -160.0   3.5454790333E-005
    -140.0   3.5452147486E-005
    -120.0   3.5449571563E-005
    -100.0   3.5476591093E-005
     -80.0   3.5446883143E-005
     -60.0   3.5446260532E-005
     -50.0   3.5444545176E-005
     -40.0   3.5442924829E-005
     -30.0   3.5442080280E-005
     -20.0   3.5441551350E-005
     -10.0   3.5440400058E-005
       0.0   3.5438611928E-005
      10.0   3.5436653035E-005
      20.0   3.5434653585E-005
      30.0   3.5432665807E-005
      40.0   3.5430770002E-005
      50.0   3.5428975336E-005
      60.0   3.5427250473E-005
      80.0   3.5423899730E-005
     100.0   3.5449841435E-005
     120.0   3.5417584433E-005
     140.0   3.5414833250E-005
     160.0   3.5412149142E-005
     180.0   3.5409481963E-005
     200.0   3.5406812270E-005
     220.0   3.5404132537E-005
     240.0   3.5401415101E-005
     260.0   3.5398717017E-005
     280.0   3.5396099184E-005
     300.0   3.5393477864E-005
     400.0   3.5380200630E-005
     500.0   3.5366871143E-005
    1000.0   3.5300177891E-005
