   -1000.0   3.6097272635E-005
    -500.0   3.6135249297E-005
    -400.0   3.6142831245E-005
    -300.0   3.6150409214E-005
    -280.0   3.6151924324E-005
    -260.0   3.6153439270E-005
    -240.0   3.6154954050E-005
    -220.0   3.6156468664E-005
    -200.0   3.6157983107E-005
    -180.0   3.6159497377E-005
    -160.0   3.6161011468E-005
    -140.0   3.6162525450E-005
    -120.0   3.6164039273E-005
    -100.0   3.6165555212E-005
     -80.0   3.6167070059E-005
     -60.0   3.6168584250E-005
     -50.0   3.6169341546E-005
     -40.0   3.6170097444E-005
     -30.0   3.6170853198E-005
     -20.0   3.6171609800E-005
     -10.0   3.6172373760E-005
       0.0   3.6173126129E-005
      10.0   3.6173875910E-005
      20.0   3.6174623576E-005
      30.0   3.6168681238E-005
      40.0   3.6137647878E-005
      50.0   3.6111167293E-005
      60.0   3.6100957750E-005
      80.0   3.6086157461E-005
     100.0   3.6085363789E-005
     120.0   3.6075504986E-005
     140.0   3.6067330125E-005
     160.0   3.6063806180E-005
     180.0   3.6073298798E-005
     200.0   3.6099637275E-005
     220.0   3.6114683407E-005
     240.0   3.6114979986E-005
     260.0   3.5983400146E-005
     280.0   3.5912917983E-005
     300.0   3.5962465995E-005
     400.0   3.6203340617E-005
     500.0   3.6210890755E-005
    1000.0   3.6248563745E-005
