   -1000.0   2.8333265871E-005
    -500.0   2.8398680285E-005
    -400.0   2.8409388239E-005
    -300.0   2.8420094879E-005
    -280.0   2.8422236893E-005
    -260.0   2.8424380888E-005
    -240.0   2.8445286942E-005
    -220.0   2.8606215375E-005
    -200.0   2.8536094663E-005
    -180.0   2.8506602077E-005
    -160.0   2.8566654426E-005
    -140.0   2.8555558367E-005
    -120.0   2.8559465266E-005
    -100.0   2.8922327317E-005
     -80.0   2.9177742074E-005
     -60.0   2.9295249063E-005
     -50.0   2.9512385090E-005
     -40.0   2.9901090013E-005
     -30.0   3.0247905503E-005
     -20.0   3.0193489207E-005
     -10.0   2.9661526267E-005
       0.0   3.3400530689E-005
      10.0   3.1569686250E-005
      20.0   3.0262542504E-005
      30.0   2.8394617448E-005
      40.0   2.7646767613E-005
      50.0   2.7413837138E-005
      60.0   2.7006414644E-005
      80.0   2.6400045278E-005
     100.0   2.6218690227E-005
     120.0   2.4592140823E-005
     140.0   2.4518768178E-005
     160.0   2.6327937183E-005
     180.0   2.6596112095E-005
     200.0   2.6656816081E-005
     220.0   2.6272099542E-005
     240.0   2.5678728774E-005
     260.0   2.7139198535E-005
     280.0   2.7955784167E-005
     300.0   2.8285156548E-005
     400.0   2.8494937955E-005
     500.0   2.8505690952E-005
    1000.0   2.8559165477E-005
