   -1000.0   2.2605073436E-005
    -500.0   2.2671074138E-005
    -400.0   2.2686177148E-005
    -300.0   2.2709047133E-005
    -280.0   2.2718989659E-005
    -260.0   2.2750951158E-005
    -240.0   2.3386730671E-005
    -220.0   2.3948081682E-005
    -200.0   2.4442383267E-005
    -180.0   2.3669959817E-005
    -160.0   2.4553423582E-005
    -140.0   2.8230534915E-005
    -120.0   2.9926527679E-005
    -100.0   3.1516960229E-005
     -80.0   3.3762213199E-005
     -60.0   3.7585923464E-005
     -50.0   4.0119067049E-005
     -40.0   4.1957922990E-005
     -30.0   4.6383415821E-005
     -20.0   5.6753132909E-005
     -10.0   7.1565052658E-005
       0.0   7.2969982423E-005
      10.0   5.0512318952E-005
      20.0   3.7383015666E-005
      30.0   3.2602043195E-005
      40.0   3.0620787459E-005
      50.0   2.9799367283E-005
      60.0   2.8746495735E-005
      80.0   2.8455902193E-005
     100.0   2.7425764429E-005
     120.0   2.5629139954E-005
     140.0   2.6078090017E-005
     160.0   2.5085920162E-005
     180.0   2.4712964354E-005
     200.0   2.4417565055E-005
     220.0   2.3974990232E-005
     240.0   2.3677953810E-005
     260.0   2.3272619749E-005
     280.0   2.2785122961E-005
     300.0   2.2777032104E-005
     400.0   2.2777088776E-005
     500.0   2.2785181512E-005
    1000.0   2.2838486259E-005
