   -1000.0   2.7157575446E-005
    -500.0   2.7207731684E-005
    -400.0   2.7217752462E-005
    -300.0   2.7227773046E-005
    -280.0   2.7229777725E-005
    -260.0   2.7231782935E-005
    -240.0   2.7233788990E-005
    -220.0   2.7235796391E-005
    -200.0   2.7237805964E-005
    -180.0   2.7239819157E-005
    -160.0   2.7241838839E-005
    -140.0   2.7244175653E-005
    -120.0   2.7246899437E-005
    -100.0   2.7249719570E-005
     -80.0   2.7253157617E-005
     -60.0   2.7272617983E-005
     -50.0   2.7274952393E-005
     -40.0   2.7281831851E-005
     -30.0   2.7293332893E-005
     -20.0   2.7330888221E-005
     -10.0   2.7646370102E-005
       0.0   2.8365625012E-005
      10.0   2.7377950450E-005
      20.0   2.7301396490E-005
      30.0   2.7283069233E-005
      40.0   2.7277725396E-005
      50.0   2.7276290682E-005
      60.0   2.7273081834E-005
      80.0   2.7259297111E-005
     100.0   2.6549552431E-005
     120.0   2.6228031015E-005
     140.0   2.6128493178E-005
     160.0   2.5996947482E-005
     180.0   2.6209820694E-005
     200.0   2.6447665603E-005
     220.0   2.6655192375E-005
     240.0   2.6822522959E-005
     260.0   2.6878079095E-005
     280.0   2.7010149452E-005
     300.0   2.7076081150E-005
     400.0   2.7297534490E-005
     500.0   2.7307773685E-005
    1000.0   2.7357877527E-005
