   -1000.0   4.6461201229E-005
    -500.0   4.6489222194E-005
    -400.0   4.6494091563E-005
    -300.0   4.6498971258E-005
    -280.0   4.6499951453E-005
    -260.0   4.6500934730E-005
    -240.0   4.6501922606E-005
    -220.0   4.6502917572E-005
    -200.0   4.6503923907E-005
    -180.0   4.6504949489E-005
    -160.0   4.6506010239E-005
    -140.0   4.6507142797E-005
    -120.0   4.6508450656E-005
    -100.0   4.6510368905E-005
     -80.0   4.6880260037E-005
     -60.0   4.9338644391E-005
     -50.0   5.0578946065E-005
     -40.0   5.2471414764E-005
     -30.0   5.1366405372E-005
     -20.0   4.9694902839E-005
     -10.0   4.8923527266E-005
       0.0   4.8522833188E-005
      10.0   4.8119697473E-005
      20.0   4.8033944030E-005
      30.0   4.8391409792E-005
      40.0   4.7143992953E-005
      50.0   4.4968644418E-005
      60.0   4.3496216147E-005
      80.0   4.3333703453E-005
     100.0   4.3451391867E-005
     120.0   4.4009845687E-005
     140.0   4.3773168602E-005
     160.0   4.3919435338E-005
     180.0   4.3205817396E-005
     200.0   4.6519490904E-005
     220.0   4.6522963496E-005
     240.0   4.6524465785E-005
     260.0   4.6525648777E-005
     280.0   4.6526724863E-005
     300.0   4.6527753724E-005
     400.0   4.6532678578E-005
     500.0   4.6537508563E-005
    1000.0   4.6561444394E-005
