   -1000.0   3.3999491596E-005
    -500.0   3.4044747222E-005
    -400.0   3.4053775150E-005
    -300.0   3.4062798843E-005
    -280.0   3.4064602993E-005
    -260.0   3.4066406920E-005
    -240.0   3.4068210607E-005
    -220.0   3.4070014033E-005
    -200.0   3.4071817177E-005
    -180.0   3.4073620022E-005
    -160.0   3.4075478725E-005
    -140.0   3.4077644020E-005
    -120.0   3.4079799581E-005
    -100.0   3.4081920639E-005
     -80.0   3.4083920781E-005
     -60.0   3.4086104870E-005
     -50.0   3.4087469012E-005
     -40.0   3.4136690227E-005
     -30.0   3.4175727063E-005
     -20.0   3.4288150568E-005
     -10.0   3.4123859122E-005
       0.0   3.4128050088E-005
      10.0   3.4107929229E-005
      20.0   3.4109228298E-005
      30.0   3.4104871695E-005
      40.0   3.4102024523E-005
      50.0   3.4096462753E-005
      60.0   3.4111690318E-005
      80.0   3.4158855979E-005
     100.0   3.4191791201E-005
     120.0   3.4253962859E-005
     140.0   3.3831895505E-005
     160.0   3.1609258203E-005
     180.0   3.1162342503E-005
     200.0   3.2491295111E-005
     220.0   3.3037332173E-005
     240.0   3.3429036419E-005
     260.0   3.3503632238E-005
     280.0   3.3644021053E-005
     300.0   3.3767133521E-005
     400.0   3.4125809744E-005
     500.0   3.4134870666E-005
    1000.0   3.4179849720E-005
