   -1000.0   3.0606653976E-005
    -500.0   3.1715089307E-005
    -400.0   3.2608580588E-005
    -300.0   3.4920316512E-005
    -280.0   3.5892233718E-005
    -260.0   3.7332907404E-005
    -240.0   3.9831607461E-005
    -220.0   4.5476681813E-005
    -200.0   5.6520960383E-005
    -180.0   6.6917248155E-005
    -160.0   7.7803228734E-005
    -140.0   8.9477975475E-005
    -120.0   1.0325451279E-004
    -100.0   1.2280336500E-004
     -80.0   1.4816104621E-004
     -60.0   1.7870049708E-004
     -50.0   1.9434064598E-004
     -40.0   2.1194696880E-004
     -30.0   2.2277147544E-004
     -20.0   2.2947343169E-004
     -10.0   2.2447879467E-004
       0.0   1.9609085380E-004
      10.0   2.3444851531E-004
      20.0   2.3386083174E-004
      30.0   2.1404900799E-004
      40.0   1.9193932845E-004
      50.0   1.6950687597E-004
      60.0   1.5135248642E-004
      80.0   1.2132835234E-004
     100.0   9.8834809087E-005
     120.0   7.8910670804E-005
     140.0   6.4117868077E-005
     160.0   5.4712635231E-005
     180.0   4.7387567197E-005
     200.0   4.2748016488E-005
     220.0   4.0390839417E-005
     240.0   3.8557696966E-005
     260.0   3.6627975382E-005
     280.0   3.4976872719E-005
     300.0   3.4082888969E-005
     400.0   3.2404368444E-005
     500.0   3.1673114362E-005
    1000.0   3.0777587606E-005
