   -1000.0   6.4709599364E-005
    -500.0   6.4726501945E-005
    -400.0   6.4727212760E-005
    -300.0   6.4728139157E-005
    -280.0   6.4728388560E-005
    -260.0   6.4728679831E-005
    -240.0   6.4729031420E-005
    -220.0   6.4729473369E-005
    -200.0   6.4730057530E-005
    -180.0   6.4730881703E-005
    -160.0   6.4732159955E-005
    -140.0   6.4734563748E-005
    -120.0   6.5138361274E-005
    -100.0   6.6341401149E-005
     -80.0   6.7948832616E-005
     -60.0   7.6557269056E-005
     -50.0   8.2770182252E-005
     -40.0   8.8834800360E-005
     -30.0   9.6193907840E-005
     -20.0   8.6441952696E-005
     -10.0   8.1593748448E-005
       0.0   7.9060838757E-005
      10.0   7.7136354114E-005
      20.0   7.7995091901E-005
      30.0   7.8975782293E-005
      40.0   7.8099369914E-005
      50.0   7.5984205405E-005
      60.0   7.3404033849E-005
      80.0   6.4644880632E-005
     100.0   5.9717445985E-005
     120.0   5.4522887472E-005
     140.0   5.2263305658E-005
     160.0   5.2766509988E-005
     180.0   5.5685289108E-005
     200.0   5.6943720052E-005
     220.0   5.6724965617E-005
     240.0   5.7897301611E-005
     260.0   6.0834670580E-005
     280.0   6.3478584570E-005
     300.0   6.4710736152E-005
     400.0   6.4729515395E-005
     500.0   6.4730972660E-005
    1000.0   6.4733616595E-005
