   -1000.0   3.6097146167E-005
    -500.0   3.6135043883E-005
    -400.0   3.6142572086E-005
    -300.0   3.6150060495E-005
    -280.0   3.6151550648E-005
    -260.0   3.6153037353E-005
    -240.0   3.6154520072E-005
    -220.0   3.6155998211E-005
    -200.0   3.6157471211E-005
    -180.0   3.6158938902E-005
    -160.0   3.6160428740E-005
    -140.0   3.6162553527E-005
    -120.0   3.6165169545E-005
    -100.0   3.6175991554E-005
     -80.0   3.6188049905E-005
     -60.0   3.6199520616E-005
     -50.0   3.6205429435E-005
     -40.0   3.6211029887E-005
     -30.0   3.6217510996E-005
     -20.0   3.6235367379E-005
     -10.0   3.6347645481E-005
       0.0   3.6723419479E-005
      10.0   3.6239656192E-005
      20.0   3.6202602224E-005
      30.0   3.5911025661E-005
      40.0   3.5147371012E-005
      50.0   3.4403993189E-005
      60.0   3.4176794166E-005
      80.0   3.4130105418E-005
     100.0   3.4560662121E-005
     120.0   3.4271963019E-005
     140.0   3.3832235590E-005
     160.0   3.3567636520E-005
     180.0   3.3891096721E-005
     200.0   3.4490441101E-005
     220.0   3.4605662745E-005
     240.0   3.4654317063E-005
     260.0   3.1899884403E-005
     280.0   3.1282410471E-005
     300.0   3.1582883454E-005
     400.0   3.6199238385E-005
     500.0   3.6209660425E-005
    1000.0   3.6248380816E-005
