   -1000.0   2.9673645971E-005
    -500.0   2.9733427702E-005
    -400.0   2.9748958992E-005
    -300.0   2.9772297517E-005
    -280.0   2.9779111878E-005
    -260.0   2.9787271170E-005
    -240.0   2.9797334779E-005
    -220.0   2.9810205547E-005
    -200.0   2.9827444556E-005
    -180.0   2.9852048856E-005
    -160.0   2.9891019415E-005
    -140.0   2.9975566124E-005
    -120.0   3.2716817667E-005
    -100.0   3.4871479332E-005
     -80.0   4.7846605548E-005
     -60.0   7.9512236743E-005
     -50.0   9.3872793222E-005
     -40.0   1.1226238797E-004
     -30.0   1.3902122046E-004
     -20.0   1.7608038971E-004
     -10.0   1.0515540375E-004
       0.0   9.0559661853E-005
      10.0   9.8359351658E-005
      20.0   1.2827382413E-004
      30.0   9.5425169288E-005
      40.0   7.7485046943E-005
      50.0   6.9603008521E-005
      60.0   6.3716856997E-005
      80.0   4.7746988587E-005
     100.0   3.4762733848E-005
     120.0   3.3399964330E-005
     140.0   3.1567074654E-005
     160.0   3.1199939221E-005
     180.0   3.1018444878E-005
     200.0   3.0905541084E-005
     220.0   3.0798450715E-005
     240.0   3.0707317134E-005
     260.0   3.0641548263E-005
     280.0   3.0356702045E-005
     300.0   2.9877359411E-005
     400.0   2.9824028456E-005
     500.0   2.9827146114E-005
    1000.0   2.9866057834E-005
