   -1000.0   3.6784683356E-005
    -500.0   3.6821404363E-005
    -400.0   3.6828734094E-005
    -300.0   3.6836059517E-005
    -280.0   3.6837524058E-005
    -260.0   3.6838988407E-005
    -240.0   3.6840452554E-005
    -220.0   3.6841916486E-005
    -200.0   3.6843380185E-005
    -180.0   3.6844844061E-005
    -160.0   3.6846308716E-005
    -140.0   3.6847772393E-005
    -120.0   3.6849235723E-005
    -100.0   3.6850698474E-005
     -80.0   3.6852159955E-005
     -60.0   3.6853617526E-005
     -50.0   3.6854342936E-005
     -40.0   3.6855061787E-005
     -30.0   3.6855764104E-005
     -20.0   3.6855869657E-005
     -10.0   3.6851212974E-005
       0.0   3.6555952795E-005
      10.0   3.6677190847E-005
      20.0   3.6710392057E-005
      30.0   3.6722521359E-005
      40.0   3.6731144595E-005
      50.0   3.6750244682E-005
      60.0   3.6758307480E-005
      80.0   3.6753324880E-005
     100.0   3.6737366073E-005
     120.0   3.6733256194E-005
     140.0   3.6732919609E-005
     160.0   3.6749288515E-005
     180.0   3.6751765957E-005
     200.0   3.6734246577E-005
     220.0   3.6524410903E-005
     240.0   3.6556575735E-005
     260.0   3.6557177800E-005
     280.0   3.6665097732E-005
     300.0   3.6879869081E-005
     400.0   3.6887222149E-005
     500.0   3.6894517201E-005
    1000.0   3.6930919149E-005
