   -1000.0   2.6728607679E-005
    -500.0   2.6779475722E-005
    -400.0   2.6789640330E-005
    -300.0   2.6799802828E-005
    -280.0   2.6801835040E-005
    -260.0   2.6803867145E-005
    -240.0   2.6805899133E-005
    -220.0   2.6807930996E-005
    -200.0   2.6809962721E-005
    -180.0   2.6811994293E-005
    -160.0   2.6814025700E-005
    -140.0   2.6816073777E-005
    -120.0   2.6818162518E-005
    -100.0   2.6820264494E-005
     -80.0   2.6822375987E-005
     -60.0   2.6828744659E-005
     -50.0   2.6830871225E-005
     -40.0   2.6834176857E-005
     -30.0   2.6845839783E-005
     -20.0   2.6897316664E-005
     -10.0   2.6924649043E-005
       0.0   2.6839817314E-005
      10.0   2.6834939459E-005
      20.0   2.6837096293E-005
      30.0   2.6837528953E-005
      40.0   2.6843316462E-005
      50.0   2.6848084024E-005
      60.0   2.6845042004E-005
      80.0   2.6891133121E-005
     100.0   2.6598522952E-005
     120.0   2.6298637629E-005
     140.0   2.6196647585E-005
     160.0   2.5981734910E-005
     180.0   2.6203553963E-005
     200.0   2.6289788137E-005
     220.0   2.6423249714E-005
     240.0   2.6502157363E-005
     260.0   2.6547476600E-005
     280.0   2.6680015392E-005
     300.0   2.6735447027E-005
     400.0   2.6870881469E-005
     500.0   2.6881042636E-005
    1000.0   2.6931768253E-005
