   -1000.0   3.8341318737E-005
    -500.0   3.8376968956E-005
    -400.0   3.8383913042E-005
    -300.0   3.8390901912E-005
    -280.0   3.8392316639E-005
    -260.0   3.8393744451E-005
    -240.0   3.8395193357E-005
    -220.0   3.8396678585E-005
    -200.0   3.8398232863E-005
    -180.0   3.8399942279E-005
    -160.0   3.8402147346E-005
    -140.0   3.8468944199E-005
    -120.0   3.8981348449E-005
    -100.0   3.9292479342E-005
     -80.0   3.9717471320E-005
     -60.0   4.0344265399E-005
     -50.0   4.0499639214E-005
     -40.0   4.0456221564E-005
     -30.0   4.0391360999E-005
     -20.0   4.0715772002E-005
     -10.0   4.0972289241E-005
       0.0   3.9518560135E-005
      10.0   3.8960032879E-005
      20.0   3.8113628331E-005
      30.0   3.7224905670E-005
      40.0   3.7118699633E-005
      50.0   3.6968552304E-005
      60.0   3.6766749366E-005
      80.0   3.6416833028E-005
     100.0   3.6293365731E-005
     120.0   3.6800868765E-005
     140.0   3.6472586004E-005
     160.0   3.6294274626E-005
     180.0   3.6731301960E-005
     200.0   3.6717732677E-005
     220.0   3.6523695963E-005
     240.0   3.5009582740E-005
     260.0   3.5044783677E-005
     280.0   3.8042510756E-005
     300.0   3.8425730829E-005
     400.0   3.8438356178E-005
     500.0   3.8445727563E-005
    1000.0   3.8480368223E-005
