   -1000.0   5.2587019821E-005
    -500.0   5.2603563974E-005
    -400.0   5.2606839902E-005
    -300.0   5.2610102567E-005
    -280.0   5.2610752859E-005
    -260.0   5.2611402115E-005
    -240.0   5.2612050115E-005
    -220.0   5.2612697076E-005
    -200.0   5.2617453042E-005
    -180.0   5.2614004153E-005
    -160.0   5.2614647013E-005
    -140.0   5.2615284627E-005
    -120.0   5.2615914571E-005
    -100.0   5.2617995828E-005
     -80.0   5.2618249117E-005
     -60.0   5.2618876339E-005
     -50.0   5.2619386340E-005
     -40.0   5.2619313898E-005
     -30.0   5.2619106971E-005
     -20.0   5.2617579417E-005
     -10.0   5.2607825586E-005
       0.0   3.8973276058E-005
      10.0   5.0429196987E-005
      20.0   5.1509229243E-005
      30.0   5.1463589724E-005
      40.0   5.1354622980E-005
      50.0   5.1371311308E-005
      60.0   5.1398902906E-005
      80.0   4.9689575712E-005
     100.0   4.8238582848E-005
     120.0   4.8036909658E-005
     140.0   4.7926342006E-005
     160.0   4.7473808375E-005
     180.0   4.6967896934E-005
     200.0   4.7079514338E-005
     220.0   4.8332973586E-005
     240.0   4.8924693984E-005
     260.0   4.9943185027E-005
     280.0   5.0506507263E-005
     300.0   5.1732630918E-005
     400.0   5.2632739035E-005
     500.0   5.2636005060E-005
    1000.0   5.2651981804E-005
