   -1000.0   3.0134014069E-005
    -500.0   3.0628089157E-005
    -400.0   3.0954542406E-005
    -300.0   3.1808935448E-005
    -280.0   3.2223098325E-005
    -260.0   3.3486638537E-005
    -240.0   3.6886747969E-005
    -220.0   3.9791049324E-005
    -200.0   4.0165364904E-005
    -180.0   4.6816572288E-005
    -160.0   8.7843943365E-005
    -140.0   1.2747226530E-004
    -120.0   1.7030234055E-004
    -100.0   2.2434705782E-004
     -80.0   3.0191900349E-004
     -60.0   3.7739743537E-004
     -50.0   4.0794819278E-004
     -40.0   4.5051847281E-004
     -30.0   4.9822271421E-004
     -20.0   5.4124995797E-004
     -10.0   5.7181496854E-004
       0.0   6.0336991753E-004
      10.0   5.3275255695E-004
      20.0   4.1878830631E-004
      30.0   3.3597222750E-004
      40.0   2.8312069195E-004
      50.0   2.4291625748E-004
      60.0   2.0875818260E-004
      80.0   1.5813174398E-004
     100.0   1.1672528820E-004
     120.0   9.6064938523E-005
     140.0   8.9844245777E-005
     160.0   7.8006198249E-005
     180.0   7.0364905857E-005
     200.0   5.6802803793E-005
     220.0   4.8656091009E-005
     240.0   4.2919917969E-005
     260.0   3.8346136976E-005
     280.0   3.5479369049E-005
     300.0   3.2742135611E-005
     400.0   3.1039732116E-005
     500.0   3.0734760898E-005
    1000.0   3.0428796178E-005
