   -1000.0   2.5693618121E-005
    -500.0   2.5749078657E-005
    -400.0   2.5760108379E-005
    -300.0   2.5771129681E-005
    -280.0   2.5773332567E-005
    -260.0   2.5775535282E-005
    -240.0   2.5777742161E-005
    -220.0   2.5781153771E-005
    -200.0   2.5785517856E-005
    -180.0   2.5788077649E-005
    -160.0   2.5792787844E-005
    -140.0   2.5797712351E-005
    -120.0   2.5802519261E-005
    -100.0   2.5850700676E-005
     -80.0   2.5885803070E-005
     -60.0   2.5926517289E-005
     -50.0   2.5949635700E-005
     -40.0   2.5971936785E-005
     -30.0   2.5991973715E-005
     -20.0   2.6014823336E-005
     -10.0   2.6061684450E-005
       0.0   2.6113870733E-005
      10.0   2.6062248875E-005
      20.0   2.5976453680E-005
      30.0   2.4183389660E-005
      40.0   2.3417328911E-005
      50.0   2.3306433520E-005
      60.0   2.3230898702E-005
      80.0   2.3116677787E-005
     100.0   2.3260488971E-005
     120.0   2.1216981356E-005
     140.0   2.2647721768E-005
     160.0   2.4121650658E-005
     180.0   2.4470634015E-005
     200.0   2.4687039488E-005
     220.0   2.4449804779E-005
     240.0   2.3758888739E-005
     260.0   2.4559355765E-005
     280.0   2.5488752583E-005
     300.0   2.5669815865E-005
     400.0   2.5848125814E-005
     500.0   2.5859325933E-005
    1000.0   2.5914540178E-005
