   -1000.0   3.0798741044E-005
    -500.0   3.1500851147E-005
    -400.0   3.1994537298E-005
    -300.0   3.3086612082E-005
    -280.0   3.3467432114E-005
    -260.0   3.3948463296E-005
    -240.0   3.4569556788E-005
    -220.0   3.5393300319E-005
    -200.0   3.6522878964E-005
    -180.0   3.8140655541E-005
    -160.0   4.0601285589E-005
    -140.0   4.4712619060E-005
    -120.0   5.3580367983E-005
    -100.0   8.0811600787E-005
     -80.0   1.1877429744E-004
     -60.0   1.5728512991E-004
     -50.0   1.8239574740E-004
     -40.0   2.0012841676E-004
     -30.0   2.0378170313E-004
     -20.0   2.0235663952E-004
     -10.0   1.9638521896E-004
       0.0   1.8782396890E-004
      10.0   1.7330078183E-004
      20.0   1.2498376553E-004
      30.0   1.4404432428E-004
      40.0   1.4196576849E-004
      50.0   1.3715160961E-004
      60.0   1.2300722306E-004
      80.0   9.7311913120E-005
     100.0   7.5898756471E-005
     120.0   5.7803133277E-005
     140.0   4.8917070499E-005
     160.0   4.2517818950E-005
     180.0   3.7273449299E-005
     200.0   3.2929799740E-005
     220.0   3.0081405197E-005
     240.0   2.8730199230E-005
     260.0   2.8398182464E-005
     280.0   2.8811544370E-005
     300.0   2.9982989096E-005
     400.0   3.1669360985E-005
     500.0   3.1510504894E-005
    1000.0   3.1145389357E-005
