   -1000.0   1.0949954025E-005
    -500.0   1.0980689071E-005
    -400.0   1.0986844654E-005
    -300.0   1.0993003137E-005
    -280.0   1.0994235177E-005
    -260.0   1.0995467328E-005
    -240.0   1.0996699590E-005
    -220.0   1.0997931962E-005
    -200.0   1.0999164441E-005
    -180.0   1.1000397031E-005
    -160.0   1.1001630498E-005
    -140.0   1.1002867591E-005
    -120.0   1.1004110513E-005
    -100.0   1.1005364529E-005
     -80.0   1.1006625645E-005
     -60.0   1.1008009352E-005
     -50.0   1.1008819515E-005
     -40.0   1.1009592286E-005
     -30.0   1.1010280193E-005
     -20.0   1.1010957842E-005
     -10.0   1.1011583921E-005
       0.0   1.1012145388E-005
      10.0   1.1012719832E-005
      20.0   1.1013266108E-005
      30.0   1.1013776922E-005
      40.0   1.1014300691E-005
      50.0   1.1014823843E-005
      60.0   1.1015336820E-005
      80.0   1.1012762518E-005
     100.0   1.0968040579E-005
     120.0   1.0927819420E-005
     140.0   1.0932370018E-005
     160.0   1.0946263741E-005
     180.0   1.0971727285E-005
     200.0   1.0993219211E-005
     220.0   1.1006263434E-005
     240.0   1.1013290596E-005
     260.0   1.0949955121E-005
     280.0   1.0699895810E-005
     300.0   1.0548010739E-005
     400.0   1.1036182765E-005
     500.0   1.1042376932E-005
    1000.0   1.1073338842E-005
