   -1000.0   9.4359091237E-006
    -500.0   9.4633173602E-006
    -400.0   9.4688074083E-006
    -300.0   9.4743000110E-006
    -280.0   9.4753988015E-006
    -260.0   9.4764976690E-006
    -240.0   9.4775966056E-006
    -220.0   9.4786956014E-006
    -200.0   9.4797946440E-006
    -180.0   9.4808937188E-006
    -160.0   9.4819929346E-006
    -140.0   9.4830983042E-006
    -120.0   9.4842151934E-006
    -100.0   9.4853477236E-006
     -80.0   9.4865366432E-006
     -60.0   9.4884781439E-006
     -50.0   9.4892225859E-006
     -40.0   9.4899997152E-006
     -30.0   9.4906087643E-006
     -20.0   9.4918865825E-006
     -10.0   9.4915129285E-006
       0.0   9.4920500323E-006
      10.0   9.4924795731E-006
      20.0   9.4931718983E-006
      30.0   9.4939347070E-006
      40.0   9.4947616767E-006
      50.0   9.4955814903E-006
      60.0   9.4967050199E-006
      80.0   9.4650821864E-006
     100.0   9.3648838091E-006
     120.0   9.3101463817E-006
     140.0   9.2973071537E-006
     160.0   9.3252025488E-006
     180.0   9.3798338439E-006
     200.0   9.4163154256E-006
     220.0   9.4419832221E-006
     240.0   9.4146665751E-006
     260.0   9.1639715497E-006
     280.0   8.3839397269E-006
     300.0   8.2089656883E-006
     400.0   9.5127403399E-006
     500.0   9.5183376412E-006
    1000.0   9.5460025880E-006
