   -1000.0   9.5939521151E-006
    -500.0   9.6214452237E-006
    -400.0   9.6269367324E-006
    -300.0   9.6324147195E-006
    -280.0   9.6335073451E-006
    -260.0   9.6345984791E-006
    -240.0   9.6356877937E-006
    -220.0   9.6367748718E-006
    -200.0   9.6378591842E-006
    -180.0   9.6389403901E-006
    -160.0   9.6404633188E-006
    -140.0   9.6417270183E-006
    -120.0   9.6431459505E-006
    -100.0   9.6441840251E-006
     -80.0   9.6453189476E-006
     -60.0   9.6464506168E-006
     -50.0   9.6477053329E-006
     -40.0   9.6478482307E-006
     -30.0   9.6422510316E-006
     -20.0   9.5273447583E-006
     -10.0   9.2679983215E-006
       0.0   9.1923666480E-006
      10.0   9.1832831026E-006
      20.0   9.3299202205E-006
      30.0   9.3740046113E-006
      40.0   9.3877574231E-006
      50.0   9.4032413556E-006
      60.0   9.4195401279E-006
      80.0   9.3800566199E-006
     100.0   9.2379148082E-006
     120.0   9.0568966618E-006
     140.0   8.8613512174E-006
     160.0   8.7512448236E-006
     180.0   7.2247543562E-006
     200.0   5.0543765726E-006
     220.0   4.4036574913E-006
     240.0   4.9981492330E-006
     260.0   5.7767371913E-006
     280.0   7.1097662570E-006
     300.0   9.3804875353E-006
     400.0   9.6700860576E-006
     500.0   9.6763486827E-006
    1000.0   9.7045033843E-006
