   -1000.0   1.1254523627E-005
    -500.0   1.1308729604E-005
    -400.0   1.1332499272E-005
    -300.0   1.1378187927E-005
    -280.0   1.1393284942E-005
    -260.0   1.1412071193E-005
    -240.0   1.1436030334E-005
    -220.0   1.1467511424E-005
    -200.0   1.1510432325E-005
    -180.0   1.1571850399E-005
    -160.0   1.1665961697E-005
    -140.0   1.1829638359E-005
    -120.0   1.2659980270E-005
    -100.0   1.8227975641E-005
     -80.0   3.6485836578E-005
     -60.0   5.8904673034E-005
     -50.0   7.4201631313E-005
     -40.0   9.1305094801E-005
     -30.0   9.6757552487E-005
     -20.0   9.6678427868E-005
     -10.0   9.9268351014E-005
       0.0   9.5205037932E-005
      10.0   8.5044862836E-005
      20.0   7.2393723848E-005
      30.0   7.2731065327E-005
      40.0   7.2331659841E-005
      50.0   6.0677979680E-005
      60.0   4.8387941672E-005
      80.0   3.3292090726E-005
     100.0   2.1900384137E-005
     120.0   1.6847226676E-005
     140.0   1.5442239856E-005
     160.0   1.4415991801E-005
     180.0   1.3543675085E-005
     200.0   1.2582897433E-005
     220.0   1.1511775740E-005
     240.0   1.0213692077E-005
     260.0   1.0091547958E-005
     280.0   1.0237780054E-005
     300.0   1.0976409828E-005
     400.0   1.1374844780E-005
     500.0   1.1369297400E-005
    1000.0   1.1380453911E-005
