   -1000.0   2.7337865792E-006
    -500.0   2.7477280503E-006
    -400.0   2.7505278759E-006
    -300.0   2.7533310878E-006
    -280.0   2.7538920645E-006
    -260.0   2.7544531225E-006
    -240.0   2.7550142437E-006
    -220.0   2.7555761247E-006
    -200.0   2.7561628572E-006
    -180.0   2.7567085796E-006
    -160.0   2.7572694059E-006
    -140.0   2.7578875739E-006
    -120.0   2.7584542505E-006
    -100.0   2.7589944060E-006
     -80.0   2.7595403802E-006
     -60.0   2.7600982175E-006
     -50.0   2.7603752269E-006
     -40.0   2.7606482947E-006
     -30.0   2.7609043918E-006
     -20.0   2.7601345904E-006
     -10.0   2.7427746632E-006
       0.0   2.6860660477E-006
      10.0   2.6388633343E-006
      20.0   2.6191755338E-006
      30.0   2.6149030624E-006
      40.0   2.6207468462E-006
      50.0   2.6098994625E-006
      60.0   2.3192013017E-006
      80.0   1.1088680287E-006
     100.0   2.3335579856E-006
     120.0   2.7446964147E-006
     140.0   2.7619630758E-006
     160.0   2.7675861911E-006
     180.0   2.7681623312E-006
     200.0   2.7631269244E-006
     220.0   2.7465590329E-006
     240.0   2.7498759089E-006
     260.0   2.7616353113E-006
     280.0   2.7689556467E-006
     300.0   2.7702344311E-006
     400.0   2.7730760396E-006
     500.0   2.7759156476E-006
    1000.0   2.7901666809E-006
