   -1000.0   4.5459794505E-005
    -500.0   4.5561714329E-005
    -400.0   4.5584232117E-005
    -300.0   4.5611162720E-005
    -280.0   4.5617861665E-005
    -260.0   4.5625427128E-005
    -240.0   4.5634254312E-005
    -220.0   4.5644995783E-005
    -200.0   4.5658790324E-005
    -180.0   4.5677808698E-005
    -160.0   4.5706733220E-005
    -140.0   4.5758398906E-005
    -120.0   4.6192313895E-005
    -100.0   5.0373829554E-005
     -80.0   5.5483670415E-005
     -60.0   5.8776990454E-005
     -50.0   6.2663743556E-005
     -40.0   6.8707881133E-005
     -30.0   6.8784694487E-005
     -20.0   6.5641253379E-005
     -10.0   6.1563922229E-005
       0.0   5.8740102518E-005
      10.0   5.4347127157E-005
      20.0   5.2630155263E-005
      30.0   5.0580523692E-005
      40.0   5.0473953500E-005
      50.0   4.9671058389E-005
      60.0   4.8731571976E-005
      80.0   4.5749030142E-005
     100.0   4.2552813689E-005
     120.0   3.9526617583E-005
     140.0   3.7543718324E-005
     160.0   3.5211284254E-005
     180.0   3.1631245923E-005
     200.0   2.9332533037E-005
     220.0   2.9818139905E-005
     240.0   3.4377608305E-005
     260.0   3.9380475838E-005
     280.0   4.3158341004E-005
     300.0   4.5365213895E-005
     400.0   4.5704507093E-005
     500.0   4.5744507882E-005
    1000.0   4.5854331458E-005
