   -1000.0   2.4268556283E-005
    -500.0   2.4330931977E-005
    -400.0   2.4346659581E-005
    -300.0   2.4368170583E-005
    -280.0   2.4374081528E-005
    -260.0   2.4381006265E-005
    -240.0   2.4389368995E-005
    -220.0   2.4399852817E-005
    -200.0   2.4413625646E-005
    -180.0   2.4432889049E-005
    -160.0   2.4464718007E-005
    -140.0   2.4715772606E-005
    -120.0   2.5398082811E-005
    -100.0   2.7938396707E-005
     -80.0   3.7022324000E-005
     -60.0   4.3891658520E-005
     -50.0   5.0636380743E-005
     -40.0   6.0631333640E-005
     -30.0   6.3059895204E-005
     -20.0   6.2992161493E-005
     -10.0   6.1000989138E-005
       0.0   5.3994423022E-005
      10.0   4.4567335423E-005
      20.0   4.3134721426E-005
      30.0   4.4030149390E-005
      40.0   4.4718332523E-005
      50.0   4.1344603248E-005
      60.0   3.8033341179E-005
      80.0   3.2833504624E-005
     100.0   2.8464970250E-005
     120.0   2.6237498168E-005
     140.0   2.4991142820E-005
     160.0   2.3978400760E-005
     180.0   2.2911405889E-005
     200.0   2.1687356431E-005
     220.0   1.8965408677E-005
     240.0   1.6931550056E-005
     260.0   1.6643722434E-005
     280.0   1.8113854066E-005
     300.0   2.0867394953E-005
     400.0   2.4409420722E-005
     500.0   2.4435672253E-005
    1000.0   2.4495735558E-005
