   -1000.0   4.8514080205E-005
    -500.0   4.8520720727E-005
    -400.0   4.8521967972E-005
    -300.0   4.8523203200E-005
    -280.0   4.8523448771E-005
    -260.0   4.8523693840E-005
    -240.0   4.8523938403E-005
    -220.0   4.8524182557E-005
    -200.0   4.8524462103E-005
    -180.0   4.8524898937E-005
    -160.0   4.8525390789E-005
    -140.0   4.8526016386E-005
    -120.0   4.8526624180E-005
    -100.0   4.8530820889E-005
     -80.0   4.8536085886E-005
     -60.0   4.8538138891E-005
     -50.0   4.8538862626E-005
     -40.0   4.8539046734E-005
     -30.0   4.8539306789E-005
     -20.0   4.8541560579E-005
     -10.0   4.8545659685E-005
       0.0   4.8543946933E-005
      10.0   4.8543278069E-005
      20.0   4.8539027039E-005
      30.0   4.8536346487E-005
      40.0   4.8529169877E-005
      50.0   4.8471094674E-005
      60.0   4.8272656336E-005
      80.0   4.7804112583E-005
     100.0   4.7723083610E-005
     120.0   4.7792666753E-005
     140.0   4.7891086417E-005
     160.0   4.7984396352E-005
     180.0   4.8061693587E-005
     200.0   4.8119448601E-005
     220.0   4.8219726654E-005
     240.0   4.8287393337E-005
     260.0   4.8269425927E-005
     280.0   4.8216810521E-005
     300.0   4.8227482755E-005
     400.0   4.8528284218E-005
     500.0   4.8532666279E-005
    1000.0   4.8538211703E-005
