   -1000.0   4.6797476811E-005
    -500.0   4.6810744517E-005
    -400.0   4.6813254014E-005
    -300.0   4.6815751739E-005
    -280.0   4.6816249860E-005
    -260.0   4.6816747506E-005
    -240.0   4.6817244677E-005
    -220.0   4.6817741386E-005
    -200.0   4.6818242302E-005
    -180.0   4.6818955032E-005
    -160.0   4.6819744898E-005
    -140.0   4.6820643410E-005
    -120.0   4.6821508845E-005
    -100.0   4.6822588651E-005
     -80.0   4.6823769961E-005
     -60.0   4.6831846110E-005
     -50.0   4.6834991878E-005
     -40.0   4.6836496910E-005
     -30.0   4.6838392051E-005
     -20.0   4.6842638493E-005
     -10.0   4.6843670267E-005
       0.0   4.6839093611E-005
      10.0   4.6840361284E-005
      20.0   4.6839004782E-005
      30.0   4.6835685351E-005
      40.0   4.6833648564E-005
      50.0   4.6832558160E-005
      60.0   4.6831369540E-005
      80.0   4.6827599575E-005
     100.0   4.6820011656E-005
     120.0   4.6640237943E-005
     140.0   4.6483669773E-005
     160.0   4.6456573223E-005
     180.0   4.6398384739E-005
     200.0   4.6438162125E-005
     220.0   4.6542077405E-005
     240.0   4.6609228226E-005
     260.0   4.6661491331E-005
     280.0   4.6700618647E-005
     300.0   4.6730468588E-005
     400.0   4.6821278768E-005
     500.0   4.6835291547E-005
    1000.0   4.6847151277E-005
