   -1000.0   4.9729330086E-005
    -500.0   4.9733511733E-005
    -400.0   4.9734312851E-005
    -300.0   4.9737414499E-005
    -280.0   4.9739561322E-005
    -260.0   4.9756365629E-005
    -240.0   4.9942839511E-005
    -220.0   5.0275221326E-005
    -200.0   5.0615855600E-005
    -180.0   5.0899870155E-005
    -160.0   5.1175549407E-005
    -140.0   5.1512993040E-005
    -120.0   5.1872978876E-005
    -100.0   5.2252892621E-005
     -80.0   5.2546035511E-005
     -60.0   5.2616096398E-005
     -50.0   5.2582642789E-005
     -40.0   5.2497655231E-005
     -30.0   5.2581947187E-005
     -20.0   5.2600131649E-005
     -10.0   5.2409612891E-005
       0.0   5.1425367485E-005
      10.0   4.9312849138E-005
      20.0   4.7325018873E-005
      30.0   4.6920884158E-005
      40.0   4.6664389977E-005
      50.0   4.6508373166E-005
      60.0   4.6218438227E-005
      80.0   4.5957745375E-005
     100.0   4.5782477797E-005
     120.0   4.5176803664E-005
     140.0   4.3899072698E-005
     160.0   4.1207072336E-005
     180.0   3.9569419816E-005
     200.0   3.9914176940E-005
     220.0   4.1081587411E-005
     240.0   4.2358333276E-005
     260.0   4.3504877368E-005
     280.0   4.4501890788E-005
     300.0   4.5768142802E-005
     400.0   4.9717238696E-005
     500.0   4.9729348743E-005
    1000.0   4.9736425221E-005
