   -1000.0   4.7497786617E-005
    -500.0   4.7521880296E-005
    -400.0   4.7527444746E-005
    -300.0   4.7537329842E-005
    -280.0   4.7540692013E-005
    -260.0   4.7545124170E-005
    -240.0   4.7551498285E-005
    -220.0   4.7570310950E-005
    -200.0   4.7974381546E-005
    -180.0   4.8861844448E-005
    -160.0   5.0511834406E-005
    -140.0   5.2479059828E-005
    -120.0   5.5332661771E-005
    -100.0   5.8833069783E-005
     -80.0   7.0420307453E-005
     -60.0   1.1148218543E-004
     -50.0   1.3240424908E-004
     -40.0   1.5911299702E-004
     -30.0   1.8647847847E-004
     -20.0   1.8265211598E-004
     -10.0   1.6865162601E-004
       0.0   1.5367798837E-004
      10.0   1.4830552918E-004
      20.0   1.4500054116E-004
      30.0   1.4363317834E-004
      40.0   1.2550404952E-004
      50.0   1.0578536457E-004
      60.0   9.1433523193E-005
      80.0   7.0039723201E-005
     100.0   5.8866372731E-005
     120.0   5.0661353290E-005
     140.0   4.3199722849E-005
     160.0   4.0004917634E-005
     180.0   3.8723063579E-005
     200.0   3.8555165381E-005
     220.0   3.9711469493E-005
     240.0   4.2031054999E-005
     260.0   4.3651605022E-005
     280.0   4.4761638157E-005
     300.0   4.5494245409E-005
     400.0   4.6704612081E-005
     500.0   4.7543711203E-005
    1000.0   4.7556878996E-005
