   -1000.0   4.1734216009E-005
    -500.0   4.1757337595E-005
    -400.0   4.1761924473E-005
    -300.0   4.1766500341E-005
    -280.0   4.1767414197E-005
    -260.0   4.1768327620E-005
    -240.0   4.1769240616E-005
    -220.0   4.1770153157E-005
    -200.0   4.1771065278E-005
    -180.0   4.1771976877E-005
    -160.0   4.1772888139E-005
    -140.0   4.1773799450E-005
    -120.0   4.1774710801E-005
    -100.0   4.1775622175E-005
     -80.0   4.1776532993E-005
     -60.0   4.1777443115E-005
     -50.0   4.1777897831E-005
     -40.0   4.1778352281E-005
     -30.0   4.1778806455E-005
     -20.0   4.1779260202E-005
     -10.0   4.1779713565E-005
       0.0   4.1780166931E-005
      10.0   4.1780620073E-005
      20.0   4.1781073034E-005
      30.0   4.1781525862E-005
      40.0   4.1781978662E-005
      50.0   4.1782431504E-005
      60.0   4.1782884529E-005
      80.0   4.1783790460E-005
     100.0   4.1784695304E-005
     120.0   4.1785599719E-005
     140.0   4.1786503848E-005
     160.0   4.1787407613E-005
     180.0   4.1788311113E-005
     200.0   4.1789214303E-005
     220.0   4.1790117035E-005
     240.0   4.1791019383E-005
     260.0   4.1791921274E-005
     280.0   4.1792822734E-005
     300.0   4.1793723754E-005
     400.0   4.1798222252E-005
     500.0   4.1802709659E-005
    1000.0   4.1824979887E-005
