   -1000.0   5.1101448098E-005
    -500.0   5.1150667824E-005
    -400.0   5.1172900768E-005
    -300.0   5.1226594325E-005
    -280.0   5.1246785302E-005
    -260.0   5.1273443792E-005
    -240.0   5.1309943420E-005
    -220.0   5.1362737187E-005
    -200.0   5.1504863237E-005
    -180.0   5.1878714703E-005
    -160.0   5.2604708518E-005
    -140.0   5.4025663305E-005
    -120.0   6.2581390427E-005
    -100.0   7.9725164954E-005
     -80.0   9.8219931324E-005
     -60.0   1.1364468658E-004
     -50.0   1.1956994452E-004
     -40.0   1.2590168897E-004
     -30.0   1.2363424280E-004
     -20.0   1.2253512463E-004
     -10.0   1.2185431050E-004
       0.0   1.1490999355E-004
      10.0   1.0690577846E-004
      20.0   1.0113034634E-004
      30.0   9.5960283729E-005
      40.0   9.1361592495E-005
      50.0   8.3810345902E-005
      60.0   7.6507992216E-005
      80.0   6.3870501992E-005
     100.0   5.5079350238E-005
     120.0   4.9922508834E-005
     140.0   4.5978243368E-005
     160.0   4.5012509048E-005
     180.0   4.4618425660E-005
     200.0   4.4949075938E-005
     220.0   4.5800332779E-005
     240.0   4.5730615399E-005
     260.0   4.4919077211E-005
     280.0   4.4436023416E-005
     300.0   4.4453179876E-005
     400.0   5.1139953844E-005
     500.0   5.1144459607E-005
    1000.0   5.1131818319E-005
