   -1000.0   4.9802213118E-005
    -500.0   5.0006646791E-005
    -400.0   5.0114780549E-005
    -300.0   5.0419660910E-005
    -280.0   5.0571130422E-005
    -260.0   5.0904559221E-005
    -240.0   5.1433918718E-005
    -220.0   5.2117975938E-005
    -200.0   5.3177318612E-005
    -180.0   5.4997450794E-005
    -160.0   5.8202900397E-005
    -140.0   7.0931935730E-005
    -120.0   9.2127030615E-005
    -100.0   1.1635125969E-004
     -80.0   1.3741704141E-004
     -60.0   1.6133278054E-004
     -50.0   1.7304262011E-004
     -40.0   1.8732085651E-004
     -30.0   2.0608731403E-004
     -20.0   2.2330994578E-004
     -10.0   2.2265818879E-004
       0.0   2.0302716810E-004
      10.0   1.7849875782E-004
      20.0   1.4904834301E-004
      30.0   1.3457065041E-004
      40.0   1.1361284888E-004
      50.0   9.7335390385E-005
      60.0   8.5418263268E-005
      80.0   7.4353683349E-005
     100.0   6.5266739207E-005
     120.0   5.5502087337E-005
     140.0   4.8992222215E-005
     160.0   4.4231242250E-005
     180.0   4.3131899540E-005
     200.0   4.2842460421E-005
     220.0   4.4088614913E-005
     240.0   4.5368852026E-005
     260.0   4.5574055006E-005
     280.0   4.5422556590E-005
     300.0   4.6375371447E-005
     400.0   4.9842017537E-005
     500.0   4.9956974604E-005
    1000.0   4.9950387042E-005
