   -1000.0   6.5398598396E-005
    -500.0   6.5368114309E-005
    -400.0   6.5361972241E-005
    -300.0   6.5355816727E-005
    -280.0   6.5354584011E-005
    -260.0   6.5353350756E-005
    -240.0   6.5352116962E-005
    -220.0   6.5350882631E-005
    -200.0   6.5349647761E-005
    -180.0   6.5348412353E-005
    -160.0   6.5347176407E-005
    -140.0   6.5345939925E-005
    -120.0   6.5344703992E-005
    -100.0   6.5343479222E-005
     -80.0   6.5342250771E-005
     -60.0   6.5341013142E-005
     -50.0   6.5340394909E-005
     -40.0   6.5339777494E-005
     -30.0   6.5339161044E-005
     -20.0   6.5338542780E-005
     -10.0   6.5387697540E-005
       0.0   6.5337299908E-005
      10.0   6.5222438613E-005
      20.0   6.5336053951E-005
      30.0   6.5335428263E-005
      40.0   6.5334801813E-005
      50.0   6.5334175538E-005
      60.0   6.5333549538E-005
      80.0   6.5332300961E-005
     100.0   6.5331056437E-005
     120.0   6.5329812397E-005
     140.0   6.5328569512E-005
     160.0   6.5327326104E-005
     180.0   6.5326081501E-005
     200.0   6.5324836021E-005
     220.0   6.5323589574E-005
     240.0   6.5322342257E-005
     260.0   6.5321095720E-005
     280.0   6.5319848581E-005
     300.0   6.5318600625E-005
     400.0   6.5312350967E-005
     500.0   6.5306087626E-005
    1000.0   6.5274568118E-005
