   -1000.0   5.1366162252E-005
    -500.0   5.1507144165E-005
    -400.0   5.1575727013E-005
    -300.0   5.1741062670E-005
    -280.0   5.1805176353E-005
    -260.0   5.1893199262E-005
    -240.0   5.2023781488E-005
    -220.0   5.2264969848E-005
    -200.0   5.3536625934E-005
    -180.0   5.6062920032E-005
    -160.0   6.0874043098E-005
    -140.0   6.6831070179E-005
    -120.0   7.5723932311E-005
    -100.0   8.6999008013E-005
     -80.0   1.4362676151E-004
     -60.0   2.4348158537E-004
     -50.0   2.9175624917E-004
     -40.0   3.7776693148E-004
     -30.0   4.3977176550E-004
     -20.0   4.4663302645E-004
     -10.0   4.4387631743E-004
       0.0   3.7843369174E-004
      10.0   3.1520257116E-004
      20.0   2.7646914480E-004
      30.0   2.8314559019E-004
      40.0   2.6181638856E-004
      50.0   2.1267730056E-004
      60.0   1.7723789851E-004
      80.0   1.2430190131E-004
     100.0   8.6242591499E-005
     120.0   7.1676095317E-005
     140.0   5.9091396326E-005
     160.0   5.1586746152E-005
     180.0   4.7231040277E-005
     200.0   4.5689340178E-005
     220.0   4.5808184000E-005
     240.0   4.7362291573E-005
     260.0   4.8496159164E-005
     280.0   4.9301175896E-005
     300.0   4.9406758308E-005
     400.0   4.9893212609E-005
     500.0   5.1471519192E-005
    1000.0   5.1474452799E-005
