   -1000.0   2.3113442537E-005
    -500.0   2.3201515593E-005
    -400.0   2.3219141878E-005
    -300.0   2.3236822830E-005
    -280.0   2.3240374432E-005
    -260.0   2.3243936158E-005
    -240.0   2.3247512707E-005
    -220.0   2.3251112120E-005
    -200.0   2.3254789530E-005
    -180.0   2.3259521852E-005
    -160.0   2.3265348872E-005
    -140.0   2.3273331839E-005
    -120.0   2.3285383266E-005
    -100.0   2.3304626306E-005
     -80.0   2.3407896346E-005
     -60.0   2.3727675008E-005
     -50.0   2.3866774447E-005
     -40.0   2.3972616534E-005
     -30.0   2.3983880525E-005
     -20.0   2.3888920097E-005
     -10.0   2.3801364586E-005
       0.0   2.3738327430E-005
      10.0   2.3684949261E-005
      20.0   2.3651102832E-005
      30.0   2.3646868726E-005
      40.0   2.3634501262E-005
      50.0   2.3638673892E-005
      60.0   2.3568806137E-005
      80.0   2.3443953116E-005
     100.0   2.3342852341E-005
     120.0   2.3280196982E-005
     140.0   2.2577148639E-005
     160.0   2.1164747245E-005
     180.0   2.0177065573E-005
     200.0   1.9674556135E-005
     220.0   2.0486859388E-005
     240.0   2.1329089925E-005
     260.0   2.1941104576E-005
     280.0   2.2373808885E-005
     300.0   2.2574178185E-005
     400.0   2.3290660199E-005
     500.0   2.3376950318E-005
    1000.0   2.3467025083E-005
