   -1000.0   1.0433574822E-005
    -500.0   1.0498184506E-005
    -400.0   1.0512125830E-005
    -300.0   1.0529485374E-005
    -280.0   1.0542329956E-005
    -260.0   1.0555074520E-005
    -240.0   1.0625929846E-005
    -220.0   1.0967617935E-005
    -200.0   1.1401130233E-005
    -180.0   1.1729075281E-005
    -160.0   1.1873024246E-005
    -140.0   1.1995834734E-005
    -120.0   1.2291232680E-005
    -100.0   1.2737016825E-005
     -80.0   1.3498391249E-005
     -60.0   1.4488234718E-005
     -50.0   1.5099754750E-005
     -40.0   1.5675938485E-005
     -30.0   1.6079715974E-005
     -20.0   1.3827655112E-005
     -10.0   1.1945529354E-005
       0.0   1.1164951862E-005
      10.0   1.1073728163E-005
      20.0   1.1498158980E-005
      30.0   1.1711887142E-005
      40.0   1.1435925820E-005
      50.0   1.1180643666E-005
      60.0   1.0890029697E-005
      80.0   9.8025297981E-006
     100.0   7.8535289043E-006
     120.0   7.7792156520E-006
     140.0   7.7554958864E-006
     160.0   8.6484236235E-006
     180.0   1.0096182662E-005
     200.0   1.0006318694E-005
     220.0   1.0034683044E-005
     240.0   1.0021151779E-005
     260.0   9.9400432312E-006
     280.0   1.0346334670E-005
     300.0   1.0407077297E-005
     400.0   1.0609026403E-005
     500.0   1.0623267190E-005
    1000.0   1.0687432970E-005
