   -1000.0   2.6726621783E-005
    -500.0   2.6820059052E-005
    -400.0   2.6838778510E-005
    -300.0   2.6857509033E-005
    -280.0   2.6861256439E-005
    -260.0   2.6865004269E-005
    -240.0   2.6868752517E-005
    -220.0   2.6872501176E-005
    -200.0   2.6876250236E-005
    -180.0   2.6879999689E-005
    -160.0   2.6883750367E-005
    -140.0   2.6887505889E-005
    -120.0   2.6891263259E-005
    -100.0   2.6895020296E-005
     -80.0   2.6898794055E-005
     -60.0   2.6920035730E-005
     -50.0   2.6928547478E-005
     -40.0   2.6926793733E-005
     -30.0   2.6940345170E-005
     -20.0   2.6944032294E-005
     -10.0   2.6916384780E-005
       0.0   2.6914238715E-005
      10.0   2.6916367395E-005
      20.0   2.6918042478E-005
      30.0   2.6919796424E-005
      40.0   2.6921502904E-005
      50.0   2.6923307529E-005
      60.0   2.6925118600E-005
      80.0   2.6928766697E-005
     100.0   2.6931648271E-005
     120.0   2.6860406914E-005
     140.0   2.6467724255E-005
     160.0   2.6155142790E-005
     180.0   2.6271590953E-005
     200.0   2.6452572866E-005
     220.0   2.6583916743E-005
     240.0   2.6602819232E-005
     260.0   2.6588510528E-005
     280.0   2.6501216953E-005
     300.0   2.6360595858E-005
     400.0   2.6988859199E-005
     500.0   2.7007756093E-005
    1000.0   2.7102060498E-005
