   -1000.0   2.5939246472E-005
    -500.0   2.7829629075E-005
    -400.0   2.9247943209E-005
    -300.0   3.2648250666E-005
    -280.0   3.3944820993E-005
    -260.0   3.5692715477E-005
    -240.0   3.8182222328E-005
    -220.0   4.2040865574E-005
    -200.0   4.9079942904E-005
    -180.0   5.9451347298E-005
    -160.0   7.2745146911E-005
    -140.0   9.0656333015E-005
    -120.0   1.1283752635E-004
    -100.0   1.4548871076E-004
     -80.0   2.2774347390E-004
     -60.0   4.0563972718E-004
     -50.0   4.9043140532E-004
     -40.0   5.3153324723E-004
     -30.0   5.4542877628E-004
     -20.0   5.3802358846E-004
     -10.0   5.1280292117E-004
       0.0   4.8623692330E-004
      10.0   4.4149642218E-004
      20.0   4.3023003669E-004
      30.0   4.2239910362E-004
      40.0   4.1455525759E-004
      50.0   3.9091446524E-004
      60.0   3.3907425816E-004
      80.0   2.0879741948E-004
     100.0   1.3526031486E-004
     120.0   1.0662035258E-004
     140.0   8.6956531285E-005
     160.0   7.3094067374E-005
     180.0   6.3184797745E-005
     200.0   5.4806825763E-005
     220.0   4.8528358691E-005
     240.0   4.4143745748E-005
     260.0   4.0692742126E-005
     280.0   3.8004555301E-005
     300.0   3.5868601631E-005
     400.0   3.0201550443E-005
     500.0   2.8303559535E-005
    1000.0   2.6538406783E-005
