   -1000.0   4.3715461801E-005
    -500.0   4.3839286538E-005
    -400.0   4.3863684969E-005
    -300.0   4.3887705880E-005
    -280.0   4.3892434174E-005
    -260.0   4.3897126036E-005
    -240.0   4.3901774324E-005
    -220.0   4.3906370067E-005
    -200.0   4.3910901965E-005
    -180.0   4.3915372127E-005
    -160.0   4.3919798530E-005
    -140.0   4.3924193353E-005
    -120.0   4.3930922426E-005
    -100.0   4.3936598835E-005
     -80.0   4.3944139770E-005
     -60.0   4.3947487985E-005
     -50.0   4.3947081686E-005
     -40.0   4.3947858548E-005
     -30.0   4.3942243830E-005
     -20.0   4.3906823293E-005
     -10.0   4.3856068581E-005
       0.0   4.3821353653E-005
      10.0   4.3792409769E-005
      20.0   4.3762251913E-005
      30.0   4.3565419117E-005
      40.0   4.2974745781E-005
      50.0   4.2764159572E-005
      60.0   4.2495316787E-005
      80.0   4.1069577287E-005
     100.0   3.9750545244E-005
     120.0   3.8638174714E-005
     140.0   3.7590597301E-005
     160.0   3.7110791610E-005
     180.0   3.6987709338E-005
     200.0   3.7143624628E-005
     220.0   3.7301923449E-005
     240.0   3.6998470043E-005
     260.0   3.5167001064E-005
     280.0   3.2411000906E-005
     300.0   3.2028347423E-005
     400.0   4.3301265063E-005
     500.0   4.4072117430E-005
    1000.0   4.4214931413E-005
