   -1000.0   1.3115794642E-005
    -500.0   1.3184160268E-005
    -400.0   1.3198109965E-005
    -300.0   1.3213271152E-005
    -280.0   1.3216947250E-005
    -260.0   1.3225336273E-005
    -240.0   1.3246881512E-005
    -220.0   1.3276657313E-005
    -200.0   1.3327257280E-005
    -180.0   1.3424789978E-005
    -160.0   1.3861393125E-005
    -140.0   1.4364611835E-005
    -120.0   1.4821884972E-005
    -100.0   1.5124665884E-005
     -80.0   1.5500006490E-005
     -60.0   1.6162424780E-005
     -50.0   1.6605276739E-005
     -40.0   1.6953201546E-005
     -30.0   1.6871487387E-005
     -20.0   1.6148898479E-005
     -10.0   1.5747658944E-005
       0.0   1.5053694622E-005
      10.0   1.4288733636E-005
      20.0   1.3611246656E-005
      30.0   1.3247250764E-005
      40.0   1.2529061711E-005
      50.0   1.1602978733E-005
      60.0   1.1170406393E-005
      80.0   1.1137336692E-005
     100.0   1.1446246964E-005
     120.0   1.1720337541E-005
     140.0   1.1063851194E-005
     160.0   8.4996989854E-006
     180.0   7.7688569447E-006
     200.0   7.8727860615E-006
     220.0   8.0748550888E-006
     240.0   8.2579947026E-006
     260.0   9.1750663350E-006
     280.0   1.0714501273E-005
     300.0   1.1102966683E-005
     400.0   1.2558600756E-005
     500.0   1.3309426265E-005
    1000.0   1.3389936277E-005
