   -1000.0   1.3002416192E-005
    -500.0   1.3071288646E-005
    -400.0   1.3084595748E-005
    -300.0   1.3097339926E-005
    -280.0   1.3099791684E-005
    -260.0   1.3102148147E-005
    -240.0   1.3104436581E-005
    -220.0   1.3106633045E-005
    -200.0   1.3108706548E-005
    -180.0   1.3110649783E-005
    -160.0   1.3112359910E-005
    -140.0   1.3116282185E-005
    -120.0   1.3116213969E-005
    -100.0   1.3117110083E-005
     -80.0   1.3116657588E-005
     -60.0   1.3114188881E-005
     -50.0   1.3112494708E-005
     -40.0   1.3109331384E-005
     -30.0   1.3104238066E-005
     -20.0   1.3096966020E-005
     -10.0   1.3085107049E-005
       0.0   1.3044796614E-005
      10.0   1.2602318286E-005
      20.0   1.1782158370E-005
      30.0   1.0855543447E-005
      40.0   9.9094268214E-006
      50.0   9.0261473109E-006
      60.0   8.4108133630E-006
      80.0   8.6927061347E-006
     100.0   7.2102308972E-006
     120.0   6.2266304551E-006
     140.0   5.7824620718E-006
     160.0   6.3797662402E-006
     180.0   6.9880566913E-006
     200.0   9.8323783276E-006
     220.0   1.0654640806E-005
     240.0   1.0590094720E-005
     260.0   1.0393810752E-005
     280.0   1.0136469360E-005
     300.0   1.0124749414E-005
     400.0   1.3164910846E-005
     500.0   1.3206378125E-005
    1000.0   1.3284061359E-005
