   -1000.0   1.0849357879E-005
    -500.0   1.0914881892E-005
    -400.0   1.0928003019E-005
    -300.0   1.0941108626E-005
    -280.0   1.0943726052E-005
    -260.0   1.0946378090E-005
    -240.0   1.0948956662E-005
    -220.0   1.0951565322E-005
    -200.0   1.0954181632E-005
    -180.0   1.0956797979E-005
    -160.0   1.0959406716E-005
    -140.0   1.0962782798E-005
    -120.0   1.0968429779E-005
    -100.0   1.0971062360E-005
     -80.0   1.0973066082E-005
     -60.0   1.0974816352E-005
     -50.0   1.0975937602E-005
     -40.0   1.0977083476E-005
     -30.0   1.0978826919E-005
     -20.0   1.0978850356E-005
     -10.0   1.0986626914E-005
       0.0   1.0977722103E-005
      10.0   1.0773760718E-005
      20.0   1.0072333407E-005
      30.0   9.1599533526E-006
      40.0   8.2390009147E-006
      50.0   7.4221216917E-006
      60.0   7.0763698599E-006
      80.0   7.4760219829E-006
     100.0   8.1142089005E-006
     120.0   6.8671831452E-006
     140.0   6.4725543993E-006
     160.0   6.9556788545E-006
     180.0   9.0450220171E-006
     200.0   9.9218944466E-006
     220.0   1.0093783004E-005
     240.0   1.0034642220E-005
     260.0   9.7431179923E-006
     280.0   9.4375512720E-006
     300.0   9.4477083129E-006
     400.0   1.1030511520E-005
     500.0   1.1046941519E-005
    1000.0   1.1113909029E-005
