   -1000.0   2.5048184943E-005
    -500.0   2.5147440542E-005
    -400.0   2.5172027571E-005
    -300.0   2.5205785178E-005
    -280.0   2.5215230740E-005
    -260.0   2.5226491119E-005
    -240.0   2.5240498142E-005
    -220.0   2.5259042142E-005
    -200.0   2.5299910248E-005
    -180.0   2.5560292856E-005
    -160.0   2.6083377868E-005
    -140.0   2.6953486638E-005
    -120.0   2.8767439545E-005
    -100.0   3.5806053866E-005
     -80.0   4.3574078993E-005
     -60.0   5.3214573201E-005
     -50.0   6.1375163325E-005
     -40.0   6.8058525747E-005
     -30.0   6.7714671496E-005
     -20.0   6.3227622842E-005
     -10.0   5.5852881915E-005
       0.0   4.9892848020E-005
      10.0   4.4384022700E-005
      20.0   4.3921391534E-005
      30.0   4.4576799697E-005
      40.0   4.6934835666E-005
      50.0   4.5848863491E-005
      60.0   4.2297505141E-005
      80.0   3.6795704999E-005
     100.0   3.1948001950E-005
     120.0   2.7409775204E-005
     140.0   2.5271201015E-005
     160.0   2.4393583690E-005
     180.0   2.4061366317E-005
     200.0   2.4020301678E-005
     220.0   2.4075390885E-005
     240.0   2.4024732786E-005
     260.0   2.3670445451E-005
     280.0   2.3330237933E-005
     300.0   2.2322778781E-005
     400.0   2.2993239718E-005
     500.0   2.5303207623E-005
    1000.0   2.5410956169E-005
