   -1000.0   3.0275974431E-005
    -500.0   3.0376053599E-005
    -400.0   3.0396070700E-005
    -300.0   3.0416098203E-005
    -280.0   3.0420104929E-005
    -260.0   3.0424112053E-005
    -240.0   3.0428119574E-005
    -220.0   3.0432127517E-005
    -200.0   3.0436135894E-005
    -180.0   3.0440144854E-005
    -160.0   3.0444154598E-005
    -140.0   3.0448165475E-005
    -120.0   3.0452176389E-005
    -100.0   3.0456187179E-005
     -80.0   3.0460197590E-005
     -60.0   3.0464206166E-005
     -50.0   3.0466209437E-005
     -40.0   3.0468211507E-005
     -30.0   3.0470179421E-005
     -20.0   3.0470982987E-005
     -10.0   3.0461743556E-005
       0.0   3.0429591187E-005
      10.0   3.0390035239E-005
      20.0   3.0379887028E-005
      30.0   3.0386130859E-005
      40.0   3.0384732398E-005
      50.0   3.0383393028E-005
      60.0   3.0385136817E-005
      80.0   3.0392757923E-005
     100.0   3.0402020602E-005
     120.0   3.0413143573E-005
     140.0   3.0412496924E-005
     160.0   3.0312451529E-005
     180.0   3.0116417490E-005
     200.0   2.9979628000E-005
     220.0   2.9942483017E-005
     240.0   2.9940023660E-005
     260.0   3.0040236915E-005
     280.0   3.0187235865E-005
     300.0   3.0294286189E-005
     400.0   3.0554370297E-005
     500.0   3.0576702328E-005
    1000.0   3.0677435443E-005
