   -1000.0   5.2077548701E-005
    -500.0   5.2114911563E-005
    -400.0   5.2122351888E-005
    -300.0   5.2129781529E-005
    -280.0   5.2131266024E-005
    -260.0   5.2132749985E-005
    -240.0   5.2134233377E-005
    -220.0   5.2135716153E-005
    -200.0   5.2137198253E-005
    -180.0   5.2138679602E-005
    -160.0   5.2140160099E-005
    -140.0   5.2141639614E-005
    -120.0   5.2143153995E-005
    -100.0   5.2144778838E-005
     -80.0   5.2146328156E-005
     -60.0   5.2178614913E-005
     -50.0   5.2174910311E-005
     -40.0   5.2200326336E-005
     -30.0   5.2222310954E-005
     -20.0   5.2179836361E-005
     -10.0   5.2168241890E-005
       0.0   5.2156793479E-005
      10.0   5.2156408182E-005
      20.0   5.2158746572E-005
      30.0   5.2162130422E-005
      40.0   5.2166916872E-005
      50.0   5.2165860752E-005
      60.0   5.2170664356E-005
      80.0   5.2176303856E-005
     100.0   5.1183629793E-005
     120.0   4.7697425110E-005
     140.0   4.7030797842E-005
     160.0   4.8370567697E-005
     180.0   4.9422287396E-005
     200.0   5.0312139113E-005
     220.0   5.0679672670E-005
     240.0   5.0990237460E-005
     260.0   5.1294672772E-005
     280.0   5.0920545863E-005
     300.0   5.1652180117E-005
     400.0   5.2181487074E-005
     500.0   5.2188907595E-005
    1000.0   5.2225614213E-005
