   -1000.0   4.5460709994E-005
    -500.0   4.5509884680E-005
    -400.0   4.5520770651E-005
    -300.0   4.5533474388E-005
    -280.0   4.5536497261E-005
    -260.0   4.5539808999E-005
    -240.0   4.5543514784E-005
    -220.0   4.5547772109E-005
    -200.0   4.5552825771E-005
    -180.0   4.5559075964E-005
    -160.0   4.5567270353E-005
    -140.0   4.5584748682E-005
    -120.0   4.5610731681E-005
    -100.0   4.5650701551E-005
     -80.0   4.5766958146E-005
     -60.0   4.5937158478E-005
     -50.0   4.6073159310E-005
     -40.0   4.6298933723E-005
     -30.0   4.6725079489E-005
     -20.0   4.7354753716E-005
     -10.0   5.6246572343E-005
       0.0   7.2204382925E-005
      10.0   5.0282293484E-005
      20.0   4.7162161133E-005
      30.0   4.6375111621E-005
      40.0   4.6076065394E-005
      50.0   4.5859592115E-005
      60.0   4.5658765634E-005
      80.0   4.5204067229E-005
     100.0   4.3266827596E-005
     120.0   4.2151986407E-005
     140.0   4.1558215215E-005
     160.0   4.1380947285E-005
     180.0   4.2606345841E-005
     200.0   4.3264627628E-005
     220.0   4.3900490852E-005
     240.0   4.4237358015E-005
     260.0   4.4215334589E-005
     280.0   4.4372008394E-005
     300.0   4.4632855476E-005
     400.0   4.5574718043E-005
     500.0   4.5599686557E-005
    1000.0   4.5648405823E-005
