   -1000.0   3.6146744125E-005
    -500.0   3.6208353840E-005
    -400.0   3.6220605282E-005
    -300.0   3.6232850342E-005
    -280.0   3.6235298652E-005
    -260.0   3.6237746811E-005
    -240.0   3.6240194931E-005
    -220.0   3.6242643265E-005
    -200.0   3.6245092509E-005
    -180.0   3.6247547223E-005
    -160.0   3.6252281880E-005
    -140.0   3.6258907660E-005
    -120.0   3.6267159541E-005
    -100.0   3.6278973504E-005
     -80.0   3.6289514740E-005
     -60.0   3.6485812186E-005
     -50.0   3.6501499005E-005
     -40.0   3.6539172919E-005
     -30.0   3.6595227781E-005
     -20.0   3.6858627335E-005
     -10.0   3.6707149775E-005
       0.0   3.6585199334E-005
      10.0   3.6587701544E-005
      20.0   3.6620912984E-005
      30.0   3.6561840559E-005
      40.0   3.6518852676E-005
      50.0   3.6467417483E-005
      60.0   3.6499549912E-005
      80.0   3.6360267160E-005
     100.0   3.6330052940E-005
     120.0   3.5166299668E-005
     140.0   3.4861283714E-005
     160.0   3.4813642313E-005
     180.0   3.4594907961E-005
     200.0   3.4855305284E-005
     220.0   3.5121456573E-005
     240.0   3.5273784321E-005
     260.0   3.5468484970E-005
     280.0   3.5839043798E-005
     300.0   3.6117887918E-005
     400.0   3.6318014067E-005
     500.0   3.6330591100E-005
    1000.0   3.6391609559E-005
