   -1000.0   3.8808060674E-005
    -500.0   3.8867672183E-005
    -400.0   3.8879567743E-005
    -300.0   3.8891454695E-005
    -280.0   3.8893831164E-005
    -260.0   3.8896207458E-005
    -240.0   3.8898583731E-005
    -220.0   3.8900960265E-005
    -200.0   3.8903337655E-005
    -180.0   3.8905887359E-005
    -160.0   3.8908516483E-005
    -140.0   3.8911219129E-005
    -120.0   3.8913754529E-005
    -100.0   3.8917032470E-005
     -80.0   3.8919716307E-005
     -60.0   3.8927165273E-005
     -50.0   3.8935131135E-005
     -40.0   3.8940141949E-005
     -30.0   3.8942708935E-005
     -20.0   3.8963111914E-005
     -10.0   3.9261146151E-005
       0.0   4.0033434347E-005
      10.0   3.9003172679E-005
      20.0   3.8945384830E-005
      30.0   3.8940086028E-005
      40.0   3.8939808841E-005
      50.0   3.8939822763E-005
      60.0   3.8942317883E-005
      80.0   3.8943685971E-005
     100.0   3.8939947150E-005
     120.0   3.7916023092E-005
     140.0   3.7333297994E-005
     160.0   3.7321825727E-005
     180.0   3.7152050807E-005
     200.0   3.6689235980E-005
     220.0   3.7328030433E-005
     240.0   3.7579510680E-005
     260.0   3.7708649804E-005
     280.0   3.8026411698E-005
     300.0   3.8260587086E-005
     400.0   3.8970035463E-005
     500.0   3.8986107998E-005
    1000.0   3.9045601937E-005
