   -1000.0   4.8117733510E-005
    -500.0   4.8160562629E-005
    -400.0   4.8169040476E-005
    -300.0   4.8177444508E-005
    -280.0   4.8179108564E-005
    -260.0   4.8180763527E-005
    -240.0   4.8182407031E-005
    -220.0   4.8184258149E-005
    -200.0   4.8186559745E-005
    -180.0   4.8189837484E-005
    -160.0   4.8194905154E-005
    -140.0   4.8197174875E-005
    -120.0   4.8200840404E-005
    -100.0   4.8204268305E-005
     -80.0   4.8207042240E-005
     -60.0   4.8211848963E-005
     -50.0   4.8212267169E-005
     -40.0   4.8215514214E-005
     -30.0   4.8212766265E-005
     -20.0   4.8193700109E-005
     -10.0   4.8084501048E-005
       0.0   3.5782064155E-005
      10.0   4.3491194987E-005
      20.0   4.5373409628E-005
      30.0   4.5343734419E-005
      40.0   4.4325353186E-005
      50.0   4.3710200127E-005
      60.0   4.3380915770E-005
      80.0   4.2455660425E-005
     100.0   3.1974715112E-005
     120.0   3.0555221758E-005
     140.0   3.0952837800E-005
     160.0   3.1127671190E-005
     180.0   3.1663446977E-005
     200.0   3.2346923924E-005
     220.0   3.4469496996E-005
     240.0   3.7793943959E-005
     260.0   3.9978404303E-005
     280.0   4.1860134427E-005
     300.0   4.2777985398E-005
     400.0   4.8236039247E-005
     500.0   4.8245316236E-005
    1000.0   4.8287974221E-005
