   -1000.0   3.4814815776E-005
    -500.0   3.4880006230E-005
    -400.0   3.4893012914E-005
    -300.0   3.4906007339E-005
    -280.0   3.4908604109E-005
    -260.0   3.4911200236E-005
    -240.0   3.4913861808E-005
    -220.0   3.4916596168E-005
    -200.0   3.4919374098E-005
    -180.0   3.4922313360E-005
    -160.0   3.4925449188E-005
    -140.0   3.4928495972E-005
    -120.0   3.4931850104E-005
    -100.0   3.4943264416E-005
     -80.0   3.4951246668E-005
     -60.0   3.4959650022E-005
     -50.0   3.4965752138E-005
     -40.0   3.4972307416E-005
     -30.0   3.4980255883E-005
     -20.0   3.4986636428E-005
     -10.0   3.4999179903E-005
       0.0   3.5130914370E-005
      10.0   3.5008923618E-005
      20.0   3.4991852900E-005
      30.0   3.3363325155E-005
      40.0   3.2270099738E-005
      50.0   3.2087685081E-005
      60.0   3.1952419589E-005
      80.0   3.2220903122E-005
     100.0   3.2311868115E-005
     120.0   3.2614013849E-005
     140.0   3.2252353852E-005
     160.0   3.3227315017E-005
     180.0   3.3691403069E-005
     200.0   3.4269471949E-005
     220.0   3.4433189827E-005
     240.0   3.4543416631E-005
     260.0   3.4121371775E-005
     280.0   3.4461925343E-005
     300.0   3.4712149986E-005
     400.0   3.4996740441E-005
     500.0   3.5009872089E-005
    1000.0   3.5074728084E-005
