   -1000.0   4.3370106232E-005
    -500.0   4.4933395163E-005
    -400.0   4.6117690277E-005
    -300.0   4.9214937043E-005
    -280.0   5.0745182577E-005
    -260.0   5.4656348745E-005
    -240.0   6.1734264229E-005
    -220.0   6.6499128022E-005
    -200.0   7.2823006992E-005
    -180.0   8.5874464996E-005
    -160.0   1.1229346747E-004
    -140.0   1.4337406210E-004
    -120.0   2.2852916341E-004
    -100.0   5.4952741432E-004
     -80.0   7.9257094009E-004
     -60.0   1.0920562324E-003
     -50.0   1.3090413555E-003
     -40.0   1.5415407849E-003
     -30.0   1.8215914029E-003
     -20.0   2.0400045127E-003
     -10.0   2.0734638576E-003
       0.0   1.9985678910E-003
      10.0   1.7607359023E-003
      20.0   1.2806914273E-003
      30.0   9.4823850889E-004
      40.0   7.4287413651E-004
      50.0   6.2575109545E-004
      60.0   5.2321808189E-004
      80.0   4.0964347131E-004
     100.0   3.2645133697E-004
     120.0   2.0049172814E-004
     140.0   1.4052450730E-004
     160.0   1.1615229011E-004
     180.0   8.8497682403E-005
     200.0   7.4686914026E-005
     220.0   6.6179641147E-005
     240.0   6.3911809136E-005
     260.0   5.7451397536E-005
     280.0   5.3981344840E-005
     300.0   5.2324972912E-005
     400.0   4.6090024915E-005
     500.0   4.4980971028E-005
    1000.0   4.3746423219E-005
