   -1000.0   4.7219706825E-005
    -500.0   4.7425401289E-005
    -400.0   4.7434501559E-005
    -300.0   4.7443589004E-005
    -280.0   4.7445405215E-005
    -260.0   4.7447221605E-005
    -240.0   4.7449039513E-005
    -220.0   4.7451869367E-005
    -200.0   4.7459691938E-005
    -180.0   4.7528270288E-005
    -160.0   4.7645691254E-005
    -140.0   4.8888180584E-005
    -120.0   5.0551697426E-005
    -100.0   4.9821019446E-005
     -80.0   4.9904457629E-005
     -60.0   5.0500366087E-005
     -50.0   5.0410481068E-005
     -40.0   4.9651147110E-005
     -30.0   4.8702453834E-005
     -20.0   4.8850493300E-005
     -10.0   4.8889403050E-005
       0.0   4.7464306324E-005
      10.0   4.7132695576E-005
      20.0   4.6143528888E-005
      30.0   4.5653604921E-005
      40.0   4.5881984550E-005
      50.0   4.6222146460E-005
      60.0   4.6457405577E-005
      80.0   4.6061388261E-005
     100.0   4.4941554256E-005
     120.0   4.4579273090E-005
     140.0   4.3910908203E-005
     160.0   4.2919545173E-005
     180.0   3.9202595295E-005
     200.0   3.7227150712E-005
     220.0   3.6659838189E-005
     240.0   3.6705256235E-005
     260.0   3.8127405762E-005
     280.0   3.9751926191E-005
     300.0   4.1132567538E-005
     400.0   4.7506169423E-005
     500.0   4.7515944687E-005
    1000.0   4.7561257198E-005
