   -1000.0   5.3417529125E-005
    -500.0   5.3586202330E-005
    -400.0   5.3668523361E-005
    -300.0   5.3847148431E-005
    -280.0   5.3909857977E-005
    -260.0   5.3989832748E-005
    -240.0   5.4094709347E-005
    -220.0   5.4237355482E-005
    -200.0   5.4441760248E-005
    -180.0   5.4761675156E-005
    -160.0   5.5389943775E-005
    -140.0   6.7222609321E-005
    -120.0   9.4914931430E-005
    -100.0   1.1633014057E-004
     -80.0   1.4069486857E-004
     -60.0   2.9432437720E-004
     -50.0   4.5693468450E-004
     -40.0   7.2371200743E-004
     -30.0   9.8708404140E-004
     -20.0   8.6147863976E-004
     -10.0   3.8729495110E-004
       0.0   3.4917787869E-004
      10.0   3.5559862171E-004
      20.0   4.3140420321E-004
      30.0   5.1348656996E-004
      40.0   4.4743823509E-004
      50.0   3.4037648214E-004
      60.0   2.5256152121E-004
      80.0   1.3463584111E-004
     100.0   1.1332704142E-004
     120.0   9.8334633942E-005
     140.0   8.3327529444E-005
     160.0   7.4583879617E-005
     180.0   6.9007209466E-005
     200.0   6.4395682548E-005
     220.0   6.0610406537E-005
     240.0   5.8403483121E-005
     260.0   5.6421181048E-005
     280.0   5.4652363154E-005
     300.0   5.3424745806E-005
     400.0   5.3733120952E-005
     500.0   5.3667429234E-005
    1000.0   5.3616653559E-005
