   -1000.0   6.3266110469E-005
    -500.0   6.3288687003E-005
    -400.0   6.3293117169E-005
    -300.0   6.3297509505E-005
    -280.0   6.3298381132E-005
    -260.0   6.3299249606E-005
    -240.0   6.3300114350E-005
    -220.0   6.3300974625E-005
    -200.0   6.3301829512E-005
    -180.0   6.3302745084E-005
    -160.0   6.3303980239E-005
    -140.0   6.3305667211E-005
    -120.0   6.3314887581E-005
    -100.0   6.3330513265E-005
     -80.0   6.3347984040E-005
     -60.0   6.3357754776E-005
     -50.0   6.3362078920E-005
     -40.0   6.3368234605E-005
     -30.0   6.3369572850E-005
     -20.0   6.3378474533E-005
     -10.0   6.3402857117E-005
       0.0   6.2959175565E-005
      10.0   6.2933911463E-005
      20.0   6.2354242947E-005
      30.0   6.1506086142E-005
      40.0   6.0189082902E-005
      50.0   5.8381878530E-005
      60.0   5.7208859980E-005
      80.0   5.6816582754E-005
     100.0   5.7408093218E-005
     120.0   5.7831148102E-005
     140.0   5.6886320330E-005
     160.0   5.6301839494E-005
     180.0   5.6156769309E-005
     200.0   5.6725681462E-005
     220.0   5.5366352167E-005
     240.0   5.1875132537E-005
     260.0   5.0881996514E-005
     280.0   5.0335718315E-005
     300.0   5.1251150873E-005
     400.0   6.3324801706E-005
     500.0   6.3332109782E-005
    1000.0   6.3354508082E-005
