   -1000.0   3.7714119705E-005
    -500.0   3.7778630533E-005
    -400.0   3.7790104864E-005
    -300.0   3.7801572806E-005
    -280.0   3.7803865669E-005
    -260.0   3.7806158375E-005
    -240.0   3.7808451058E-005
    -220.0   3.7810744137E-005
    -200.0   3.7813039522E-005
    -180.0   3.7818587667E-005
    -160.0   3.7896337269E-005
    -140.0   3.7998847872E-005
    -120.0   3.8017345427E-005
    -100.0   3.8060404557E-005
     -80.0   3.8088721875E-005
     -60.0   3.8160869190E-005
     -50.0   3.8243097096E-005
     -40.0   3.8396354447E-005
     -30.0   3.8569100837E-005
     -20.0   3.8261515150E-005
     -10.0   3.8998656108E-005
       0.0   4.0378838636E-005
      10.0   3.7722793843E-005
      20.0   3.7151125366E-005
      30.0   3.7004838295E-005
      40.0   3.7077350713E-005
      50.0   3.7131448554E-005
      60.0   3.7141049080E-005
      80.0   3.7132889086E-005
     100.0   3.6974188623E-005
     120.0   3.6925321767E-005
     140.0   3.6941659574E-005
     160.0   3.6924440818E-005
     180.0   3.6886644539E-005
     200.0   3.6778240256E-005
     220.0   3.6186826305E-005
     240.0   3.5379520728E-005
     260.0   3.5394427112E-005
     280.0   3.5717217379E-005
     300.0   3.5941962594E-005
     400.0   3.7881555512E-005
     500.0   3.7893102824E-005
    1000.0   3.7950176591E-005
