   -1000.0   4.8362232897E-005
    -500.0   4.8410298939E-005
    -400.0   4.8419345198E-005
    -300.0   4.8428658544E-005
    -280.0   4.8430602360E-005
    -260.0   4.8432601535E-005
    -240.0   4.8434684512E-005
    -220.0   4.8436903729E-005
    -200.0   4.8439372279E-005
    -180.0   4.8442422029E-005
    -160.0   4.8448745058E-005
    -140.0   4.9153678829E-005
    -120.0   4.9789004560E-005
    -100.0   5.0087469860E-005
     -80.0   5.0500152099E-005
     -60.0   5.2618835079E-005
     -50.0   5.6235283729E-005
     -40.0   6.1666499341E-005
     -30.0   6.7180052865E-005
     -20.0   6.3781173292E-005
     -10.0   5.6759756647E-005
       0.0   5.5289247491E-005
      10.0   5.5320749805E-005
      20.0   5.7474699460E-005
      30.0   6.0614412864E-005
      40.0   5.7410139917E-005
      50.0   5.4824847022E-005
      60.0   5.2415976772E-005
      80.0   5.0474091986E-005
     100.0   5.0071317396E-005
     120.0   4.9859351125E-005
     140.0   4.5746692522E-005
     160.0   4.1165383373E-005
     180.0   4.3504348369E-005
     200.0   4.5182729335E-005
     220.0   4.6335539020E-005
     240.0   4.7137273417E-005
     260.0   4.7579681778E-005
     280.0   4.7676253688E-005
     300.0   4.7542697082E-005
     400.0   4.8486877561E-005
     500.0   4.8497723808E-005
    1000.0   4.8542116822E-005
