   -1000.0   5.1468283913E-005
    -500.0   5.1507513785E-005
    -400.0   5.1515124906E-005
    -300.0   5.1522726563E-005
    -280.0   5.1524245687E-005
    -260.0   5.1525764378E-005
    -240.0   5.1527282615E-005
    -220.0   5.1528800369E-005
    -200.0   5.1530318375E-005
    -180.0   5.1531837093E-005
    -160.0   5.1533367667E-005
    -140.0   5.1534893725E-005
    -120.0   5.1536415336E-005
    -100.0   5.1537940059E-005
     -80.0   5.1539465230E-005
     -60.0   5.1540987082E-005
     -50.0   5.1541742037E-005
     -40.0   5.1542483909E-005
     -30.0   5.1543217129E-005
     -20.0   5.1543912526E-005
     -10.0   5.1543784633E-005
       0.0   5.0879115041E-005
      10.0   5.0748775580E-005
      20.0   5.0864041839E-005
      30.0   5.0889201599E-005
      40.0   5.0941294795E-005
      50.0   5.0981307475E-005
      60.0   5.1036549760E-005
      80.0   5.1071103718E-005
     100.0   5.1048587240E-005
     120.0   5.1027860605E-005
     140.0   5.0980609108E-005
     160.0   5.0921060753E-005
     180.0   5.0553956818E-005
     200.0   5.0140850013E-005
     220.0   4.9854185502E-005
     240.0   4.9764967136E-005
     260.0   5.0030920509E-005
     280.0   5.0309703834E-005
     300.0   5.0587894981E-005
     400.0   5.1575659983E-005
     500.0   5.1583226133E-005
    1000.0   5.1620766730E-005
