   -1000.0   4.0249016012E-005
    -500.0   4.0305658887E-005
    -400.0   4.0316963415E-005
    -300.0   4.0328261065E-005
    -280.0   4.0330519715E-005
    -260.0   4.0332778052E-005
    -240.0   4.0335036066E-005
    -220.0   4.0337293743E-005
    -200.0   4.0339551067E-005
    -180.0   4.0341808291E-005
    -160.0   4.0344102952E-005
    -140.0   4.0346420123E-005
    -120.0   4.0348770257E-005
    -100.0   4.0350917254E-005
     -80.0   4.0353192934E-005
     -60.0   4.0362644479E-005
     -50.0   4.0362657392E-005
     -40.0   4.0363531552E-005
     -30.0   4.0373669376E-005
     -20.0   4.0425257049E-005
     -10.0   4.0464082277E-005
       0.0   4.0442557703E-005
      10.0   4.0364612606E-005
      20.0   4.0365270868E-005
      30.0   4.0365928300E-005
      40.0   4.0366926958E-005
      50.0   4.0368000959E-005
      60.0   4.0369063369E-005
      80.0   4.0371068394E-005
     100.0   4.0375542062E-005
     120.0   3.9661397894E-005
     140.0   3.9366078214E-005
     160.0   3.9324644738E-005
     180.0   3.9120325620E-005
     200.0   3.9137282766E-005
     220.0   3.9351912377E-005
     240.0   3.9531064555E-005
     260.0   3.9588391759E-005
     280.0   3.9718133994E-005
     300.0   3.9885388144E-005
     400.0   4.0406832955E-005
     500.0   4.0418406374E-005
    1000.0   4.0474588501E-005
