   -1000.0   5.5358435822E-005
    -500.0   5.5400066190E-005
    -400.0   5.5406523259E-005
    -300.0   5.5412965850E-005
    -280.0   5.5414252173E-005
    -260.0   5.5415537638E-005
    -240.0   5.5416822264E-005
    -220.0   5.5418106623E-005
    -200.0   5.5423882728E-005
    -180.0   5.5576202706E-005
    -160.0   5.5664854957E-005
    -140.0   5.5612102441E-005
    -120.0   5.5595113299E-005
    -100.0   5.5614380311E-005
     -80.0   5.5733115963E-005
     -60.0   5.5787383720E-005
     -50.0   5.5821463351E-005
     -40.0   5.5833037189E-005
     -30.0   5.5821823335E-005
     -20.0   5.5650312722E-005
     -10.0   5.5664661348E-005
       0.0   5.1794286760E-005
      10.0   5.2817860026E-005
      20.0   5.2807400054E-005
      30.0   5.2994028042E-005
      40.0   5.3139988155E-005
      50.0   5.3466754626E-005
      60.0   5.3688976084E-005
      80.0   5.4030966145E-005
     100.0   5.3781053841E-005
     120.0   5.3447610685E-005
     140.0   5.3300165034E-005
     160.0   5.3086291872E-005
     180.0   5.2846503652E-005
     200.0   5.1281937476E-005
     220.0   5.0400348271E-005
     240.0   4.9913255266E-005
     260.0   5.0146525733E-005
     280.0   5.0795116592E-005
     300.0   5.2022166276E-005
     400.0   5.5457699789E-005
     500.0   5.5464205283E-005
    1000.0   5.5495995533E-005
