   -1000.0   5.7658198399E-005
    -500.0   5.7828264754E-005
    -400.0   5.7941269670E-005
    -300.0   5.8182635880E-005
    -280.0   5.8264474524E-005
    -260.0   5.8366269092E-005
    -240.0   5.8495201647E-005
    -220.0   5.8662041335E-005
    -200.0   5.8883641106E-005
    -180.0   5.9188511205E-005
    -160.0   5.9654439194E-005
    -140.0   6.0415053679E-005
    -120.0   6.1954072215E-005
    -100.0   6.4013781019E-005
     -80.0   6.7253556777E-005
     -60.0   7.2684750573E-005
     -50.0   7.7461525866E-005
     -40.0   8.5604758317E-005
     -30.0   9.8977295438E-005
     -20.0   1.0811598249E-004
     -10.0   1.2798143747E-004
       0.0   2.5892606100E-004
      10.0   1.8344464796E-004
      20.0   1.1795594412E-004
      30.0   9.3381194623E-005
      40.0   7.9244389518E-005
      50.0   6.9628436612E-005
      60.0   6.4112730914E-005
      80.0   5.8586441147E-005
     100.0   5.6542668084E-005
     120.0   5.4537336035E-005
     140.0   5.3088913241E-005
     160.0   5.2330212024E-005
     180.0   5.2239723864E-005
     200.0   5.2636887012E-005
     220.0   5.3098520936E-005
     240.0   5.0830888007E-005
     260.0   4.8642930846E-005
     280.0   4.7342238329E-005
     300.0   4.7877794508E-005
     400.0   5.7760512735E-005
     500.0   5.7831563944E-005
    1000.0   5.7771476483E-005
