   -1000.0   6.6752713842E-005
    -500.0   6.6958376057E-005
    -400.0   6.6974889766E-005
    -300.0   6.6992071397E-005
    -280.0   6.6995700000E-005
    -260.0   6.6999455526E-005
    -240.0   6.7003396390E-005
    -220.0   6.7007630891E-005
    -200.0   6.7012388095E-005
    -180.0   6.7018526976E-005
    -160.0   6.7560518252E-005
    -140.0   6.8876793866E-005
    -120.0   7.0795715647E-005
    -100.0   7.3891436334E-005
     -80.0   8.6151579839E-005
     -60.0   1.2037547774E-004
     -50.0   1.4121516087E-004
     -40.0   1.5695950299E-004
     -30.0   1.7338764184E-004
     -20.0   1.9228365318E-004
     -10.0   1.5226263159E-004
       0.0   1.3961456497E-004
      10.0   1.3066541935E-004
      20.0   1.2834242596E-004
      30.0   1.2016196773E-004
      40.0   1.1649561871E-004
      50.0   1.0822413335E-004
      60.0   9.8491794513E-005
      80.0   8.4097188954E-005
     100.0   7.2546847859E-005
     120.0   6.7751485399E-005
     140.0   6.5624414819E-005
     160.0   6.4098971753E-005
     180.0   6.4181387174E-005
     200.0   6.4777631695E-005
     220.0   6.5208421814E-005
     240.0   6.5416421703E-005
     260.0   6.5414619979E-005
     280.0   6.5432769449E-005
     300.0   6.3955632411E-005
     400.0   6.7098774478E-005
     500.0   6.7118396990E-005
    1000.0   6.7198486683E-005
