   -1000.0   5.2693775016E-005
    -500.0   5.2798458589E-005
    -400.0   5.2840690819E-005
    -300.0   5.2926923474E-005
    -280.0   5.2956289535E-005
    -260.0   5.2993247322E-005
    -240.0   5.3040938094E-005
    -220.0   5.3104394606E-005
    -200.0   5.3192197299E-005
    -180.0   5.3320342693E-005
    -160.0   5.3523508364E-005
    -140.0   5.3911467916E-005
    -120.0   6.1694608588E-005
    -100.0   8.1276861947E-005
     -80.0   1.0088385364E-004
     -60.0   2.1441924575E-004
     -50.0   3.0742140765E-004
     -40.0   4.5192493665E-004
     -30.0   5.5715407531E-004
     -20.0   5.3593827138E-004
     -10.0   3.2338769259E-004
       0.0   1.9935274277E-004
      10.0   2.0808052137E-004
      20.0   2.6156762459E-004
      30.0   3.2401992450E-004
      40.0   3.0911485958E-004
      50.0   2.3359902068E-004
      60.0   1.8693368657E-004
      80.0   9.7591349881E-005
     100.0   8.5338303540E-005
     120.0   7.3694824813E-005
     140.0   6.7541719401E-005
     160.0   6.4013612200E-005
     180.0   6.0875384453E-005
     200.0   5.8187773021E-005
     220.0   5.6369986274E-005
     240.0   5.4839810176E-005
     260.0   5.3807754565E-005
     280.0   5.2023523475E-005
     300.0   5.2522105900E-005
     400.0   5.2901295303E-005
     500.0   5.2875195594E-005
    1000.0   5.2871138291E-005
