   -1000.0   7.7479105559E-005
    -500.0   7.8020422076E-005
    -400.0   7.8188069259E-005
    -300.0   7.8559364203E-005
    -280.0   7.8710057995E-005
    -260.0   7.8959794345E-005
    -240.0   7.9884534529E-005
    -220.0   8.0960412601E-005
    -200.0   9.1155564520E-005
    -180.0   1.1200533704E-004
    -160.0   1.2817236606E-004
    -140.0   1.4854353421E-004
    -120.0   1.8069646314E-004
    -100.0   2.0899523536E-004
     -80.0   2.5109109830E-004
     -60.0   2.8989106318E-004
     -50.0   3.0452168767E-004
     -40.0   3.3806713723E-004
     -30.0   3.7923896987E-004
     -20.0   4.3687164795E-004
     -10.0   5.2364931750E-004
       0.0   6.0316281796E-004
      10.0   4.6022914548E-004
      20.0   3.4828650070E-004
      30.0   2.8489176536E-004
      40.0   2.4502252380E-004
      50.0   2.2080470735E-004
      60.0   2.0180077160E-004
      80.0   1.7385714824E-004
     100.0   1.4848054586E-004
     120.0   1.3245544375E-004
     140.0   1.1577336941E-004
     160.0   1.0701723427E-004
     180.0   1.0043991856E-004
     200.0   9.7242513234E-005
     220.0   9.3581540998E-005
     240.0   8.8791163312E-005
     260.0   8.5715485903E-005
     280.0   8.3549138794E-005
     300.0   8.1809933016E-005
     400.0   7.8512921266E-005
     500.0   7.8422103218E-005
    1000.0   7.8477906650E-005
