   -1000.0   5.2419501970E-005
    -500.0   5.2459234513E-005
    -400.0   5.2467148820E-005
    -300.0   5.2475053690E-005
    -280.0   5.2476633490E-005
    -260.0   5.2478212884E-005
    -240.0   5.2479791864E-005
    -220.0   5.2481370418E-005
    -200.0   5.2482948533E-005
    -180.0   5.2484526193E-005
    -160.0   5.2486105993E-005
    -140.0   5.2487698703E-005
    -120.0   5.2489284718E-005
    -100.0   5.2490863215E-005
     -80.0   5.2492439708E-005
     -60.0   5.2494036116E-005
     -50.0   5.2509545576E-005
     -40.0   5.2512674699E-005
     -30.0   5.2611350828E-005
     -20.0   5.2498216420E-005
     -10.0   5.2530823819E-005
       0.0   5.2514935970E-005
      10.0   5.2499963361E-005
      20.0   5.2500473311E-005
      30.0   5.2501665593E-005
      40.0   5.2502113904E-005
      50.0   5.2502821323E-005
      60.0   5.2503440918E-005
      80.0   5.2504959193E-005
     100.0   5.2506464011E-005
     120.0   5.2507656545E-005
     140.0   5.1689086594E-005
     160.0   5.0122501218E-005
     180.0   5.0262363922E-005
     200.0   5.0760897228E-005
     220.0   5.1280117130E-005
     240.0   5.1632825641E-005
     260.0   5.1886074919E-005
     280.0   5.1955306513E-005
     300.0   5.1838427095E-005
     400.0   5.2530068340E-005
     500.0   5.2537963947E-005
    1000.0   5.2577019063E-005
