   -1000.0   5.4119796265E-005
    -500.0   5.4236496487E-005
    -400.0   5.4279250430E-005
    -300.0   5.4368009580E-005
    -280.0   5.4398847191E-005
    -260.0   5.4438155202E-005
    -240.0   5.4489746319E-005
    -220.0   5.4560000541E-005
    -200.0   5.4660446838E-005
    -180.0   5.4814345404E-005
    -160.0   5.5077559054E-005
    -140.0   5.5636591527E-005
    -120.0   5.9003513325E-005
    -100.0   1.1371019080E-004
     -80.0   1.7046561272E-004
     -60.0   2.3210209994E-004
     -50.0   2.5813796575E-004
     -40.0   2.9998142418E-004
     -30.0   3.9751345535E-004
     -20.0   3.9688616410E-004
     -10.0   2.6121708253E-004
       0.0   1.9312864592E-004
      10.0   2.0023544359E-004
      20.0   2.4035243999E-004
      30.0   2.5344067408E-004
      40.0   1.9402787538E-004
      50.0   1.6771038926E-004
      60.0   1.5028636067E-004
      80.0   1.2714249557E-004
     100.0   1.0545736637E-004
     120.0   6.8532619216E-005
     140.0   6.1938243644E-005
     160.0   5.9507079250E-005
     180.0   5.7962348640E-005
     200.0   5.6030898221E-005
     220.0   5.4987110942E-005
     240.0   5.3507226503E-005
     260.0   5.3973517582E-005
     280.0   5.4419738221E-005
     300.0   5.4400098720E-005
     400.0   5.4338361019E-005
     500.0   5.4315826329E-005
    1000.0   5.4317160757E-005
