   -1000.0   6.0778738315E-005
    -500.0   6.0805097207E-005
    -400.0   6.0810284695E-005
    -300.0   6.0815453264E-005
    -280.0   6.0816484064E-005
    -260.0   6.0817513661E-005
    -240.0   6.0818541911E-005
    -220.0   6.0819568636E-005
    -200.0   6.0820593626E-005
    -180.0   6.0821616670E-005
    -160.0   6.0822851970E-005
    -140.0   6.0825050703E-005
    -120.0   6.0829073566E-005
    -100.0   6.0838801038E-005
     -80.0   6.0902300263E-005
     -60.0   6.0936660148E-005
     -50.0   6.0959061563E-005
     -40.0   6.0956517116E-005
     -30.0   6.0982870622E-005
     -20.0   6.1081145864E-005
     -10.0   6.1045350135E-005
       0.0   6.0995771729E-005
      10.0   6.0946288042E-005
      20.0   6.0932732113E-005
      30.0   6.0911799681E-005
      40.0   6.0773997603E-005
      50.0   6.0670043946E-005
      60.0   6.0497139710E-005
      80.0   5.9326846434E-005
     100.0   5.6340013018E-005
     120.0   5.3998101827E-005
     140.0   5.3255774732E-005
     160.0   5.3796172060E-005
     180.0   5.5486343475E-005
     200.0   5.6758059117E-005
     220.0   5.7104918716E-005
     240.0   5.7389869679E-005
     260.0   5.7674872126E-005
     280.0   5.6639619358E-005
     300.0   5.5735911372E-005
     400.0   6.0850129303E-005
     500.0   6.0856322673E-005
    1000.0   6.0881949236E-005
