   -1000.0   3.8161886373E-005
    -500.0   3.8657503598E-005
    -400.0   3.9006176284E-005
    -300.0   3.9797550417E-005
    -280.0   4.0083958495E-005
    -260.0   4.0473972894E-005
    -240.0   4.1034227942E-005
    -220.0   4.1779008596E-005
    -200.0   4.2787647753E-005
    -180.0   4.4325583631E-005
    -160.0   4.7548369865E-005
    -140.0   5.5320710432E-005
    -120.0   7.7788260436E-005
    -100.0   1.4269797133E-004
     -80.0   2.2015708030E-004
     -60.0   2.9475145947E-004
     -50.0   3.1662927673E-004
     -40.0   3.2205199744E-004
     -30.0   3.5658195537E-004
     -20.0   4.0645979696E-004
     -10.0   4.1778573931E-004
       0.0   4.5905948137E-004
      10.0   4.8139714922E-004
      20.0   3.6250564146E-004
      30.0   2.7532688394E-004
      40.0   2.1259612660E-004
      50.0   1.7143029445E-004
      60.0   1.4132554067E-004
      80.0   1.0208247284E-004
     100.0   8.0241083641E-005
     120.0   6.3046344888E-005
     140.0   5.1278424568E-005
     160.0   4.1974093246E-005
     180.0   3.8554387907E-005
     200.0   3.8518699161E-005
     220.0   3.7932464042E-005
     240.0   3.7407313814E-005
     260.0   3.6759180240E-005
     280.0   3.7000358704E-005
     300.0   3.7752352478E-005
     400.0   3.8944645728E-005
     500.0   3.8716244794E-005
    1000.0   3.8410765730E-005
