   -1000.0   5.5630869786E-005
    -500.0   5.5664236551E-005
    -400.0   5.5670811969E-005
    -300.0   5.5677341523E-005
    -280.0   5.5678639447E-005
    -260.0   5.5679933944E-005
    -240.0   5.5681224644E-005
    -220.0   5.5682511257E-005
    -200.0   5.5683794096E-005
    -180.0   5.5685352052E-005
    -160.0   5.5687494131E-005
    -140.0   5.5690206422E-005
    -120.0   5.5696650097E-005
    -100.0   5.5714664359E-005
     -80.0   5.5732926541E-005
     -60.0   5.5752972408E-005
     -50.0   5.5759539998E-005
     -40.0   5.5765846356E-005
     -30.0   5.5773671366E-005
     -20.0   5.5799108883E-005
     -10.0   5.6119820495E-005
       0.0   5.6916620507E-005
      10.0   5.5787189517E-005
      20.0   5.5741134358E-005
      30.0   5.5567824011E-005
      40.0   5.4789779081E-005
      50.0   5.3795920347E-005
      60.0   5.2076805966E-005
      80.0   5.1279268227E-005
     100.0   5.1873779398E-005
     120.0   5.2445889799E-005
     140.0   5.1606465921E-005
     160.0   5.0422910635E-005
     180.0   5.0119510402E-005
     200.0   4.9916434381E-005
     220.0   5.0001520720E-005
     240.0   4.6996993151E-005
     260.0   4.5058881412E-005
     280.0   4.4190685293E-005
     300.0   4.4603135902E-005
     400.0   5.5714455175E-005
     500.0   5.5728613522E-005
    1000.0   5.5762725871E-005
