   -1000.0   3.8045155223E-005
    -500.0   3.8113953010E-005
    -400.0   3.8126367207E-005
    -300.0   3.8138840694E-005
    -280.0   3.8141353526E-005
    -260.0   3.8143878557E-005
    -240.0   3.8146421881E-005
    -220.0   3.8148996128E-005
    -200.0   3.8154595478E-005
    -180.0   3.8160666461E-005
    -160.0   3.8196820015E-005
    -140.0   3.8294259963E-005
    -120.0   3.8491004343E-005
    -100.0   3.8878827066E-005
     -80.0   4.4596345122E-005
     -60.0   4.8691310913E-005
     -50.0   4.8508059187E-005
     -40.0   4.8578060395E-005
     -30.0   4.9403660737E-005
     -20.0   5.1715853163E-005
     -10.0   5.7262700347E-005
       0.0   5.8011499562E-005
      10.0   5.6532998476E-005
      20.0   5.2590856131E-005
      30.0   4.9813438567E-005
      40.0   4.7112238193E-005
      50.0   4.5323105130E-005
      60.0   4.3918189010E-005
      80.0   4.1368303136E-005
     100.0   3.7536369342E-005
     120.0   3.6820350631E-005
     140.0   3.6130402159E-005
     160.0   3.6106183112E-005
     180.0   3.6077107952E-005
     200.0   3.6013020972E-005
     220.0   3.6080116649E-005
     240.0   3.5733631502E-005
     260.0   3.5474974457E-005
     280.0   3.5238378668E-005
     300.0   3.5343544907E-005
     400.0   3.8223319462E-005
     500.0   3.8237200369E-005
    1000.0   3.8298855717E-005
