   -1000.0   6.0696434484E-005
    -500.0   6.0723636433E-005
    -400.0   6.0729026168E-005
    -300.0   6.0734403522E-005
    -280.0   6.0735477384E-005
    -260.0   6.0736550669E-005
    -240.0   6.0737623351E-005
    -220.0   6.0738695404E-005
    -200.0   6.0739766797E-005
    -180.0   6.0740837505E-005
    -160.0   6.0741956078E-005
    -140.0   6.0743186247E-005
    -120.0   6.0744551374E-005
    -100.0   6.0746087863E-005
     -80.0   6.0768283726E-005
     -60.0   6.0765790510E-005
     -50.0   6.0771453821E-005
     -40.0   6.0778056529E-005
     -30.0   6.0821307544E-005
     -20.0   6.1058414154E-005
     -10.0   6.1250120449E-005
       0.0   6.0931741539E-005
      10.0   6.0763613796E-005
      20.0   6.0762021823E-005
      30.0   6.0714864850E-005
      40.0   6.0646294901E-005
      50.0   6.0629444854E-005
      60.0   6.0569002166E-005
      80.0   6.0146107823E-005
     100.0   5.8872220647E-005
     120.0   5.7712939167E-005
     140.0   5.7053664672E-005
     160.0   5.7121056255E-005
     180.0   5.7884259075E-005
     200.0   5.8594848095E-005
     220.0   5.8643797810E-005
     240.0   5.8575014716E-005
     260.0   5.8509218006E-005
     280.0   5.8063537261E-005
     300.0   5.7554367473E-005
     400.0   6.0771469947E-005
     500.0   6.0777011375E-005
    1000.0   6.0803387170E-005
