   -1000.0   4.0225043330E-005
    -500.0   4.0292444919E-005
    -400.0   4.0304222848E-005
    -300.0   4.0316294463E-005
    -280.0   4.0318794542E-005
    -260.0   4.0321352530E-005
    -240.0   4.0323999564E-005
    -220.0   4.0326800410E-005
    -200.0   4.0329950514E-005
    -180.0   4.0390946754E-005
    -160.0   4.1473262480E-005
    -140.0   4.2205417925E-005
    -120.0   4.4090979453E-005
    -100.0   4.4143350646E-005
     -80.0   4.5509366254E-005
     -60.0   6.1676723562E-005
     -50.0   7.1534518094E-005
     -40.0   8.3648037837E-005
     -30.0   1.0151225433E-004
     -20.0   1.4516279603E-004
     -10.0   1.4463425274E-004
       0.0   7.2140973118E-005
      10.0   8.3126504800E-005
      20.0   8.7950399733E-005
      30.0   6.7339801911E-005
      40.0   6.1235015934E-005
      50.0   5.8178502663E-005
      60.0   5.5762501864E-005
      80.0   4.5675760398E-005
     100.0   4.3883974711E-005
     120.0   4.2418546470E-005
     140.0   4.0757302195E-005
     160.0   4.0200781694E-005
     180.0   3.9268480603E-005
     200.0   3.9555697140E-005
     220.0   3.9827889520E-005
     240.0   4.0002206989E-005
     260.0   4.0192756580E-005
     280.0   4.0381006346E-005
     300.0   4.0487749774E-005
     400.0   4.0395588550E-005
     500.0   4.0407685668E-005
    1000.0   4.0464865335E-005
