   -1000.0   3.9949265842E-005
    -500.0   4.0015423387E-005
    -400.0   4.0026581902E-005
    -300.0   4.0037731532E-005
    -280.0   4.0039960072E-005
    -260.0   4.0042188028E-005
    -240.0   4.0044811858E-005
    -220.0   4.0046644169E-005
    -200.0   4.0049082674E-005
    -180.0   4.0061617750E-005
    -160.0   4.0095015032E-005
    -140.0   4.0168419037E-005
    -120.0   4.0126299861E-005
    -100.0   4.0317712134E-005
     -80.0   4.0288468123E-005
     -60.0   4.0251201082E-005
     -50.0   4.0248534086E-005
     -40.0   4.0178542163E-005
     -30.0   4.0160770844E-005
     -20.0   4.0152324025E-005
     -10.0   4.0130289946E-005
       0.0   3.4017693896E-005
      10.0   3.7487826494E-005
      20.0   3.8392355154E-005
      30.0   3.8113204651E-005
      40.0   3.8400852841E-005
      50.0   3.8426974111E-005
      60.0   3.8559929649E-005
      80.0   3.7619315905E-005
     100.0   3.7640258775E-005
     120.0   3.8129913509E-005
     140.0   3.9172005342E-005
     160.0   3.9600170653E-005
     180.0   3.9690143707E-005
     200.0   3.9660861160E-005
     220.0   3.9541864287E-005
     240.0   3.9437704741E-005
     260.0   3.9500313408E-005
     280.0   3.9533711364E-005
     300.0   3.9812982183E-005
     400.0   4.0115634551E-005
     500.0   4.0126760166E-005
    1000.0   4.0182215991E-005
