   -1000.0   4.5757953842E-005
    -500.0   4.5808390642E-005
    -400.0   4.5817860557E-005
    -300.0   4.5827625648E-005
    -280.0   4.5829664416E-005
    -260.0   4.5831759228E-005
    -240.0   4.5833935627E-005
    -220.0   4.5836236313E-005
    -200.0   4.5838738024E-005
    -180.0   4.5841593106E-005
    -160.0   4.5845151739E-005
    -140.0   4.5850439183E-005
    -120.0   4.5862457662E-005
    -100.0   4.9473978767E-005
     -80.0   6.0374793741E-005
     -60.0   6.2129297733E-005
     -50.0   6.2100748039E-005
     -40.0   6.3440269343E-005
     -30.0   6.6544696392E-005
     -20.0   7.1666915669E-005
     -10.0   6.9574779884E-005
       0.0   6.5903610456E-005
      10.0   6.8193928091E-005
      20.0   7.0173534276E-005
      30.0   6.3990112839E-005
      40.0   6.2042207665E-005
      50.0   5.9592526409E-005
      60.0   5.6739504415E-005
      80.0   5.3123038726E-005
     100.0   4.7817681329E-005
     120.0   4.4410803427E-005
     140.0   4.4502890020E-005
     160.0   4.4807611013E-005
     180.0   4.4912551945E-005
     200.0   4.4904581358E-005
     220.0   4.4998584554E-005
     240.0   4.4825497871E-005
     260.0   4.4719814761E-005
     280.0   4.3878161348E-005
     300.0   4.5527451591E-005
     400.0   4.5891213801E-005
     500.0   4.5900401999E-005
    1000.0   4.5946032349E-005
