   -1000.0   4.5818849125E-005
    -500.0   4.5866342844E-005
    -400.0   4.5875578122E-005
    -300.0   4.5884788569E-005
    -280.0   4.5886626494E-005
    -260.0   4.5888463853E-005
    -240.0   4.5890321449E-005
    -220.0   4.5916665004E-005
    -200.0   4.5946958795E-005
    -180.0   4.6021503565E-005
    -160.0   4.6067297736E-005
    -140.0   4.6080998174E-005
    -120.0   4.6091935568E-005
    -100.0   4.6124757310E-005
     -80.0   4.6159218130E-005
     -60.0   4.6180777376E-005
     -50.0   4.6183234308E-005
     -40.0   4.6158129778E-005
     -30.0   4.6132662150E-005
     -20.0   4.6139419908E-005
     -10.0   4.6131717071E-005
       0.0   3.6565941443E-005
      10.0   4.2959409487E-005
      20.0   4.4091328867E-005
      30.0   4.4239402736E-005
      40.0   4.3764079685E-005
      50.0   4.3384147707E-005
      60.0   4.3159396201E-005
      80.0   4.2666196612E-005
     100.0   4.1628742177E-005
     120.0   3.7328814596E-005
     140.0   3.6002966502E-005
     160.0   3.6059776076E-005
     180.0   3.5840472969E-005
     200.0   3.5987641775E-005
     220.0   3.7036707064E-005
     240.0   4.0130613859E-005
     260.0   4.0915956897E-005
     280.0   4.2058839942E-005
     300.0   4.2387098499E-005
     400.0   4.5948986740E-005
     500.0   4.5958445626E-005
    1000.0   4.6004414581E-005
