   -1000.0   3.7633251533E-005
    -500.0   3.7733881035E-005
    -400.0   3.7749565304E-005
    -300.0   3.7769467578E-005
    -280.0   3.7775588368E-005
    -260.0   3.7888299626E-005
    -240.0   3.8239351310E-005
    -220.0   3.7874842323E-005
    -200.0   3.7863392977E-005
    -180.0   3.7882588054E-005
    -160.0   4.1548457574E-005
    -140.0   5.0337967832E-005
    -120.0   6.2156497134E-005
    -100.0   8.0136553746E-005
     -80.0   9.7982154839E-005
     -60.0   1.1417557386E-004
     -50.0   1.1918134413E-004
     -40.0   1.2211675370E-004
     -30.0   1.1497321949E-004
     -20.0   1.1665709733E-004
     -10.0   1.2396149522E-004
       0.0   1.2762172860E-004
      10.0   1.1523436533E-004
      20.0   9.9977697520E-005
      30.0   8.7286012094E-005
      40.0   7.8600211152E-005
      50.0   6.9282618151E-005
      60.0   6.5826083657E-005
      80.0   6.1017590050E-005
     100.0   5.7238355270E-005
     120.0   5.3544348772E-005
     140.0   4.9460260606E-005
     160.0   4.7559451766E-005
     180.0   4.4515195355E-005
     200.0   4.1974288859E-005
     220.0   3.9959272049E-005
     240.0   3.8974752292E-005
     260.0   3.7870009959E-005
     280.0   3.7527972496E-005
     300.0   3.7699586808E-005
     400.0   3.7852833749E-005
     500.0   3.7863285065E-005
    1000.0   3.7924821720E-005
