   -1000.0   4.3573926019E-005
    -500.0   4.3627581643E-005
    -400.0   4.3638271069E-005
    -300.0   4.3648953638E-005
    -280.0   4.3651089321E-005
    -260.0   4.3653224724E-005
    -240.0   4.3655359846E-005
    -220.0   4.3657494685E-005
    -200.0   4.3659629239E-005
    -180.0   4.3661763509E-005
    -160.0   4.3663929168E-005
    -140.0   4.3666121592E-005
    -120.0   4.3668258685E-005
    -100.0   4.3670427910E-005
     -80.0   4.3672583318E-005
     -60.0   4.3674742829E-005
     -50.0   4.3676498990E-005
     -40.0   4.3678278963E-005
     -30.0   4.3680294928E-005
     -20.0   4.3681334853E-005
     -10.0   4.3682176619E-005
       0.0   4.3683111170E-005
      10.0   4.3682839265E-005
      20.0   4.3684214617E-005
      30.0   4.3685554162E-005
      40.0   4.3686127934E-005
      50.0   4.3686972148E-005
      60.0   4.3687525599E-005
      80.0   4.3689625866E-005
     100.0   4.3691725276E-005
     120.0   4.3693800069E-005
     140.0   4.3687150993E-005
     160.0   4.3341773522E-005
     180.0   4.3043087571E-005
     200.0   4.3231071962E-005
     220.0   4.3281760381E-005
     240.0   4.3444460109E-005
     260.0   4.3459714305E-005
     280.0   4.3562931625E-005
     300.0   4.3586456602E-005
     400.0   4.3723532706E-005
     500.0   4.3734168226E-005
    1000.0   4.3787207750E-005
