   -1000.0   6.4088491943E-005
    -500.0   6.4110139928E-005
    -400.0   6.4114417323E-005
    -300.0   6.4118682921E-005
    -280.0   6.4119534600E-005
    -260.0   6.4120385791E-005
    -240.0   6.4121236487E-005
    -220.0   6.4122086681E-005
    -200.0   6.4122936361E-005
    -180.0   6.4123785516E-005
    -160.0   6.4124634126E-005
    -140.0   6.4125484713E-005
    -120.0   6.4126342664E-005
    -100.0   6.4127250621E-005
     -80.0   6.4128422215E-005
     -60.0   6.4129451525E-005
     -50.0   6.4129839409E-005
     -40.0   6.4130257610E-005
     -30.0   6.4130956156E-005
     -20.0   6.4131773744E-005
     -10.0   6.4132070392E-005
       0.0   6.4099310703E-005
      10.0   6.4094038801E-005
      20.0   6.4084751751E-005
      30.0   6.4083435425E-005
      40.0   6.4079369954E-005
      50.0   6.4020465879E-005
      60.0   6.3941441003E-005
      80.0   6.3730626202E-005
     100.0   6.3516482038E-005
     120.0   6.3411560540E-005
     140.0   6.3378561506E-005
     160.0   6.3498623701E-005
     180.0   6.3597007085E-005
     200.0   6.3677189003E-005
     220.0   6.3714385837E-005
     240.0   6.3727810250E-005
     260.0   6.3577906707E-005
     280.0   6.3257807541E-005
     300.0   6.3584530376E-005
     400.0   6.4148202902E-005
     500.0   6.4152391140E-005
    1000.0   6.4173089041E-005
