   -1000.0   3.9073462824E-005
    -500.0   3.9150793504E-005
    -400.0   3.9164304381E-005
    -300.0   3.9179333235E-005
    -280.0   3.9182782673E-005
    -260.0   3.9186534970E-005
    -240.0   3.9190759903E-005
    -220.0   3.9195828901E-005
    -200.0   3.9203045787E-005
    -180.0   4.0020000261E-005
    -160.0   4.1353171276E-005
    -140.0   4.3140918488E-005
    -120.0   4.5907208885E-005
    -100.0   5.1391976880E-005
     -80.0   5.6165389172E-005
     -60.0   1.1183907215E-004
     -50.0   1.4305125308E-004
     -40.0   1.7662009195E-004
     -30.0   1.8342554829E-004
     -20.0   1.9809528574E-004
     -10.0   1.8460965345E-004
       0.0   1.6953133251E-004
      10.0   1.7917388845E-004
      20.0   1.8247631110E-004
      30.0   1.4338089291E-004
      40.0   1.2097639327E-004
      50.0   1.0560826850E-004
      60.0   9.5154323723E-005
      80.0   5.4062190042E-005
     100.0   4.9385933714E-005
     120.0   4.5145185491E-005
     140.0   4.2103116103E-005
     160.0   4.0674080536E-005
     180.0   3.9652547948E-005
     200.0   3.8953062164E-005
     220.0   3.9003464380E-005
     240.0   3.9050206985E-005
     260.0   3.9067265439E-005
     280.0   3.9070021566E-005
     300.0   3.9054289557E-005
     400.0   3.9258677600E-005
     500.0   3.9274002156E-005
    1000.0   3.9334368356E-005
