   -1000.0   3.6419310380E-005
    -500.0   3.6481791908E-005
    -400.0   3.6494255306E-005
    -300.0   3.6506713497E-005
    -280.0   3.6509204506E-005
    -260.0   3.6511695305E-005
    -240.0   3.6514185892E-005
    -220.0   3.6516676267E-005
    -200.0   3.6519166431E-005
    -180.0   3.6521656386E-005
    -160.0   3.6524211719E-005
    -140.0   3.6526744050E-005
    -120.0   3.6529217662E-005
    -100.0   3.6531822784E-005
     -80.0   3.6534330302E-005
     -60.0   3.6536892867E-005
     -50.0   3.6539685818E-005
     -40.0   3.6541977486E-005
     -30.0   3.6544456887E-005
     -20.0   3.6545254893E-005
     -10.0   3.6546136031E-005
       0.0   3.6547431782E-005
      10.0   3.6546981321E-005
      20.0   3.6549185536E-005
      30.0   3.6551124123E-005
      40.0   3.6551445461E-005
      50.0   3.6552225054E-005
      60.0   3.6551815687E-005
      80.0   3.6554231172E-005
     100.0   3.6556687642E-005
     120.0   3.6559058527E-005
     140.0   3.6561505540E-005
     160.0   3.6403103397E-005
     180.0   3.6282294755E-005
     200.0   3.6299425790E-005
     220.0   3.6344212607E-005
     240.0   3.6454623365E-005
     260.0   3.6498926945E-005
     280.0   3.6553345319E-005
     300.0   3.6548440370E-005
     400.0   3.6593771024E-005
     500.0   3.6606190865E-005
    1000.0   3.6668194218E-005
