   -1000.0   5.7525625123E-005
    -500.0   5.7562684327E-005
    -400.0   5.7568797368E-005
    -300.0   5.7574916566E-005
    -280.0   5.7576144584E-005
    -260.0   5.7577376080E-005
    -240.0   5.7578613192E-005
    -220.0   5.7579859859E-005
    -200.0   5.7581124378E-005
    -180.0   5.7582431864E-005
    -160.0   5.7616321567E-005
    -140.0   5.7745948177E-005
    -120.0   5.8833822867E-005
    -100.0   6.0350902613E-005
     -80.0   6.1534821513E-005
     -60.0   6.3275558283E-005
     -50.0   6.4472250951E-005
     -40.0   6.5260678480E-005
     -30.0   6.4022453806E-005
     -20.0   6.4217199664E-005
     -10.0   6.6868796015E-005
       0.0   6.4167109239E-005
      10.0   6.3561831298E-005
      20.0   6.2081717749E-005
      30.0   6.0314320900E-005
      40.0   5.8359678349E-005
      50.0   5.6691431159E-005
      60.0   5.5563956378E-005
      80.0   5.5202851387E-005
     100.0   5.5349489787E-005
     120.0   5.4838999566E-005
     140.0   5.3700709732E-005
     160.0   5.3150391095E-005
     180.0   5.3084964369E-005
     200.0   5.3541478269E-005
     220.0   5.3779771088E-005
     240.0   5.2678557534E-005
     260.0   5.0635474139E-005
     280.0   4.9283727960E-005
     300.0   4.9449653477E-005
     400.0   5.7616381570E-005
     500.0   5.7623087216E-005
    1000.0   5.7653199378E-005
