   -1000.0   4.6837566873E-005
    -500.0   4.6883757665E-005
    -400.0   4.6892962753E-005
    -300.0   4.6902158002E-005
    -280.0   4.6903995680E-005
    -260.0   4.6905832829E-005
    -240.0   4.6907669403E-005
    -220.0   4.6909505345E-005
    -200.0   4.6911340584E-005
    -180.0   4.6913198321E-005
    -160.0   4.6915123041E-005
    -140.0   4.6917047717E-005
    -120.0   4.6919031443E-005
    -100.0   4.6924866576E-005
     -80.0   4.6928895050E-005
     -60.0   4.6931812175E-005
     -50.0   4.6933147189E-005
     -40.0   4.6934295580E-005
     -30.0   4.6936700901E-005
     -20.0   4.6946482557E-005
     -10.0   4.7131306411E-005
       0.0   4.7052575201E-005
      10.0   4.6944583015E-005
      20.0   4.6939203902E-005
      30.0   4.6937323318E-005
      40.0   4.6938702698E-005
      50.0   4.6560336503E-005
      60.0   4.5406897851E-005
      80.0   4.4730001474E-005
     100.0   4.5208887698E-005
     120.0   4.5523087971E-005
     140.0   4.5363514448E-005
     160.0   4.4946488646E-005
     180.0   4.4525941271E-005
     200.0   4.4468402548E-005
     220.0   4.4901332312E-005
     240.0   4.4811608278E-005
     260.0   4.4020175405E-005
     280.0   4.3339524601E-005
     300.0   4.2744115688E-005
     400.0   4.6965826937E-005
     500.0   4.6975419845E-005
    1000.0   4.7021080063E-005
