   -1000.0   4.6903568424E-005
    -500.0   4.6951581434E-005
    -400.0   4.6961156510E-005
    -300.0   4.6970723130E-005
    -280.0   4.6972635369E-005
    -260.0   4.6974547221E-005
    -240.0   4.6976458671E-005
    -220.0   4.6978369699E-005
    -200.0   4.6980283600E-005
    -180.0   4.6982201919E-005
    -160.0   4.6984121482E-005
    -140.0   4.6986036884E-005
    -120.0   4.6987954499E-005
    -100.0   4.6989910544E-005
     -80.0   4.6991887880E-005
     -60.0   4.6993869512E-005
     -50.0   4.6994947747E-005
     -40.0   4.6996738879E-005
     -30.0   4.6998555526E-005
     -20.0   4.7003635796E-005
     -10.0   4.7374031750E-005
       0.0   4.7158733250E-005
      10.0   4.7001618240E-005
      20.0   4.7001540738E-005
      30.0   4.7002350508E-005
      40.0   4.7003188933E-005
      50.0   4.6982860458E-005
      60.0   4.6741418173E-005
      80.0   4.6090297494E-005
     100.0   4.6103799617E-005
     120.0   4.6133290086E-005
     140.0   4.5936373901E-005
     160.0   4.5825460962E-005
     180.0   4.5805970852E-005
     200.0   4.5578714374E-005
     220.0   4.5628302058E-005
     240.0   4.5281580138E-005
     260.0   4.4603374677E-005
     280.0   4.4058899704E-005
     300.0   4.4159445623E-005
     400.0   4.7036956386E-005
     500.0   4.7046956266E-005
    1000.0   4.7094429107E-005
