   -1000.0   7.3270487055E-005
    -500.0   7.3282208351E-005
    -400.0   7.3284097416E-005
    -300.0   7.3285971831E-005
    -280.0   7.3286345259E-005
    -260.0   7.3286718447E-005
    -240.0   7.3287091666E-005
    -220.0   7.3287465408E-005
    -200.0   7.3287840622E-005
    -180.0   7.3288219327E-005
    -160.0   7.3288606881E-005
    -140.0   7.3289766768E-005
    -120.0   7.3381965659E-005
    -100.0   7.3468754756E-005
     -80.0   7.3596184281E-005
     -60.0   7.5429424268E-005
     -50.0   7.5743984804E-005
     -40.0   7.6504725177E-005
     -30.0   7.6854971737E-005
     -20.0   7.5676691305E-005
     -10.0   7.5252026495E-005
       0.0   7.5370214121E-005
      10.0   7.5440497244E-005
      20.0   7.5496103311E-005
      30.0   7.5604440388E-005
      40.0   7.5499996506E-005
      50.0   7.4817520711E-005
      60.0   7.4225066444E-005
      80.0   7.0827685415E-005
     100.0   6.7383581460E-005
     120.0   6.3135253949E-005
     140.0   6.0105232025E-005
     160.0   6.0840108416E-005
     180.0   6.2173734423E-005
     200.0   6.4806497547E-005
     220.0   6.5305381519E-005
     240.0   6.5671235604E-005
     260.0   6.7026427040E-005
     280.0   6.9937099806E-005
     300.0   7.1927914980E-005
     400.0   7.3298402808E-005
     500.0   7.3300401160E-005
    1000.0   7.3309166542E-005
