   -1000.0   7.8190710481E-005
    -500.0   7.8257930166E-005
    -400.0   7.8270191249E-005
    -300.0   7.8296671000E-005
    -280.0   7.8306026992E-005
    -260.0   7.8318012680E-005
    -240.0   7.8333806754E-005
    -220.0   7.8355367726E-005
    -200.0   7.8386191465E-005
    -180.0   7.8433181448E-005
    -160.0   7.8512287353E-005
    -140.0   7.8673286134E-005
    -120.0   8.2174598095E-005
    -100.0   1.4047807098E-004
     -80.0   2.5304062924E-004
     -60.0   4.1639451389E-004
     -50.0   5.0126845090E-004
     -40.0   5.8301419227E-004
     -30.0   6.9491116784E-004
     -20.0   6.2878629834E-004
     -10.0   4.0614752239E-004
       0.0   3.3278011958E-004
      10.0   2.9346485811E-004
      20.0   2.8229715428E-004
      30.0   2.8677867002E-004
      40.0   2.5769879874E-004
      50.0   2.4443557944E-004
      60.0   2.2752239404E-004
      80.0   1.8226547300E-004
     100.0   1.4123758834E-004
     120.0   1.0065849980E-004
     140.0   9.2295171074E-005
     160.0   8.6721081782E-005
     180.0   8.2566805997E-005
     200.0   7.8684118755E-005
     220.0   7.6342687432E-005
     240.0   7.5188935638E-005
     260.0   7.5739589294E-005
     280.0   7.5789893022E-005
     300.0   7.6460910720E-005
     400.0   7.8278645223E-005
     500.0   7.8272830696E-005
    1000.0   7.8269904010E-005
