   -1000.0   4.1324683487E-005
    -500.0   4.1382394627E-005
    -400.0   4.1393901582E-005
    -300.0   4.1405402259E-005
    -280.0   4.1407701636E-005
    -260.0   4.1410000758E-005
    -240.0   4.1412299624E-005
    -220.0   4.1414598234E-005
    -200.0   4.1416896586E-005
    -180.0   4.1419196561E-005
    -160.0   4.1421496551E-005
    -140.0   4.1423797766E-005
    -120.0   4.1426095602E-005
    -100.0   4.1428399580E-005
     -80.0   4.1430699876E-005
     -60.0   4.1433136494E-005
     -50.0   4.1434325295E-005
     -40.0   4.1435501231E-005
     -30.0   4.1436641263E-005
     -20.0   4.1437889077E-005
     -10.0   4.1439684034E-005
       0.0   4.1442397833E-005
      10.0   4.1441272310E-005
      20.0   4.1442379133E-005
      30.0   4.1443448751E-005
      40.0   4.1444563188E-005
      50.0   4.1445690669E-005
      60.0   4.1446826922E-005
      80.0   4.1449055822E-005
     100.0   4.1451330903E-005
     120.0   4.1379068554E-005
     140.0   4.1305223059E-005
     160.0   4.1286059273E-005
     180.0   4.1232810903E-005
     200.0   4.1228905571E-005
     220.0   4.1303832140E-005
     240.0   4.1330304460E-005
     260.0   4.1357683194E-005
     280.0   4.1374640230E-005
     300.0   4.1394199772E-005
     400.0   4.1485663329E-005
     500.0   4.1497180362E-005
    1000.0   4.1554338993E-005
