   -1000.0   3.8399277574E-005
    -500.0   3.8520297664E-005
    -400.0   3.8533523986E-005
    -300.0   3.8546756634E-005
    -280.0   3.8549420550E-005
    -260.0   3.8601351523E-005
    -240.0   3.8624622813E-005
    -220.0   3.8609435929E-005
    -200.0   3.8608669998E-005
    -180.0   3.8939085486E-005
    -160.0   3.9032370159E-005
    -140.0   3.9070701232E-005
    -120.0   3.9112478619E-005
    -100.0   3.9182486127E-005
     -80.0   3.9333021207E-005
     -60.0   3.9580186997E-005
     -50.0   3.9854814730E-005
     -40.0   4.0159529106E-005
     -30.0   4.0582989385E-005
     -20.0   4.1849286387E-005
     -10.0   4.1889846618E-005
       0.0   3.9799367650E-005
      10.0   3.9626051637E-005
      20.0   3.8833344737E-005
      30.0   3.8366216466E-005
      40.0   3.7976724555E-005
      50.0   3.7850823078E-005
      60.0   3.7930839203E-005
      80.0   3.7342657287E-005
     100.0   3.7373744925E-005
     120.0   3.8566486651E-005
     140.0   3.8854513902E-005
     160.0   3.8646343455E-005
     180.0   3.8512733879E-005
     200.0   3.8533354615E-005
     220.0   3.8401990834E-005
     240.0   3.8804870556E-005
     260.0   3.8572289860E-005
     280.0   3.8421760215E-005
     300.0   3.8492212138E-005
     400.0   3.8639524767E-005
     500.0   3.8652712024E-005
    1000.0   3.8718566488E-005
