   -1000.0   3.4589624668E-005
    -500.0   3.4658349617E-005
    -400.0   3.4671075074E-005
    -300.0   3.4683933634E-005
    -280.0   3.4686554241E-005
    -260.0   3.4689224655E-005
    -240.0   3.4692062575E-005
    -220.0   3.4753042586E-005
    -200.0   3.4939200960E-005
    -180.0   3.5086076476E-005
    -160.0   3.5289494498E-005
    -140.0   3.5581536322E-005
    -120.0   3.7430167738E-005
    -100.0   3.8546387984E-005
     -80.0   3.9788282997E-005
     -60.0   4.2110531834E-005
     -50.0   4.3924057105E-005
     -40.0   4.6083291304E-005
     -30.0   4.9859465787E-005
     -20.0   5.4122911296E-005
     -10.0   6.0022952494E-005
       0.0   6.3079730086E-005
      10.0   5.3010986458E-005
      20.0   4.1609922779E-005
      30.0   3.8303225399E-005
      40.0   3.7118982370E-005
      50.0   3.6151342420E-005
      60.0   3.6259362060E-005
      80.0   3.6153525235E-005
     100.0   3.5272246308E-005
     120.0   3.5469456995E-005
     140.0   3.3831377112E-005
     160.0   3.3193227389E-005
     180.0   3.2503963248E-005
     200.0   3.3299381128E-005
     220.0   3.3598240800E-005
     240.0   3.3995033089E-005
     260.0   3.3966172016E-005
     280.0   3.4323505308E-005
     300.0   3.4669903230E-005
     400.0   3.4771695766E-005
     500.0   3.4784276547E-005
    1000.0   3.4847111008E-005
