   -1000.0   4.1807162727E-005
    -500.0   4.1866292297E-005
    -400.0   4.1878069015E-005
    -300.0   4.1889839415E-005
    -280.0   4.1892192733E-005
    -260.0   4.1894545796E-005
    -240.0   4.1896898602E-005
    -220.0   4.1899251152E-005
    -200.0   4.1901603444E-005
    -180.0   4.1903956537E-005
    -160.0   4.1906309634E-005
    -140.0   4.1908663129E-005
    -120.0   4.1911017065E-005
    -100.0   4.1913372984E-005
     -80.0   4.1915727522E-005
     -60.0   4.1918151007E-005
     -50.0   4.1919381370E-005
     -40.0   4.1920592991E-005
     -30.0   4.1921767292E-005
     -20.0   4.1923007249E-005
     -10.0   4.1924296816E-005
       0.0   4.1925861324E-005
      10.0   4.1926463403E-005
      20.0   4.1927613146E-005
      30.0   4.1928734713E-005
      40.0   4.1929889453E-005
      50.0   4.1931050760E-005
      60.0   4.1932211972E-005
      80.0   4.1934518265E-005
     100.0   4.1936854237E-005
     120.0   4.1896360209E-005
     140.0   4.1845345806E-005
     160.0   4.1818578706E-005
     180.0   4.1815928624E-005
     200.0   4.1786095041E-005
     220.0   4.1824904074E-005
     240.0   4.1849434227E-005
     260.0   4.1871995366E-005
     280.0   4.1889452731E-005
     300.0   4.1902022383E-005
     400.0   4.1968349148E-005
     500.0   4.1983773308E-005
    1000.0   4.2042276998E-005
