   -1000.0   5.9537846106E-005
    -500.0   5.9566150433E-005
    -400.0   5.9571617011E-005
    -300.0   5.9577062405E-005
    -280.0   5.9578147773E-005
    -260.0   5.9579231530E-005
    -240.0   5.9580545574E-005
    -220.0   5.9666301092E-005
    -200.0   5.9687372348E-005
    -180.0   5.9631646258E-005
    -160.0   5.9644287891E-005
    -140.0   5.9628244804E-005
    -120.0   5.9640852934E-005
    -100.0   5.9635558390E-005
     -80.0   5.9640173146E-005
     -60.0   5.9643843293E-005
     -50.0   5.9654045572E-005
     -40.0   5.9647633146E-005
     -30.0   5.9639509883E-005
     -20.0   5.9620987039E-005
     -10.0   5.9599283534E-005
       0.0   4.6381865183E-005
      10.0   5.6172437092E-005
      20.0   5.7799622292E-005
      30.0   5.7910562211E-005
      40.0   5.7395188617E-005
      50.0   5.6985105828E-005
      60.0   5.7087576945E-005
      80.0   5.7207409415E-005
     100.0   5.5360325263E-005
     120.0   5.2789612204E-005
     140.0   5.2000132895E-005
     160.0   5.1581749535E-005
     180.0   5.0853776950E-005
     200.0   5.0587184935E-005
     220.0   5.1218863691E-005
     240.0   5.3013504470E-005
     260.0   5.4073643345E-005
     280.0   5.4940115794E-005
     300.0   5.6272350897E-005
     400.0   5.9614859287E-005
     500.0   5.9620390131E-005
    1000.0   5.9647224157E-005
