   -1000.0   3.7366853692E-005
    -500.0   3.7493881886E-005
    -400.0   3.7508439222E-005
    -300.0   3.7523016806E-005
    -280.0   3.7527310917E-005
    -260.0   3.7606250238E-005
    -240.0   3.7647632622E-005
    -220.0   3.8078850103E-005
    -200.0   3.7845755440E-005
    -180.0   3.7640316104E-005
    -160.0   3.7983617955E-005
    -140.0   3.8312539845E-005
    -120.0   3.8457816046E-005
    -100.0   3.8532793573E-005
     -80.0   3.8781493159E-005
     -60.0   3.9166585132E-005
     -50.0   3.9444068096E-005
     -40.0   3.9938899608E-005
     -30.0   4.0966798614E-005
     -20.0   4.2235893260E-005
     -10.0   4.2627563218E-005
       0.0   4.6965128702E-005
      10.0   3.9782699735E-005
      20.0   3.8404910615E-005
      30.0   3.7729837367E-005
      40.0   3.7339454958E-005
      50.0   3.7167799241E-005
      60.0   3.6677625029E-005
      80.0   3.8183868387E-005
     100.0   3.8381718539E-005
     120.0   3.8407929381E-005
     140.0   3.7896752648E-005
     160.0   3.7847767101E-005
     180.0   3.7959926572E-005
     200.0   3.8585903904E-005
     220.0   3.8702025125E-005
     240.0   3.7720765005E-005
     260.0   3.7780008587E-005
     280.0   3.7523612322E-005
     300.0   3.7595767789E-005
     400.0   3.7624808252E-005
     500.0   3.7639320499E-005
    1000.0   3.7711843181E-005
