   -1000.0   1.5165875013E-004
    -500.0   1.5235627359E-004
    -400.0   1.5245660182E-004
    -300.0   1.5256227203E-004
    -280.0   1.5258499041E-004
    -260.0   1.5260886465E-004
    -240.0   1.5263490051E-004
    -220.0   1.5267248660E-004
    -200.0   1.5456052581E-004
    -180.0   1.5657672100E-004
    -160.0   1.5973142158E-004
    -140.0   1.6479016216E-004
    -120.0   1.7281378042E-004
    -100.0   1.8492225758E-004
     -80.0   3.3673473875E-004
     -60.0   5.1035149912E-004
     -50.0   5.8381165454E-004
     -40.0   6.7986530591E-004
     -30.0   7.4312842466E-004
     -20.0   7.8865904950E-004
     -10.0   1.1171937303E-003
       0.0   8.2704819481E-004
      10.0   8.9954296145E-004
      20.0   6.1426450566E-004
      30.0   4.9203464880E-004
      40.0   4.3126846350E-004
      50.0   3.7654180341E-004
      60.0   3.4755506747E-004
      80.0   2.9590714287E-004
     100.0   1.8920383087E-004
     120.0   1.7644660373E-004
     140.0   1.6906109979E-004
     160.0   1.6468469177E-004
     180.0   1.6151345810E-004
     200.0   1.5921268808E-004
     220.0   1.5654629236E-004
     240.0   1.5484112571E-004
     260.0   1.5374573693E-004
     280.0   1.5323491033E-004
     300.0   1.5324834996E-004
     400.0   1.5322849437E-004
     500.0   1.5332333913E-004
    1000.0   1.5380436215E-004
