   -1000.0   7.3272907314E-005
    -500.0   7.3282587572E-005
    -400.0   7.3284477874E-005
    -300.0   7.3286354566E-005
    -280.0   7.3286728270E-005
    -260.0   7.3287101428E-005
    -240.0   7.3287474040E-005
    -220.0   7.3287846107E-005
    -200.0   7.3288217626E-005
    -180.0   7.3288588600E-005
    -160.0   7.3288959025E-005
    -140.0   7.3289328903E-005
    -120.0   7.3289698274E-005
    -100.0   7.3290067116E-005
     -80.0   7.3290435406E-005
     -60.0   7.3290803919E-005
     -50.0   7.3290987724E-005
     -40.0   7.3291173438E-005
     -30.0   7.3291355410E-005
     -20.0   7.3291537927E-005
     -10.0   7.3291721406E-005
       0.0   7.3291903463E-005
      10.0   7.3292086054E-005
      20.0   7.3292268688E-005
      30.0   7.3292451066E-005
      40.0   7.3292634962E-005
      50.0   7.3292618380E-005
      60.0   7.3291748764E-005
      80.0   7.3284964906E-005
     100.0   7.3273813318E-005
     120.0   7.3265000401E-005
     140.0   7.3258628772E-005
     160.0   7.3261144278E-005
     180.0   7.3265406775E-005
     200.0   7.3271964421E-005
     220.0   7.3273599830E-005
     240.0   7.3273032983E-005
     260.0   7.3270132608E-005
     280.0   7.3280881608E-005
     300.0   7.3287875893E-005
     400.0   7.3299109114E-005
     500.0   7.3300876786E-005
    1000.0   7.3309507869E-005
