   -1000.0   4.9993875550E-005
    -500.0   5.0034874776E-005
    -400.0   5.0043030526E-005
    -300.0   5.0051175897E-005
    -280.0   5.0052803560E-005
    -260.0   5.0054430694E-005
    -240.0   5.0056057265E-005
    -220.0   5.0057683230E-005
    -200.0   5.0059308545E-005
    -180.0   5.0060933172E-005
    -160.0   5.0062557132E-005
    -140.0   5.0064414105E-005
    -120.0   5.0067160902E-005
    -100.0   5.0070987115E-005
     -80.0   5.0126061348E-005
     -60.0   5.0135178069E-005
     -50.0   5.0145636752E-005
     -40.0   5.0151517632E-005
     -30.0   5.0198031159E-005
     -20.0   5.0395589031E-005
     -10.0   5.0314417244E-005
       0.0   5.0176017769E-005
      10.0   5.0146206749E-005
      20.0   5.0148098571E-005
      30.0   5.0105109296E-005
      40.0   4.9978952036E-005
      50.0   4.9917186176E-005
      60.0   4.9924368061E-005
      80.0   4.9181468635E-005
     100.0   4.7490418331E-005
     120.0   4.6624812765E-005
     140.0   4.6161533873E-005
     160.0   4.7009573772E-005
     180.0   4.7905514992E-005
     200.0   4.8508992364E-005
     220.0   4.8858856781E-005
     240.0   4.8815402551E-005
     260.0   4.8758711654E-005
     280.0   4.8921567813E-005
     300.0   4.8543742414E-005
     400.0   5.0107794766E-005
     500.0   5.0116034350E-005
    1000.0   5.0156376022E-005
