   -1000.0   5.7772505151E-005
    -500.0   5.7824229882E-005
    -400.0   5.7831619984E-005
    -300.0   5.7840598022E-005
    -280.0   5.7842878536E-005
    -260.0   5.7845495499E-005
    -240.0   5.7848628381E-005
    -220.0   5.7852609914E-005
    -200.0   5.7858150313E-005
    -180.0   5.7867400902E-005
    -160.0   5.8330148010E-005
    -140.0   5.9722571422E-005
    -120.0   7.2069639912E-005
    -100.0   9.4594831502E-005
     -80.0   1.1759667355E-004
     -60.0   1.3105259976E-004
     -50.0   1.2883581981E-004
     -40.0   1.2094634306E-004
     -30.0   1.2043170765E-004
     -20.0   1.2683070778E-004
     -10.0   1.4245639445E-004
       0.0   1.3542052317E-004
      10.0   1.1368241731E-004
      20.0   1.0973968204E-004
      30.0   1.0839208560E-004
      40.0   1.0217027813E-004
      50.0   9.4842446380E-005
      60.0   8.8375319022E-005
      80.0   7.9488199507E-005
     100.0   7.1863124084E-005
     120.0   6.4776809328E-005
     140.0   5.7190675603E-005
     160.0   5.5530799890E-005
     180.0   5.5085977243E-005
     200.0   5.5126306575E-005
     220.0   5.5403897665E-005
     240.0   5.3485467083E-005
     260.0   5.1171289414E-005
     280.0   4.9597573604E-005
     300.0   4.9754387214E-005
     400.0   5.7875843519E-005
     500.0   5.7885495373E-005
    1000.0   5.7916431449E-005
