   -1000.0   6.9823651345E-005
    -500.0   7.0197013518E-005
    -400.0   7.0348673296E-005
    -300.0   7.0710356540E-005
    -280.0   7.0853261385E-005
    -260.0   7.1053220117E-005
    -240.0   7.1358710331E-005
    -220.0   7.1920965015E-005
    -200.0   7.5753793644E-005
    -180.0   9.9900711828E-005
    -160.0   1.4573220903E-004
    -140.0   1.9859696497E-004
    -120.0   2.6195562613E-004
    -100.0   3.2950051445E-004
     -80.0   4.0454178035E-004
     -60.0   4.8310405108E-004
     -50.0   5.2265270155E-004
     -40.0   5.6841368537E-004
     -30.0   6.1413411398E-004
     -20.0   6.7850554997E-004
     -10.0   7.5743598336E-004
       0.0   6.0597650853E-004
      10.0   4.6013703219E-004
      20.0   3.8752226671E-004
      30.0   3.1997075610E-004
      40.0   2.7018219321E-004
      50.0   2.3379620209E-004
      60.0   2.0548408165E-004
      80.0   1.6507391647E-004
     100.0   1.4019869047E-004
     120.0   1.2436587034E-004
     140.0   1.1061010067E-004
     160.0   1.0467940739E-004
     180.0   9.6317354532E-005
     200.0   8.7035665628E-005
     220.0   8.1001410107E-005
     240.0   7.7243643803E-005
     260.0   7.4014768192E-005
     280.0   7.2324148042E-005
     300.0   7.1644072001E-005
     400.0   7.0436551350E-005
     500.0   7.0345661500E-005
    1000.0   7.0296581887E-005
