   -1000.0   4.4375508045E-005
    -500.0   4.4468597577E-005
    -400.0   4.4490711802E-005
    -300.0   4.4525279336E-005
    -280.0   4.4535518424E-005
    -260.0   4.4547785983E-005
    -240.0   4.4562877394E-005
    -220.0   4.4582066879E-005
    -200.0   4.4607678476E-005
    -180.0   4.4781661186E-005
    -160.0   4.5724455904E-005
    -140.0   4.6802985062E-005
    -120.0   5.1279268506E-005
    -100.0   5.9482038521E-005
     -80.0   7.3134746636E-005
     -60.0   9.7609149494E-005
     -50.0   1.5852056642E-004
     -40.0   4.5534206059E-004
     -30.0   5.2078247413E-004
     -20.0   6.4831251849E-004
     -10.0   5.9831584004E-004
       0.0   8.7750037522E-004
      10.0   4.8185033132E-004
      20.0   5.3225158156E-004
      30.0   4.2362846457E-004
      40.0   2.9004280207E-004
      50.0   1.6669163022E-004
      60.0   9.7878033201E-005
      80.0   7.3662692843E-005
     100.0   5.9943649243E-005
     120.0   5.1803243126E-005
     140.0   4.7360222240E-005
     160.0   4.4507499252E-005
     180.0   4.0512027513E-005
     200.0   4.0056663943E-005
     220.0   4.1968104065E-005
     240.0   4.2808023844E-005
     260.0   4.3438363663E-005
     280.0   4.3783667907E-005
     300.0   4.4045700853E-005
     400.0   4.4581217432E-005
     500.0   4.4586070062E-005
    1000.0   4.4632898814E-005
