   -1000.0   4.4091354757E-005
    -500.0   4.4159160175E-005
    -400.0   4.4169343500E-005
    -300.0   4.4179521050E-005
    -280.0   4.4181556034E-005
    -260.0   4.4183590926E-005
    -240.0   4.4185625826E-005
    -220.0   4.4187660958E-005
    -200.0   4.4189696696E-005
    -180.0   4.4191734018E-005
    -160.0   4.4193776303E-005
    -140.0   4.4195883655E-005
    -120.0   4.4333423901E-005
    -100.0   4.4397997970E-005
     -80.0   4.4452487016E-005
     -60.0   4.4578340934E-005
     -50.0   4.4710582891E-005
     -40.0   4.4805805228E-005
     -30.0   4.4848582630E-005
     -20.0   4.5191033626E-005
     -10.0   4.4884577976E-005
       0.0   4.4681931503E-005
      10.0   4.4869262873E-005
      20.0   4.4672459781E-005
      30.0   4.4279281568E-005
      40.0   4.4047139791E-005
      50.0   4.3989709482E-005
      60.0   4.3977225356E-005
      80.0   4.3913534373E-005
     100.0   4.3944419292E-005
     120.0   4.3844179434E-005
     140.0   4.3740777246E-005
     160.0   4.3811753562E-005
     180.0   4.3850918035E-005
     200.0   4.3933174843E-005
     220.0   4.3983943896E-005
     240.0   4.4003983333E-005
     260.0   4.4009518653E-005
     280.0   4.3734390334E-005
     300.0   4.3713710631E-005
     400.0   4.4250552933E-005
     500.0   4.4260687558E-005
    1000.0   4.4311205596E-005
