   -1000.0   9.3075595925E-005
    -500.0   9.3285268091E-005
    -400.0   9.3340366543E-005
    -300.0   9.3458806622E-005
    -280.0   9.3500184752E-005
    -260.0   9.3552756147E-005
    -240.0   9.3621234234E-005
    -220.0   9.3713174957E-005
    -200.0   9.3841379633E-005
    -180.0   9.4029166582E-005
    -160.0   9.4323456936E-005
    -140.0   9.4834217662E-005
    -120.0   9.5920642069E-005
    -100.0   1.2551282167E-004
     -80.0   2.7512368688E-004
     -60.0   9.0081564679E-004
     -50.0   1.2521614030E-003
     -40.0   1.7047550172E-003
     -30.0   1.7638257295E-003
     -20.0   1.2150451095E-003
     -10.0   9.0217828198E-004
       0.0   7.2420384085E-004
      10.0   6.4407244316E-004
      20.0   6.5294738172E-004
      30.0   6.6876542195E-004
      40.0   6.6249451931E-004
      50.0   5.7187707361E-004
      60.0   4.7950346353E-004
      80.0   3.0337706074E-004
     100.0   1.8845797212E-004
     120.0   1.5533403561E-004
     140.0   1.3228781524E-004
     160.0   1.1578256963E-004
     180.0   1.0372679950E-004
     200.0   9.4957766780E-005
     220.0   9.0875446211E-005
     240.0   9.1972490475E-005
     260.0   9.2830778202E-005
     280.0   9.3417320504E-005
     300.0   9.3458392915E-005
     400.0   9.3380713269E-005
     500.0   9.3347989607E-005
    1000.0   9.3329783947E-005
