   -1000.0   3.3863943319E-005
    -500.0   3.3929997137E-005
    -400.0   3.3943161970E-005
    -300.0   3.3956321007E-005
    -280.0   3.3958952083E-005
    -260.0   3.3961583054E-005
    -240.0   3.3964376284E-005
    -220.0   3.3967231633E-005
    -200.0   3.3971290190E-005
    -180.0   3.3975434825E-005
    -160.0   3.3979652979E-005
    -140.0   3.3984592153E-005
    -120.0   3.3997608228E-005
    -100.0   3.4035546678E-005
     -80.0   3.4058728576E-005
     -60.0   3.4083548678E-005
     -50.0   3.4094026914E-005
     -40.0   3.4107412231E-005
     -30.0   3.4122656702E-005
     -20.0   3.4143619198E-005
     -10.0   3.4178650734E-005
       0.0   3.4700273607E-005
      10.0   3.4400543717E-005
      20.0   3.4227130017E-005
      30.0   3.2902433078E-005
      40.0   3.2416017803E-005
      50.0   3.2316626109E-005
      60.0   3.2252584692E-005
      80.0   3.2356732045E-005
     100.0   3.2338564055E-005
     120.0   3.2380981313E-005
     140.0   3.2048940180E-005
     160.0   3.2586453007E-005
     180.0   3.2958592043E-005
     200.0   3.3094063383E-005
     220.0   3.3116813425E-005
     240.0   3.3261711401E-005
     260.0   3.3394612888E-005
     280.0   3.3669255155E-005
     300.0   3.3794296945E-005
     400.0   3.4048279676E-005
     500.0   3.4061440037E-005
    1000.0   3.4127009177E-005
