   -1000.0   4.0421596482E-005
    -500.0   4.0475209472E-005
    -400.0   4.0485882675E-005
    -300.0   4.0496546530E-005
    -280.0   4.0498677857E-005
    -260.0   4.0500808579E-005
    -240.0   4.0502938622E-005
    -220.0   4.0505067933E-005
    -200.0   4.0507196680E-005
    -180.0   4.0510872411E-005
    -160.0   4.0529679525E-005
    -140.0   4.0538484507E-005
    -120.0   4.0538753679E-005
    -100.0   4.0543752195E-005
     -80.0   4.0548830457E-005
     -60.0   4.0554816339E-005
     -50.0   4.0557413650E-005
     -40.0   4.0560870717E-005
     -30.0   4.0563407128E-005
     -20.0   4.0567453226E-005
     -10.0   4.0592387917E-005
       0.0   3.8628183596E-005
      10.0   3.8440890474E-005
      20.0   3.8675901942E-005
      30.0   3.8845961946E-005
      40.0   3.9056413661E-005
      50.0   3.9274367705E-005
      60.0   3.9455123011E-005
      80.0   3.9486589900E-005
     100.0   3.9456817856E-005
     120.0   3.9267927316E-005
     140.0   3.9196037170E-005
     160.0   3.8772113175E-005
     180.0   3.8933476511E-005
     200.0   3.9228914910E-005
     220.0   3.9285252809E-005
     240.0   3.8111242334E-005
     260.0   3.7544499100E-005
     280.0   3.7176943825E-005
     300.0   3.7777964503E-005
     400.0   4.0570919979E-005
     500.0   4.0581657548E-005
    1000.0   4.0634711948E-005
