   -1000.0   4.3847686971E-005
    -500.0   4.4087679536E-005
    -400.0   4.4215639578E-005
    -300.0   4.4490732496E-005
    -280.0   4.4586495861E-005
    -260.0   4.4708159851E-005
    -240.0   4.4867175787E-005
    -220.0   4.5083239043E-005
    -200.0   4.5395141713E-005
    -180.0   4.5904504065E-005
    -160.0   4.7315377763E-005
    -140.0   8.2152961847E-005
    -120.0   1.0623117697E-004
    -100.0   1.3347635573E-004
     -80.0   1.7751069525E-004
     -60.0   3.2374302062E-004
     -50.0   9.8873581305E-004
     -40.0   1.4903807697E-003
     -30.0   2.0586546527E-003
     -20.0   1.4519997099E-003
     -10.0   1.2065076403E-003
       0.0   1.2883703069E-003
      10.0   1.0748786015E-003
      20.0   1.3477474139E-003
      30.0   1.4341662984E-003
      40.0   1.0680171160E-003
      50.0   7.4265161996E-004
      60.0   3.3967886987E-004
      80.0   1.7578497890E-004
     100.0   1.2946535681E-004
     120.0   1.0238518114E-004
     140.0   8.5333565705E-005
     160.0   6.4445846157E-005
     180.0   5.8597698030E-005
     200.0   5.4410744511E-005
     220.0   5.1254099136E-005
     240.0   4.9613186674E-005
     260.0   4.8037108321E-005
     280.0   4.7342409604E-005
     300.0   4.6760149216E-005
     400.0   4.4322000230E-005
     500.0   4.4209600696E-005
    1000.0   4.4119777242E-005
