   -1000.0   5.4563636456E-005
    -500.0   5.4849655061E-005
    -400.0   5.4877054341E-005
    -300.0   5.4905099584E-005
    -280.0   5.4913064539E-005
    -260.0   5.5549294026E-005
    -240.0   5.5821442985E-005
    -220.0   5.6614615636E-005
    -200.0   5.5925289966E-005
    -180.0   5.6061604602E-005
    -160.0   5.9704917483E-005
    -140.0   6.4178511873E-005
    -120.0   7.2605936412E-005
    -100.0   8.1250139694E-005
     -80.0   8.9126944410E-005
     -60.0   9.6482899773E-005
     -50.0   1.0071193354E-004
     -40.0   1.0303921355E-004
     -30.0   1.0265705092E-004
     -20.0   1.0995976584E-004
     -10.0   1.1704177913E-004
       0.0   1.3463287597E-004
      10.0   1.0376975254E-004
      20.0   9.0027004765E-005
      30.0   7.8195458012E-005
      40.0   7.5114198857E-005
      50.0   7.1131595357E-005
      60.0   6.8457978035E-005
      80.0   7.0050441787E-005
     100.0   6.9596379857E-005
     120.0   6.6023918428E-005
     140.0   6.6226686814E-005
     160.0   6.6433317330E-005
     180.0   6.3424811724E-005
     200.0   5.9001730256E-005
     220.0   5.7816297148E-005
     240.0   5.6225125066E-005
     260.0   5.6182185450E-005
     280.0   5.5173644356E-005
     300.0   5.5071662222E-005
     400.0   5.5094263668E-005
     500.0   5.5121167369E-005
    1000.0   5.5256811126E-005
