   -1000.0   3.9878321728E-005
    -500.0   3.9917583570E-005
    -400.0   3.9920769334E-005
    -300.0   3.9923875000E-005
    -280.0   3.9924488640E-005
    -260.0   3.9925104794E-005
    -240.0   3.9925731590E-005
    -220.0   3.9926388497E-005
    -200.0   3.9927132243E-005
    -180.0   3.9931322565E-005
    -160.0   3.9953322579E-005
    -140.0   4.0167332136E-005
    -120.0   4.0560124935E-005
    -100.0   4.1124490952E-005
     -80.0   4.1596864953E-005
     -60.0   4.2067260179E-005
     -50.0   4.2211085601E-005
     -40.0   4.2211206525E-005
     -30.0   4.2048193809E-005
     -20.0   4.2021897261E-005
     -10.0   4.1810167469E-005
       0.0   3.9316782674E-005
      10.0   3.7960772983E-005
      20.0   3.8666789710E-005
      30.0   3.7933210975E-005
      40.0   3.7850608154E-005
      50.0   3.8225021240E-005
      60.0   3.8314769397E-005
      80.0   3.6797257051E-005
     100.0   3.5841305993E-005
     120.0   3.2401287444E-005
     140.0   2.2782139557E-005
     160.0   1.7678470260E-005
     180.0   1.7527741547E-005
     200.0   1.9577835011E-005
     220.0   2.3394359373E-005
     240.0   2.6603407262E-005
     260.0   2.9314952133E-005
     280.0   3.2945016463E-005
     300.0   3.8363847523E-005
     400.0   3.9941523034E-005
     500.0   3.9948674679E-005
    1000.0   3.9967415144E-005
