   -1000.0   2.7208141181E-005
    -500.0   2.7258410686E-005
    -400.0   2.7278237270E-005
    -300.0   2.7313970578E-005
    -280.0   2.7325269418E-005
    -260.0   2.7339029926E-005
    -240.0   2.7356129654E-005
    -220.0   2.7377877137E-005
    -200.0   2.7406304083E-005
    -180.0   2.7444798719E-005
    -160.0   2.7504229590E-005
    -140.0   2.7603713531E-005
    -120.0   2.7747256491E-005
    -100.0   2.7980954052E-005
     -80.0   2.8465264180E-005
     -60.0   2.9298349511E-005
     -50.0   2.9996355282E-005
     -40.0   3.1115561828E-005
     -30.0   3.3446735668E-005
     -20.0   3.8654770752E-005
     -10.0   4.0533839613E-005
       0.0   1.1365401016E-004
      10.0   5.7649541443E-005
      20.0   3.8950551503E-005
      30.0   3.3055305379E-005
      40.0   3.0720823486E-005
      50.0   2.8960089974E-005
      60.0   2.7539440307E-005
      80.0   2.6507073550E-005
     100.0   2.6153299780E-005
     120.0   2.5751093625E-005
     140.0   2.5541707548E-005
     160.0   2.5134769708E-005
     180.0   2.5261333914E-005
     200.0   2.4439546465E-005
     220.0   2.2509002761E-005
     240.0   2.0438538609E-005
     260.0   2.1214456157E-005
     280.0   2.2217139635E-005
     300.0   2.3323193619E-005
     400.0   2.7280637352E-005
     500.0   2.7309163708E-005
    1000.0   2.7339225257E-005
