   -1000.0   3.3897745155E-005
    -500.0   3.4827769798E-005
    -400.0   3.5493289903E-005
    -300.0   3.6984049169E-005
    -280.0   3.7508655372E-005
    -260.0   3.8175466223E-005
    -240.0   3.9044852616E-005
    -220.0   4.0217290845E-005
    -200.0   4.1879246312E-005
    -180.0   4.4464532977E-005
    -160.0   5.0323788350E-005
    -140.0   7.9316396619E-005
    -120.0   1.2517894593E-004
    -100.0   2.0153647659E-004
     -80.0   3.1711774005E-004
     -60.0   7.3711996542E-004
     -50.0   1.3134260739E-003
     -40.0   2.0149446344E-003
     -30.0   2.5707410526E-003
     -20.0   3.3362164087E-003
     -10.0   3.2211909708E-003
       0.0   2.1295846167E-003
      10.0   1.9734521837E-003
      20.0   1.9474757972E-003
      30.0   1.5535363410E-003
      40.0   1.2297914498E-003
      50.0   9.1392748144E-004
      60.0   6.0321859015E-004
      80.0   2.8766957272E-004
     100.0   2.0433903283E-004
     120.0   1.4466320739E-004
     140.0   1.0645055959E-004
     160.0   8.3758237445E-005
     180.0   7.1874564835E-005
     200.0   6.2342445193E-005
     220.0   5.5158677164E-005
     240.0   4.9618156276E-005
     260.0   4.4375264823E-005
     280.0   4.0080654089E-005
     300.0   3.7777162777E-005
     400.0   3.5605752816E-005
     500.0   3.4936475865E-005
    1000.0   3.4147729896E-005
