   -1000.0   3.3971150864E-005
    -500.0   3.3999633329E-005
    -400.0   3.4004756746E-005
    -300.0   3.4009899765E-005
    -280.0   3.4010934922E-005
    -260.0   3.4011974581E-005
    -240.0   3.4013020868E-005
    -220.0   3.4014077311E-005
    -200.0   3.4015150169E-005
    -180.0   3.4016251972E-005
    -160.0   3.4017416298E-005
    -140.0   3.4030664512E-005
    -120.0   3.4095557863E-005
    -100.0   3.4246405348E-005
     -80.0   3.4528276331E-005
     -60.0   3.6079991946E-005
     -50.0   3.7823663046E-005
     -40.0   3.8933947797E-005
     -30.0   3.8525780790E-005
     -20.0   3.9544335661E-005
     -10.0   4.0438807450E-005
       0.0   3.9693420061E-005
      10.0   3.8817034631E-005
      20.0   3.8184161314E-005
      30.0   3.7827459850E-005
      40.0   3.7235906276E-005
      50.0   3.6382138451E-005
      60.0   3.5776633066E-005
      80.0   3.4267254062E-005
     100.0   3.2643344279E-005
     120.0   3.2269080078E-005
     140.0   3.1876206982E-005
     160.0   3.2151197621E-005
     180.0   3.2809441707E-005
     200.0   3.3076180330E-005
     220.0   3.2967921507E-005
     240.0   3.2534405312E-005
     260.0   3.1042384670E-005
     280.0   3.0331457366E-005
     300.0   3.0534582355E-005
     400.0   3.4044595515E-005
     500.0   3.4050354474E-005
    1000.0   3.4076019732E-005
