   -1000.0   1.9238327681E-005
    -500.0   1.9281438118E-005
    -400.0   1.9290024150E-005
    -300.0   1.9298614897E-005
    -280.0   1.9300334333E-005
    -260.0   1.9302054593E-005
    -240.0   1.9303776038E-005
    -220.0   1.9305499269E-005
    -200.0   1.9307225363E-005
    -180.0   1.9308956510E-005
    -160.0   1.9310698406E-005
    -140.0   1.9312480605E-005
    -120.0   1.9345349937E-005
    -100.0   1.9372240591E-005
     -80.0   1.9404924831E-005
     -60.0   1.9450943089E-005
     -50.0   1.9488423963E-005
     -40.0   2.0202271363E-005
     -30.0   2.0504838545E-005
     -20.0   2.0834675805E-005
     -10.0   2.0234621446E-005
       0.0   2.0143021000E-005
      10.0   2.0126797682E-005
      20.0   2.0577612820E-005
      30.0   2.0327488587E-005
      40.0   2.0194207498E-005
      50.0   1.9513216114E-005
      60.0   1.9488536629E-005
      80.0   1.9425463513E-005
     100.0   1.9376177459E-005
     120.0   1.9194817237E-005
     140.0   1.8338706742E-005
     160.0   1.8687681369E-005
     180.0   1.8938251247E-005
     200.0   1.9054483715E-005
     220.0   1.9244302848E-005
     240.0   1.9241864846E-005
     260.0   1.9328303813E-005
     280.0   1.9319291998E-005
     300.0   1.9349277793E-005
     400.0   1.9358669282E-005
     500.0   1.9367286296E-005
    1000.0   1.9410260814E-005
