   -1000.0   2.8335805185E-005
    -500.0   2.8375125779E-005
    -400.0   2.8381851976E-005
    -300.0   2.8389473869E-005
    -280.0   2.8391323996E-005
    -260.0   2.8393443163E-005
    -240.0   2.8396043384E-005
    -220.0   2.8399650622E-005
    -200.0   2.8406195439E-005
    -180.0   2.8753881675E-005
    -160.0   2.9878310236E-005
    -140.0   3.1329205970E-005
    -120.0   3.2636709527E-005
    -100.0   3.4098538980E-005
     -80.0   3.5865628816E-005
     -60.0   3.7952391766E-005
     -50.0   3.9085193434E-005
     -40.0   4.0296529807E-005
     -30.0   4.0595218167E-005
     -20.0   4.0708211444E-005
     -10.0   3.9720955467E-005
       0.0   3.4858108532E-005
      10.0   3.5400001225E-005
      20.0   3.4058206555E-005
      30.0   3.2685669133E-005
      40.0   3.1482535152E-005
      50.0   3.0610531991E-005
      60.0   2.2068961145E-005
      80.0   1.7164508250E-005
     100.0   1.7013645088E-005
     120.0   1.7252108624E-005
     140.0   1.8941942450E-005
     160.0   2.3344538812E-005
     180.0   2.5123971112E-005
     200.0   2.5282985089E-005
     220.0   2.5526651368E-005
     240.0   2.5285208732E-005
     260.0   2.5574298339E-005
     280.0   2.8339765153E-005
     300.0   2.8404018349E-005
     400.0   2.8428500363E-005
     500.0   2.8436487905E-005
    1000.0   2.8468762713E-005
