   -1000.0   2.2433386591E-005
    -500.0   2.2561908514E-005
    -400.0   2.2625907780E-005
    -300.0   2.2763396488E-005
    -280.0   2.2812100301E-005
    -260.0   2.2874859371E-005
    -240.0   2.2958543308E-005
    -220.0   2.3075504886E-005
    -200.0   2.3251142649E-005
    -180.0   2.3552426681E-005
    -160.0   2.4735535672E-005
    -140.0   3.2533686279E-005
    -120.0   7.8340352133E-005
    -100.0   9.7856745448E-005
     -80.0   1.2484610743E-004
     -60.0   1.6939445466E-004
     -50.0   2.0318294072E-004
     -40.0   2.4021356055E-004
     -30.0   2.8912687894E-004
     -20.0   3.4388126846E-004
     -10.0   4.5252067710E-004
       0.0   4.3625238171E-004
      10.0   3.0452875628E-004
      20.0   1.8507815089E-004
      30.0   1.3516462280E-004
      40.0   1.1000340396E-004
      50.0   9.5861974486E-005
      60.0   8.3655454583E-005
      80.0   6.7648366044E-005
     100.0   6.2704583892E-005
     120.0   6.3598447392E-005
     140.0   4.1338808748E-005
     160.0   3.5062578241E-005
     180.0   3.0836993535E-005
     200.0   2.6109890328E-005
     220.0   2.4618736155E-005
     240.0   2.3656560555E-005
     260.0   2.3449464983E-005
     280.0   2.3265263855E-005
     300.0   2.2706460425E-005
     400.0   2.2691179245E-005
     500.0   2.2649699741E-005
    1000.0   2.2631685813E-005
