   -1000.0   3.0505866973E-005
    -500.0   3.0544224507E-005
    -400.0   3.0553829884E-005
    -300.0   3.0568272027E-005
    -280.0   3.0572461400E-005
    -260.0   3.0577445777E-005
    -240.0   3.0583532435E-005
    -220.0   3.0591195711E-005
    -200.0   3.0601201328E-005
    -180.0   3.0614856718E-005
    -160.0   3.0634562026E-005
    -140.0   3.0665176889E-005
    -120.0   3.0718046544E-005
    -100.0   3.0826695618E-005
     -80.0   3.1235921275E-005
     -60.0   5.7713123998E-005
     -50.0   8.7572430130E-005
     -40.0   1.2154401465E-004
     -30.0   1.7362178661E-004
     -20.0   2.0430564385E-004
     -10.0   1.4088111077E-004
       0.0   6.8685885994E-005
      10.0   7.1165197520E-005
      20.0   9.7019164438E-005
      30.0   1.1982218998E-004
      40.0   9.1963450471E-005
      50.0   7.4788347636E-005
      60.0   5.8108743149E-005
      80.0   3.5676193961E-005
     100.0   3.4083176318E-005
     120.0   3.3011094557E-005
     140.0   3.1923472367E-005
     160.0   3.1826295447E-005
     180.0   3.0405794715E-005
     200.0   2.9664548129E-005
     220.0   3.0611811391E-005
     240.0   3.0608621170E-005
     260.0   3.0605335719E-005
     280.0   3.0602947812E-005
     300.0   3.0601278684E-005
     400.0   3.0598898685E-005
     500.0   3.0600952052E-005
    1000.0   3.0624581970E-005
