   -1000.0   2.2768793686E-005
    -500.0   2.2905739984E-005
    -400.0   2.2963325853E-005
    -300.0   2.3077444776E-005
    -280.0   2.3115962440E-005
    -260.0   2.3164527546E-005
    -240.0   2.3227763592E-005
    -220.0   2.3314178921E-005
    -200.0   2.3444513116E-005
    -180.0   2.3790129370E-005
    -160.0   2.6745874104E-005
    -140.0   3.0692851246E-005
    -120.0   3.7821505914E-005
    -100.0   4.4347570486E-005
     -80.0   6.4029490954E-005
     -60.0   2.7575240994E-004
     -50.0   3.2488619552E-004
     -40.0   4.0207404232E-004
     -30.0   4.7330092174E-004
     -20.0   5.9817894753E-004
     -10.0   8.7306637152E-004
       0.0   6.9783031510E-004
      10.0   7.2791712368E-004
      20.0   4.4555199967E-004
      30.0   3.2479679938E-004
      40.0   2.5442943713E-004
      50.0   2.1769303909E-004
      60.0   1.9596586540E-004
      80.0   6.7876534672E-005
     100.0   5.0702656234E-005
     120.0   4.2911921858E-005
     140.0   3.6205676795E-005
     160.0   3.1898231243E-005
     180.0   2.8508573472E-005
     200.0   2.6290887238E-005
     220.0   2.4699484778E-005
     240.0   2.4152920261E-005
     260.0   2.3690630006E-005
     280.0   2.3485478356E-005
     300.0   2.3411498896E-005
     400.0   2.3068224045E-005
     500.0   2.3036526707E-005
    1000.0   2.3045756568E-005
