   -1000.0   3.0270156571E-005
    -500.0   3.0308074734E-005
    -400.0   3.0316255987E-005
    -300.0   3.0328089290E-005
    -280.0   3.0331592358E-005
    -260.0   3.0335899735E-005
    -240.0   3.0341460556E-005
    -220.0   3.0349129146E-005
    -200.0   3.0360780159E-005
    -180.0   3.0381705828E-005
    -160.0   3.0461480361E-005
    -140.0   3.2506120747E-005
    -120.0   3.8025900384E-005
    -100.0   4.3797741910E-005
     -80.0   5.0435009473E-005
     -60.0   5.6489734127E-005
     -50.0   5.7704805781E-005
     -40.0   5.7491957038E-005
     -30.0   5.5268877028E-005
     -20.0   5.6467425707E-005
     -10.0   5.5133862424E-005
       0.0   5.4858027922E-005
      10.0   5.5038787242E-005
      20.0   4.9878503140E-005
      30.0   4.5168659897E-005
      40.0   4.1765380694E-005
      50.0   3.9401202781E-005
      60.0   3.7466982162E-005
      80.0   3.4374812180E-005
     100.0   3.2657172650E-005
     120.0   3.1848193393E-005
     140.0   3.0477332711E-005
     160.0   2.6859403735E-005
     180.0   2.2019034651E-005
     200.0   1.9825502116E-005
     220.0   2.1099014349E-005
     240.0   2.2458466669E-005
     260.0   2.3832813592E-005
     280.0   2.6027423847E-005
     300.0   2.9704064695E-005
     400.0   3.0353210897E-005
     500.0   3.0362558573E-005
    1000.0   3.0392036709E-005
