   -1000.0   2.5854977329E-005
    -500.0   2.5892811496E-005
    -400.0   2.5900354380E-005
    -300.0   2.5907898800E-005
    -280.0   2.5909408294E-005
    -260.0   2.5910918217E-005
    -240.0   2.5912428768E-005
    -220.0   2.5913940255E-005
    -200.0   2.5915453188E-005
    -180.0   2.5916968513E-005
    -160.0   2.5918489120E-005
    -140.0   2.5922733875E-005
    -120.0   2.5926568946E-005
    -100.0   2.5930292911E-005
     -80.0   2.5935266917E-005
     -60.0   2.5942517224E-005
     -50.0   2.5947049128E-005
     -40.0   2.5984718058E-005
     -30.0   2.6102161394E-005
     -20.0   2.6204906435E-005
     -10.0   2.7497480547E-005
       0.0   2.8900149048E-005
      10.0   2.6075617053E-005
      20.0   2.6103070481E-005
      30.0   2.6076285957E-005
      40.0   2.6053147259E-005
      50.0   2.6049497737E-005
      60.0   2.6048265548E-005
      80.0   2.5996838098E-005
     100.0   2.5959794667E-005
     120.0   2.5954175518E-005
     140.0   2.4777727204E-005
     160.0   2.3596605925E-005
     180.0   2.4694312437E-005
     200.0   2.5088134533E-005
     220.0   2.5427098054E-005
     240.0   2.5564348590E-005
     260.0   2.5686877068E-005
     280.0   2.5725361782E-005
     300.0   2.5708133837E-005
     400.0   2.5960562270E-005
     500.0   2.5968167046E-005
    1000.0   2.6005875083E-005
