   -1000.0   1.7360134680E-005
    -500.0   1.7406523763E-005
    -400.0   1.7415805447E-005
    -300.0   1.7425097721E-005
    -280.0   1.7426959950E-005
    -260.0   1.7428825621E-005
    -240.0   1.7430703364E-005
    -220.0   1.7432830735E-005
    -200.0   1.7435365809E-005
    -180.0   1.7437564753E-005
    -160.0   1.7439284203E-005
    -140.0   1.7441925460E-005
    -120.0   1.7454767345E-005
    -100.0   1.7450406827E-005
     -80.0   1.7455329908E-005
     -60.0   1.7459953269E-005
     -50.0   1.7465002213E-005
     -40.0   1.7471427955E-005
     -30.0   1.7483218469E-005
     -20.0   1.7517562588E-005
     -10.0   1.7694759481E-005
       0.0   1.7105987609E-005
      10.0   1.3859622123E-005
      20.0   1.4496941328E-005
      30.0   1.4733743121E-005
      40.0   1.5038519620E-005
      50.0   1.3277602417E-005
      60.0   1.4856927186E-005
      80.0   1.7450975335E-005
     100.0   1.7460714693E-005
     120.0   1.7467087259E-005
     140.0   1.7467188047E-005
     160.0   1.7442082666E-005
     180.0   1.7441968783E-005
     200.0   1.7442056944E-005
     220.0   1.7397668390E-005
     240.0   1.7342694185E-005
     260.0   1.7474663064E-005
     280.0   1.7478193961E-005
     300.0   1.7480391660E-005
     400.0   1.7489987772E-005
     500.0   1.7499330413E-005
    1000.0   1.7545840481E-005
