   -1000.0   2.6341276834E-005
    -500.0   2.6376668655E-005
    -400.0   2.6383759389E-005
    -300.0   2.6390897941E-005
    -280.0   2.6392339644E-005
    -260.0   2.6393790265E-005
    -240.0   2.6395253476E-005
    -220.0   2.6396735013E-005
    -200.0   2.6398244355E-005
    -180.0   2.6399798776E-005
    -160.0   2.6401438337E-005
    -140.0   2.6405699510E-005
    -120.0   2.6430600040E-005
    -100.0   2.6438870796E-005
     -80.0   2.6452567254E-005
     -60.0   2.6474153168E-005
     -50.0   2.6494959659E-005
     -40.0   2.6733200372E-005
     -30.0   2.6946433754E-005
     -20.0   2.7175252926E-005
     -10.0   2.7240900374E-005
       0.0   3.0846736167E-005
      10.0   2.7021691366E-005
      20.0   2.6932600508E-005
      30.0   2.6794087709E-005
      40.0   2.6640963987E-005
      50.0   2.6495675939E-005
      60.0   2.6477796612E-005
      80.0   2.6458636974E-005
     100.0   2.6442352293E-005
     120.0   2.6108407142E-005
     140.0   2.3688048680E-005
     160.0   2.4403582627E-005
     180.0   2.5130289089E-005
     200.0   2.5584694742E-005
     220.0   2.5760456786E-005
     240.0   2.5890388672E-005
     260.0   2.6090490615E-005
     280.0   2.6149248826E-005
     300.0   2.6418218204E-005
     400.0   2.6439357140E-005
     500.0   2.6446920006E-005
    1000.0   2.6482465529E-005
