   -1000.0   1.7845273539E-005
    -500.0   1.7889758404E-005
    -400.0   1.7898460493E-005
    -300.0   1.7907159213E-005
    -280.0   1.7908898247E-005
    -260.0   1.7910637067E-005
    -240.0   1.7912375986E-005
    -220.0   1.7914116944E-005
    -200.0   1.7917562234E-005
    -180.0   1.7921816539E-005
    -160.0   1.7978631500E-005
    -140.0   1.8004590623E-005
    -120.0   1.8039755752E-005
    -100.0   1.8093025747E-005
     -80.0   1.8144295399E-005
     -60.0   1.8188685691E-005
     -50.0   1.8200774863E-005
     -40.0   1.8218096900E-005
     -30.0   1.8277173108E-005
     -20.0   1.8389093252E-005
     -10.0   1.8435276191E-005
       0.0   1.5046020260E-005
      10.0   1.6596148936E-005
      20.0   1.6933843804E-005
      30.0   1.7019009804E-005
      40.0   1.6973755881E-005
      50.0   1.7025694087E-005
      60.0   1.7052499309E-005
      80.0   1.6537858738E-005
     100.0   1.4628416887E-005
     120.0   1.7042795637E-005
     140.0   1.7182364552E-005
     160.0   1.7006432358E-005
     180.0   1.7173613941E-005
     200.0   1.7521283489E-005
     220.0   1.7624454273E-005
     240.0   1.7767808951E-005
     260.0   1.7863018221E-005
     280.0   1.7957403241E-005
     300.0   1.7959313049E-005
     400.0   1.7968126707E-005
     500.0   1.7976861538E-005
    1000.0   1.8020468576E-005
