   -1000.0   2.0468099593E-005
    -500.0   2.0510143712E-005
    -400.0   2.0518527217E-005
    -300.0   2.0526899422E-005
    -280.0   2.0528571117E-005
    -260.0   2.0530241328E-005
    -240.0   2.0531909925E-005
    -220.0   2.0533799581E-005
    -200.0   2.0535700172E-005
    -180.0   2.0539646566E-005
    -160.0   2.0539271223E-005
    -140.0   2.0543536468E-005
    -120.0   2.0546267474E-005
    -100.0   2.0553422356E-005
     -80.0   2.0554656226E-005
     -60.0   2.0558679125E-005
     -50.0   2.0563230296E-005
     -40.0   2.0568219533E-005
     -30.0   2.0567134581E-005
     -20.0   2.0564294784E-005
     -10.0   2.0571477582E-005
       0.0   1.8280366125E-005
      10.0   1.7952520142E-005
      20.0   1.8414339563E-005
      30.0   1.8232854258E-005
      40.0   1.8038474974E-005
      50.0   1.5173548274E-005
      60.0   1.3685781891E-005
      80.0   1.8128679842E-005
     100.0   1.9998390090E-005
     120.0   2.0081702458E-005
     140.0   2.0051603882E-005
     160.0   2.0051722592E-005
     180.0   2.0033744044E-005
     200.0   1.9989647628E-005
     220.0   2.0448249102E-005
     240.0   2.0375476664E-005
     260.0   2.0562721900E-005
     280.0   2.0575288340E-005
     300.0   2.0577118886E-005
     400.0   2.0585666102E-005
     500.0   2.0594098322E-005
    1000.0   2.0636131319E-005
