   -1000.0   1.9993685478E-005
    -500.0   2.0041113352E-005
    -400.0   2.0050256147E-005
    -300.0   2.0059977423E-005
    -280.0   2.0062125548E-005
    -260.0   2.0064455927E-005
    -240.0   2.0067188136E-005
    -220.0   2.0071687027E-005
    -200.0   2.0212278024E-005
    -180.0   2.0429814673E-005
    -160.0   2.0576661049E-005
    -140.0   2.0759272580E-005
    -120.0   2.1121240513E-005
    -100.0   2.2208221524E-005
     -80.0   2.5561320498E-005
     -60.0   2.7629870981E-005
     -50.0   2.9183263790E-005
     -40.0   3.1058067496E-005
     -30.0   3.4372662540E-005
     -20.0   3.7930724572E-005
     -10.0   4.0023202231E-005
       0.0   4.0276140104E-005
      10.0   3.2996874661E-005
      20.0   2.7356952909E-005
      30.0   2.4515770833E-005
      40.0   2.3732276475E-005
      50.0   2.2718173363E-005
      60.0   2.2135139447E-005
      80.0   2.1423908650E-005
     100.0   1.6798548824E-005
     120.0   1.5079776956E-005
     140.0   1.6762023899E-005
     160.0   1.8176811874E-005
     180.0   1.8395374602E-005
     200.0   1.8155632600E-005
     220.0   1.7666214329E-005
     240.0   1.9181374051E-005
     260.0   1.9821413402E-005
     280.0   2.0109646623E-005
     300.0   2.0107271082E-005
     400.0   2.0119547674E-005
     500.0   2.0128618429E-005
    1000.0   2.0172596288E-005
