   -1000.0   2.5387907367E-005
    -500.0   2.5424018447E-005
    -400.0   2.5431149622E-005
    -300.0   2.5438245259E-005
    -280.0   2.5439657328E-005
    -260.0   2.5441066142E-005
    -240.0   2.5442471331E-005
    -220.0   2.5443873148E-005
    -200.0   2.5445400467E-005
    -180.0   2.5447580644E-005
    -160.0   2.5451415492E-005
    -140.0   2.5456523572E-005
    -120.0   2.5466891626E-005
    -100.0   2.5531481598E-005
     -80.0   2.5620677877E-005
     -60.0   2.5705232299E-005
     -50.0   2.5738565751E-005
     -40.0   2.5771366764E-005
     -30.0   2.5784722047E-005
     -20.0   2.5789561932E-005
     -10.0   2.5789562794E-005
       0.0   2.5793395392E-005
      10.0   2.5552793493E-005
      20.0   2.4332315299E-005
      30.0   2.3528136495E-005
      40.0   2.3806303199E-005
      50.0   2.3871422996E-005
      60.0   2.3510126533E-005
      80.0   2.2908113841E-005
     100.0   2.2138943373E-005
     120.0   1.5502365591E-005
     140.0   1.4120246442E-005
     160.0   1.3753265206E-005
     180.0   1.4212148593E-005
     200.0   1.6335557633E-005
     220.0   1.9565613591E-005
     240.0   2.2144568242E-005
     260.0   2.2180367330E-005
     280.0   2.2679478113E-005
     300.0   2.4098585392E-005
     400.0   2.5487154716E-005
     500.0   2.5495272572E-005
    1000.0   2.5531684217E-005
