   -1000.0   4.2907979071E-005
    -500.0   4.2928793162E-005
    -400.0   4.2931614442E-005
    -300.0   4.2934431887E-005
    -280.0   4.2934995128E-005
    -260.0   4.2935558423E-005
    -240.0   4.2936121858E-005
    -220.0   4.2936685641E-005
    -200.0   4.2937250110E-005
    -180.0   4.2937815845E-005
    -160.0   4.2938384100E-005
    -140.0   4.2938958125E-005
    -120.0   4.2939555732E-005
    -100.0   4.3003300310E-005
     -80.0   4.3203969053E-005
     -60.0   4.3143501057E-005
     -50.0   4.6762771548E-005
     -40.0   4.7681962659E-005
     -30.0   5.1237091801E-005
     -20.0   4.5490582860E-005
     -10.0   4.3818698212E-005
       0.0   4.3595491784E-005
      10.0   4.3720057637E-005
      20.0   4.4070015727E-005
      30.0   4.4938090125E-005
      40.0   4.4007178356E-005
      50.0   4.3902403560E-005
      60.0   4.3143092039E-005
      80.0   4.2837795203E-005
     100.0   4.1410764045E-005
     120.0   4.0427599545E-005
     140.0   4.0854671818E-005
     160.0   4.1108141180E-005
     180.0   4.1482733581E-005
     200.0   4.1346423393E-005
     220.0   4.0881231073E-005
     240.0   4.0745515729E-005
     260.0   4.2323197182E-005
     280.0   4.2950216689E-005
     300.0   4.2951119533E-005
     400.0   4.2954128381E-005
     500.0   4.2956934373E-005
    1000.0   4.2970773038E-005
