   -1000.0   2.2978405435E-005
    -500.0   2.3019064873E-005
    -400.0   2.3027195774E-005
    -300.0   2.3035326459E-005
    -280.0   2.3036952551E-005
    -260.0   2.3038578621E-005
    -240.0   2.3040204665E-005
    -220.0   2.3041830678E-005
    -200.0   2.3043456653E-005
    -180.0   2.3045082581E-005
    -160.0   2.3046708451E-005
    -140.0   2.3048337967E-005
    -120.0   2.3049969008E-005
    -100.0   2.3051598976E-005
     -80.0   2.3053231027E-005
     -60.0   2.3054868506E-005
     -50.0   2.3055690452E-005
     -40.0   2.3057850451E-005
     -30.0   2.3059693309E-005
     -20.0   2.3077726568E-005
     -10.0   2.3060539893E-005
       0.0   2.3064247579E-005
      10.0   2.3060956425E-005
      20.0   2.3062069466E-005
      30.0   2.3062566640E-005
      40.0   2.3063201769E-005
      50.0   2.3063803481E-005
      60.0   2.3064601897E-005
      80.0   2.3066197192E-005
     100.0   2.3067774369E-005
     120.0   2.3070208866E-005
     140.0   2.2526935529E-005
     160.0   2.2152867056E-005
     180.0   2.2529758313E-005
     200.0   2.2699656805E-005
     220.0   2.2815231515E-005
     240.0   2.2872339926E-005
     260.0   2.2941137279E-005
     280.0   2.2950455915E-005
     300.0   2.3042262073E-005
     400.0   2.3092235060E-005
     500.0   2.3100372792E-005
    1000.0   2.3141030924E-005
