   -1000.0   3.5430487239E-005
    -500.0   3.5452787728E-005
    -400.0   3.5457227663E-005
    -300.0   3.5461658763E-005
    -280.0   3.5462543438E-005
    -260.0   3.5463427415E-005
    -240.0   3.5464310574E-005
    -220.0   3.5465192760E-005
    -200.0   3.5466073774E-005
    -180.0   3.5466953355E-005
    -160.0   3.5467831188E-005
    -140.0   3.5468805515E-005
    -120.0   3.5470019124E-005
    -100.0   3.5473224220E-005
     -80.0   3.5481840234E-005
     -60.0   3.5487959545E-005
     -50.0   3.5489771414E-005
     -40.0   3.5490716250E-005
     -30.0   3.5493226998E-005
     -20.0   3.5494860426E-005
     -10.0   3.5518756525E-005
       0.0   3.5523737739E-005
      10.0   3.5497509914E-005
      20.0   3.5511829223E-005
      30.0   3.5282474361E-005
      40.0   3.4725679425E-005
      50.0   3.4018808609E-005
      60.0   3.3938476628E-005
      80.0   3.4107544099E-005
     100.0   3.4359786610E-005
     120.0   3.3968934384E-005
     140.0   3.3286306818E-005
     160.0   3.2814885388E-005
     180.0   3.3369023948E-005
     200.0   3.2692228527E-005
     220.0   2.9493977269E-005
     240.0   2.8078612100E-005
     260.0   2.8476586516E-005
     280.0   2.9330661419E-005
     300.0   3.2390169906E-005
     400.0   3.5492310677E-005
     500.0   3.5497000230E-005
    1000.0   3.5519180949E-005
