   -1000.0   2.8276203036E-005
    -500.0   2.8316986124E-005
    -400.0   2.8325671083E-005
    -300.0   2.8336978497E-005
    -280.0   2.8339960709E-005
    -260.0   2.8343395746E-005
    -240.0   2.8347475613E-005
    -220.0   2.8352518591E-005
    -200.0   2.8359107693E-005
    -180.0   2.8368531474E-005
    -160.0   2.8385536783E-005
    -140.0   2.9205320509E-005
    -120.0   3.1158007577E-005
    -100.0   3.4292263298E-005
     -80.0   3.6230524240E-005
     -60.0   4.7923331959E-005
     -50.0   5.9978234363E-005
     -40.0   7.7640753312E-005
     -30.0   9.3861643252E-005
     -20.0   1.3524611933E-004
     -10.0   1.7609596791E-004
       0.0   7.6393222128E-005
      10.0   8.1837641361E-005
      20.0   8.2015432403E-005
      30.0   6.3519914769E-005
      40.0   5.7747512462E-005
      50.0   5.0875487692E-005
      60.0   4.4826505278E-005
      80.0   3.5690307786E-005
     100.0   3.3028203846E-005
     120.0   3.0609349633E-005
     140.0   2.9158849954E-005
     160.0   2.8678700485E-005
     180.0   2.8728501337E-005
     200.0   2.8751425326E-005
     220.0   2.8829323434E-005
     240.0   2.8733671197E-005
     260.0   2.8187491545E-005
     280.0   2.6921231581E-005
     300.0   2.6475458707E-005
     400.0   2.8376837323E-005
     500.0   2.8382676649E-005
    1000.0   2.8413494921E-005
