   -1000.0   2.5018242044E-005
    -500.0   2.5054040716E-005
    -400.0   2.5061196911E-005
    -300.0   2.5068352431E-005
    -280.0   2.5069783451E-005
    -260.0   2.5071214443E-005
    -240.0   2.5072645405E-005
    -220.0   2.5074076337E-005
    -200.0   2.5075507238E-005
    -180.0   2.5076938107E-005
    -160.0   2.5078368942E-005
    -140.0   2.5079799741E-005
    -120.0   2.5081231147E-005
    -100.0   2.5082662468E-005
     -80.0   2.5084093712E-005
     -60.0   2.5085525098E-005
     -50.0   2.5086241163E-005
     -40.0   2.5086987400E-005
     -30.0   2.5087708666E-005
     -20.0   2.5088433366E-005
     -10.0   2.5089162764E-005
       0.0   2.5089914456E-005
      10.0   2.5090553260E-005
      20.0   2.5091279484E-005
      30.0   2.5091988135E-005
      40.0   2.5092697665E-005
      50.0   2.5093391839E-005
      60.0   2.5094105439E-005
      80.0   2.5095531898E-005
     100.0   2.5096950415E-005
     120.0   2.5046781414E-005
     140.0   2.4936389195E-005
     160.0   2.4976870014E-005
     180.0   2.5015200150E-005
     200.0   2.5041864930E-005
     220.0   2.5060977030E-005
     240.0   2.5081204545E-005
     260.0   2.5082056495E-005
     280.0   2.5100409931E-005
     300.0   2.5111265752E-005
     400.0   2.5118421936E-005
     500.0   2.5125572533E-005
    1000.0   2.5161312485E-005
