   -1000.0   7.0992731744E-005
    -500.0   7.0971065064E-005
    -400.0   7.0966650634E-005
    -300.0   7.0962223930E-005
    -280.0   7.0961337039E-005
    -260.0   7.0960449600E-005
    -240.0   7.0959561592E-005
    -220.0   7.0958672988E-005
    -200.0   7.0957783747E-005
    -180.0   7.0956893815E-005
    -160.0   7.0956003114E-005
    -140.0   7.0955111524E-005
    -120.0   7.0954220000E-005
    -100.0   7.0953359779E-005
     -80.0   7.0953045417E-005
     -60.0   7.0953126807E-005
     -50.0   7.0952443798E-005
     -40.0   7.0938919980E-005
     -30.0   7.0499993441E-005
     -20.0   7.0520676875E-005
     -10.0   7.0424522895E-005
       0.0   7.0788166355E-005
      10.0   7.0696262107E-005
      20.0   7.0609540836E-005
      30.0   7.0518130345E-005
      40.0   7.0419582668E-005
      50.0   7.0208176734E-005
      60.0   7.0126655692E-005
      80.0   6.9915397704E-005
     100.0   6.9770807944E-005
     120.0   6.9734498123E-005
     140.0   6.9698297677E-005
     160.0   6.9580539271E-005
     180.0   6.9253676715E-005
     200.0   6.8509726417E-005
     220.0   6.9297540561E-005
     240.0   6.9654796716E-005
     260.0   7.0258734356E-005
     280.0   7.0698558232E-005
     300.0   7.0935272329E-005
     400.0   7.0930907284E-005
     500.0   7.0926404859E-005
    1000.0   7.0903657475E-005
