   -1000.0   2.8131747713E-005
    -500.0   2.8230861969E-005
    -400.0   2.8287850977E-005
    -300.0   2.8404706473E-005
    -280.0   2.8443661516E-005
    -260.0   2.8491849655E-005
    -240.0   2.8552567438E-005
    -220.0   2.8630743859E-005
    -200.0   2.8734055555E-005
    -180.0   2.8875194401E-005
    -160.0   2.9078393678E-005
    -140.0   2.9461631906E-005
    -120.0   3.0145285798E-005
    -100.0   3.1270579928E-005
     -80.0   3.3067822522E-005
     -60.0   3.7707835492E-005
     -50.0   4.1266012217E-005
     -40.0   4.5927967162E-005
     -30.0   5.3547606633E-005
     -20.0   6.1406989277E-005
     -10.0   6.5920459209E-005
       0.0   2.8341003260E-004
      10.0   1.3470532012E-004
      20.0   7.1586544314E-005
      30.0   5.2618811110E-005
      40.0   4.4349771955E-005
      50.0   3.9435274523E-005
      60.0   3.6154934516E-005
      80.0   3.2132901252E-005
     100.0   2.9349785080E-005
     120.0   2.7812281690E-005
     140.0   2.6923450395E-005
     160.0   2.6713379771E-005
     180.0   2.7164414034E-005
     200.0   2.7475519770E-005
     220.0   2.7614144716E-005
     240.0   2.7417855395E-005
     260.0   2.6750370450E-005
     280.0   2.5717347029E-005
     300.0   2.5670079843E-005
     400.0   2.8296107330E-005
     500.0   2.8282318642E-005
    1000.0   2.8260775188E-005
