   -1000.0   7.0993075638E-005
    -500.0   7.0971171992E-005
    -400.0   7.0966694182E-005
    -300.0   7.0962155747E-005
    -280.0   7.0961236223E-005
    -260.0   7.0960310972E-005
    -240.0   7.0959378780E-005
    -220.0   7.0958438058E-005
    -200.0   7.0957486697E-005
    -180.0   7.0956521874E-005
    -160.0   7.0955539854E-005
    -140.0   7.0954536204E-005
    -120.0   7.0953749744E-005
    -100.0   7.0956089335E-005
     -80.0   7.0993776234E-005
     -60.0   7.1071667772E-005
     -50.0   7.1087736040E-005
     -40.0   7.1015377675E-005
     -30.0   7.0516703513E-005
     -20.0   7.0490217892E-005
     -10.0   6.9642895974E-005
       0.0   6.9041248217E-005
      10.0   6.8197880643E-005
      20.0   6.7107467912E-005
      30.0   6.6360204996E-005
      40.0   6.4170233222E-005
      50.0   6.3069059335E-005
      60.0   6.1691561254E-005
      80.0   6.0511043514E-005
     100.0   5.9672315161E-005
     120.0   5.9730393485E-005
     140.0   6.1141263287E-005
     160.0   6.1551396137E-005
     180.0   6.1821574954E-005
     200.0   6.1719457360E-005
     220.0   6.4649751295E-005
     240.0   6.4949743609E-005
     260.0   6.7495677733E-005
     280.0   6.9480127598E-005
     300.0   7.0925287956E-005
     400.0   7.0929594459E-005
     500.0   7.0925978425E-005
    1000.0   7.0903818789E-005
