   -1000.0   2.8270023323E-005
    -500.0   2.8321850460E-005
    -400.0   2.8332564875E-005
    -300.0   2.8350129882E-005
    -280.0   2.8357853270E-005
    -260.0   2.8405095606E-005
    -240.0   2.8689208551E-005
    -220.0   2.8839498821E-005
    -200.0   2.8922782008E-005
    -180.0   2.9893841210E-005
    -160.0   3.1961377030E-005
    -140.0   3.3076444617E-005
    -120.0   3.3600125130E-005
    -100.0   3.4039274559E-005
     -80.0   3.5452094131E-005
     -60.0   3.7965819943E-005
     -50.0   3.9831356612E-005
     -40.0   4.2513458054E-005
     -30.0   4.6427484775E-005
     -20.0   4.9749902432E-005
     -10.0   4.8047419390E-005
       0.0   4.3224046483E-005
      10.0   3.9431762990E-005
      20.0   3.4965645348E-005
      30.0   3.1401559381E-005
      40.0   2.9961008182E-005
      50.0   2.9300463350E-005
      60.0   2.9063482418E-005
      80.0   2.7556664851E-005
     100.0   2.7319112159E-005
     120.0   2.9318653772E-005
     140.0   2.9546035474E-005
     160.0   2.9441837948E-005
     180.0   2.9459155698E-005
     200.0   2.9484203323E-005
     220.0   2.9852477417E-005
     240.0   2.8538807307E-005
     260.0   2.7973391623E-005
     280.0   2.8143189118E-005
     300.0   2.8317448922E-005
     400.0   2.8393528013E-005
     500.0   2.8399945108E-005
    1000.0   2.8437132938E-005
