   -1000.0   5.1001802372E-005
    -500.0   5.1194392816E-005
    -400.0   5.1286184548E-005
    -300.0   5.1492594941E-005
    -280.0   5.1566672129E-005
    -260.0   5.1662220105E-005
    -240.0   5.1789314633E-005
    -220.0   5.1965427705E-005
    -200.0   5.2224335589E-005
    -180.0   5.2644357360E-005
    -160.0   5.3574810421E-005
    -140.0   5.8966508679E-005
    -120.0   6.7614364958E-005
    -100.0   7.8898399777E-005
     -80.0   1.0118117570E-004
     -60.0   1.8806119162E-004
     -50.0   2.5267019925E-004
     -40.0   2.8235182753E-004
     -30.0   2.9272479304E-004
     -20.0   2.8617849162E-004
     -10.0   2.5751542063E-004
       0.0   2.0285071626E-004
      10.0   1.7932412027E-004
      20.0   1.7795644374E-004
      30.0   1.8572263090E-004
      40.0   1.8668179456E-004
      50.0   1.7323611854E-004
      60.0   1.4300342673E-004
      80.0   9.7879759913E-005
     100.0   7.9355234464E-005
     120.0   6.8567864361E-005
     140.0   6.0191419730E-005
     160.0   5.3831140055E-005
     180.0   5.3186628874E-005
     200.0   5.2522238273E-005
     220.0   5.1623262345E-005
     240.0   5.0441974804E-005
     260.0   4.8770905656E-005
     280.0   4.8083209734E-005
     300.0   4.8710829302E-005
     400.0   5.1260290531E-005
     500.0   5.1232570390E-005
    1000.0   5.1174926465E-005
