   -1000.0   3.8085197942E-005
    -500.0   3.8108452591E-005
    -400.0   3.8113070890E-005
    -300.0   3.8117682067E-005
    -280.0   3.8118603446E-005
    -260.0   3.8119524541E-005
    -240.0   3.8120445350E-005
    -220.0   3.8121365874E-005
    -200.0   3.8122286114E-005
    -180.0   3.8123206201E-005
    -160.0   3.8124130397E-005
    -140.0   3.8125062822E-005
    -120.0   3.8126000188E-005
    -100.0   3.8126947861E-005
     -80.0   3.8127939575E-005
     -60.0   3.8129240582E-005
     -50.0   3.8129831821E-005
     -40.0   3.8130323014E-005
     -30.0   3.8130817544E-005
     -20.0   3.8131357323E-005
     -10.0   3.8131837107E-005
       0.0   3.8132263611E-005
      10.0   3.8132700869E-005
      20.0   3.8133086197E-005
      30.0   3.8133417543E-005
      40.0   3.8133772602E-005
      50.0   3.8134157311E-005
      60.0   3.8134534656E-005
      80.0   3.8135254421E-005
     100.0   3.8135998242E-005
     120.0   3.8136704756E-005
     140.0   3.8137526241E-005
     160.0   3.8128032897E-005
     180.0   3.8139360236E-005
     200.0   3.8140385481E-005
     220.0   3.8141387495E-005
     240.0   3.8142367196E-005
     260.0   3.8143321700E-005
     280.0   3.8144254054E-005
     300.0   3.8145168701E-005
     400.0   3.8149759853E-005
     500.0   3.8154313668E-005
    1000.0   3.8176974263E-005
