   -1000.0   3.3855769986E-005
    -500.0   3.3892203573E-005
    -400.0   3.3899216661E-005
    -300.0   3.3907003444E-005
    -280.0   3.3908790683E-005
    -260.0   3.3910733756E-005
    -240.0   3.3912913826E-005
    -220.0   3.3915509980E-005
    -200.0   3.3922958884E-005
    -180.0   3.3990452319E-005
    -160.0   3.4165773115E-005
    -140.0   3.4498557723E-005
    -120.0   3.5027426038E-005
    -100.0   3.6745780663E-005
     -80.0   4.4723459517E-005
     -60.0   5.4380294190E-005
     -50.0   5.7671345952E-005
     -40.0   5.9526150190E-005
     -30.0   6.0241112911E-005
     -20.0   6.3807357783E-005
     -10.0   6.2900749995E-005
       0.0   6.0879096574E-005
      10.0   6.2848073394E-005
      20.0   6.3460716496E-005
      30.0   5.7846071683E-005
      40.0   5.2627491299E-005
      50.0   4.8733577589E-005
      60.0   4.4561629419E-005
      80.0   3.4909147853E-005
     100.0   2.8786167040E-005
     120.0   2.8062154383E-005
     140.0   2.8574552700E-005
     160.0   2.9293794968E-005
     180.0   2.9928615657E-005
     200.0   2.8978707663E-005
     220.0   2.9451177517E-005
     240.0   3.0175435970E-005
     260.0   3.1666826640E-005
     280.0   3.2228214444E-005
     300.0   3.2916167457E-005
     400.0   3.3949497809E-005
     500.0   3.3956063046E-005
    1000.0   3.3987843553E-005
