   -1000.0   1.4979554033E-005
    -500.0   1.5039078492E-005
    -400.0   1.5052513835E-005
    -300.0   1.5068795439E-005
    -280.0   1.5072834486E-005
    -260.0   1.5077352683E-005
    -240.0   1.5082532299E-005
    -220.0   1.5088653262E-005
    -200.0   1.5096193657E-005
    -180.0   1.5110478275E-005
    -160.0   1.5123172446E-005
    -140.0   1.5147542212E-005
    -120.0   1.5171247679E-005
    -100.0   1.5213903562E-005
     -80.0   1.5278236871E-005
     -60.0   1.5383382329E-005
     -50.0   1.5462704646E-005
     -40.0   1.5573765073E-005
     -30.0   1.5706873534E-005
     -20.0   1.5768713150E-005
     -10.0   1.5455631486E-005
       0.0   1.6036613738E-005
      10.0   1.6175360156E-005
      20.0   1.5650961553E-005
      30.0   1.5318850999E-005
      40.0   1.4971769177E-005
      50.0   1.4854757469E-005
      60.0   1.4792441339E-005
      80.0   1.4644193540E-005
     100.0   1.4216725070E-005
     120.0   1.3945271380E-005
     140.0   1.3899217520E-005
     160.0   1.3668308174E-005
     180.0   1.3018062658E-005
     200.0   1.0117851443E-005
     220.0   7.5324938876E-006
     240.0   6.1576680792E-006
     260.0   6.7147578909E-006
     280.0   7.7954360143E-006
     300.0   8.7594681156E-006
     400.0   1.4999688860E-005
     500.0   1.5121478059E-005
    1000.0   1.5209284698E-005
