   -1000.0   2.6158760148E-005
    -500.0   2.6245687745E-005
    -400.0   2.6263031417E-005
    -300.0   2.6280298955E-005
    -280.0   2.6283733998E-005
    -260.0   2.6287158824E-005
    -240.0   2.6290571612E-005
    -220.0   2.6293975930E-005
    -200.0   2.6297375284E-005
    -180.0   2.6300769512E-005
    -160.0   2.6304118186E-005
    -140.0   2.6307406333E-005
    -120.0   2.6310559626E-005
    -100.0   2.6313485606E-005
     -80.0   2.6315907644E-005
     -60.0   2.6317201044E-005
     -50.0   2.6316742141E-005
     -40.0   2.6314558090E-005
     -30.0   2.6307910873E-005
     -20.0   2.6285417396E-005
     -10.0   2.6145286306E-005
       0.0   2.1057783039E-005
      10.0   2.5834663381E-005
      20.0   2.6073409528E-005
      30.0   2.6089708211E-005
      40.0   2.6049725899E-005
      50.0   2.6012594010E-005
      60.0   2.5966066091E-005
      80.0   2.5152460355E-005
     100.0   1.6896918420E-005
     120.0   9.4222983540E-006
     140.0   8.4086023101E-006
     160.0   8.1786316248E-006
     180.0   8.2073935534E-006
     200.0   9.0231119022E-006
     220.0   1.0875023031E-005
     240.0   1.3943611699E-005
     260.0   1.5500393390E-005
     280.0   1.7612153746E-005
     300.0   1.9832303724E-005
     400.0   2.6400409114E-005
     500.0   2.6419645429E-005
    1000.0   2.6508177512E-005
