   -1000.0   4.8418380843E-006
    -500.0   4.8741631316E-006
    -400.0   4.8805812328E-006
    -300.0   4.8870213882E-006
    -280.0   4.8883143067E-006
    -260.0   4.8896102353E-006
    -240.0   4.8909107652E-006
    -220.0   4.8922194238E-006
    -200.0   4.8935471643E-006
    -180.0   4.8949713862E-006
    -160.0   5.0840047683E-006
    -140.0   5.1867768391E-006
    -120.0   5.1081302027E-006
    -100.0   5.1863722876E-006
     -80.0   5.2214106925E-006
     -60.0   5.3083069610E-006
     -50.0   6.2030161718E-006
     -40.0   8.0966784723E-006
     -30.0   9.9427702417E-006
     -20.0   1.1578667217E-005
     -10.0   8.8333169899E-006
       0.0   6.7420809732E-006
      10.0   6.8281899119E-006
      20.0   8.9212011199E-006
      30.0   8.3561187471E-006
      40.0   7.3530282655E-006
      50.0   6.0422745479E-006
      60.0   5.3256824474E-006
      80.0   5.2572372763E-006
     100.0   5.1583575732E-006
     120.0   4.9958155932E-006
     140.0   5.0600668335E-006
     160.0   4.9505659711E-006
     180.0   4.8699175303E-006
     200.0   4.8974720833E-006
     220.0   4.9079586357E-006
     240.0   4.9257196639E-006
     260.0   4.9266659313E-006
     280.0   4.9296569842E-006
     300.0   4.9314160384E-006
     400.0   4.9322434387E-006
     500.0   4.9387267754E-006
    1000.0   4.9713315417E-006
