   -1000.0   5.4101185676E-006
    -500.0   8.7302124261E-006
    -400.0   1.1279671649E-005
    -300.0   1.7040297330E-005
    -280.0   1.9083138381E-005
    -260.0   2.1698004021E-005
    -240.0   2.5154082558E-005
    -220.0   2.9967095436E-005
    -200.0   3.7431648041E-005
    -180.0   5.0447590655E-005
    -160.0   7.1769180870E-005
    -140.0   1.0513946376E-004
    -120.0   1.6034109788E-004
    -100.0   2.4790163774E-004
     -80.0   4.2643225351E-004
     -60.0   8.4313926781E-004
     -50.0   1.0585582107E-003
     -40.0   1.2677800867E-003
     -30.0   1.4188710465E-003
     -20.0   1.5006835829E-003
     -10.0   1.4505652959E-003
       0.0   1.3771794895E-003
      10.0   1.4163701445E-003
      20.0   1.3440189863E-003
      30.0   1.3016989683E-003
      40.0   1.1495393597E-003
      50.0   9.9362628642E-004
      60.0   8.1042979443E-004
      80.0   3.7724347098E-004
     100.0   2.1641120680E-004
     120.0   1.5069522875E-004
     140.0   1.0967047364E-004
     160.0   8.1653427959E-005
     180.0   6.2384536400E-005
     200.0   4.8029958527E-005
     220.0   3.8080557191E-005
     240.0   3.0885952353E-005
     260.0   2.5351254646E-005
     280.0   2.1282574363E-005
     300.0   1.8327702925E-005
     400.0   1.1436362438E-005
     500.0   8.8001651331E-006
    1000.0   5.5348065231E-006
