   -1000.0   1.9288044339E-005
    -500.0   1.9358268339E-005
    -400.0   1.9372722612E-005
    -300.0   1.9387839240E-005
    -280.0   1.9391036163E-005
    -260.0   1.9394336502E-005
    -240.0   1.9397777569E-005
    -220.0   1.9401415229E-005
    -200.0   1.9405336600E-005
    -180.0   1.9409687279E-005
    -160.0   1.9415920802E-005
    -140.0   1.9426415428E-005
    -120.0   1.9438849866E-005
    -100.0   1.9453040001E-005
     -80.0   1.9475124783E-005
     -60.0   1.9530997733E-005
     -50.0   1.9576185251E-005
     -40.0   1.9642967457E-005
     -30.0   1.9677565996E-005
     -20.0   1.9765922871E-005
     -10.0   2.1307670502E-005
       0.0   2.3352443538E-005
      10.0   2.0604377997E-005
      20.0   1.9926194307E-005
      30.0   1.9725652590E-005
      40.0   1.9623585446E-005
      50.0   1.9563254065E-005
      60.0   1.9522397089E-005
      80.0   1.9484306668E-005
     100.0   1.9471127335E-005
     120.0   1.9457057653E-005
     140.0   1.9122974564E-005
     160.0   1.8704360919E-005
     180.0   1.8778855670E-005
     200.0   1.9010237826E-005
     220.0   1.9166712492E-005
     240.0   1.9257527756E-005
     260.0   1.9180012113E-005
     280.0   1.8953530157E-005
     300.0   1.8518507743E-005
     400.0   1.9468532278E-005
     500.0   1.9494991299E-005
    1000.0   1.9567315665E-005
