   -1000.0   7.6093168554E-006
    -500.0   7.6482880344E-006
    -400.0   7.6560930143E-006
    -300.0   7.6638845047E-006
    -280.0   7.6654505723E-006
    -260.0   7.6694689009E-006
    -240.0   7.6686139460E-006
    -220.0   7.6702060552E-006
    -200.0   7.6720348067E-006
    -180.0   7.6733964770E-006
    -160.0   7.6754129485E-006
    -140.0   7.6772638560E-006
    -120.0   7.6792721935E-006
    -100.0   7.6812741898E-006
     -80.0   7.6832559246E-006
     -60.0   7.6847112601E-006
     -50.0   7.6850569190E-006
     -40.0   7.6849996211E-006
     -30.0   7.6834944294E-006
     -20.0   7.6774759382E-006
     -10.0   7.6407895625E-006
       0.0   6.5886434685E-006
      10.0   7.0141240468E-006
      20.0   7.1770567924E-006
      30.0   7.1399864262E-006
      40.0   7.1045388227E-006
      50.0   6.7276461549E-006
      60.0   2.7134941937E-006
      80.0   2.9656446639E-006
     100.0   6.0176318949E-006
     120.0   7.2619664906E-006
     140.0   7.2919174700E-006
     160.0   7.0434862156E-006
     180.0   7.0295998628E-006
     200.0   7.0267772994E-006
     220.0   7.0242924869E-006
     240.0   7.0224960905E-006
     260.0   7.6836750520E-006
     280.0   7.6689699187E-006
     300.0   7.6909025499E-006
     400.0   7.7189301500E-006
     500.0   7.7269315687E-006
    1000.0   7.7666990739E-006
