   -1000.0   2.9066583105E-005
    -500.0   2.9192385288E-005
    -400.0   2.9237617110E-005
    -300.0   2.9322813516E-005
    -280.0   2.9352164217E-005
    -260.0   2.9390147609E-005
    -240.0   2.9441502963E-005
    -220.0   2.9515270231E-005
    -200.0   2.9632509620E-005
    -180.0   2.9930013557E-005
    -160.0   3.0568404210E-005
    -140.0   3.2301472292E-005
    -120.0   3.8493884349E-005
    -100.0   4.9882892552E-005
     -80.0   6.3590133943E-005
     -60.0   6.8803722352E-005
     -50.0   6.6033917993E-005
     -40.0   6.3407712656E-005
     -30.0   5.9970750188E-005
     -20.0   5.9422175601E-005
     -10.0   6.5679475569E-005
       0.0   6.4721452881E-005
      10.0   6.0883756188E-005
      20.0   5.7453407495E-005
      30.0   5.6288054775E-005
      40.0   5.4464162667E-005
      50.0   5.0848735165E-005
      60.0   4.7388899538E-005
      80.0   4.1508470901E-005
     100.0   3.6790641779E-005
     120.0   3.3403450802E-005
     140.0   3.0416283080E-005
     160.0   2.8640179008E-005
     180.0   2.7759568990E-005
     200.0   2.6663674046E-005
     220.0   2.3961275166E-005
     240.0   2.0228257061E-005
     260.0   1.8350993860E-005
     280.0   1.8010844238E-005
     300.0   1.8413593084E-005
     400.0   2.8975047286E-005
     500.0   2.9302415516E-005
    1000.0   2.9442543223E-005
