   -1000.0   3.8686275194E-005
    -500.0   3.8806239801E-005
    -400.0   3.8830221645E-005
    -300.0   3.8854177136E-005
    -280.0   3.8858962340E-005
    -260.0   3.8863744562E-005
    -240.0   3.8868523131E-005
    -220.0   3.8873297188E-005
    -200.0   3.8878065615E-005
    -180.0   3.8882826986E-005
    -160.0   3.8887609726E-005
    -140.0   3.8892791364E-005
    -120.0   3.8898315533E-005
    -100.0   3.8904436090E-005
     -80.0   3.8910763496E-005
     -60.0   3.8917006957E-005
     -50.0   3.8919753768E-005
     -40.0   3.8922437558E-005
     -30.0   3.8924198821E-005
     -20.0   3.8657343026E-005
     -10.0   3.8665335397E-005
       0.0   3.8306368698E-005
      10.0   3.7981158911E-005
      20.0   3.7726456253E-005
      30.0   3.7609951061E-005
      40.0   3.7640004786E-005
      50.0   3.6619023639E-005
      60.0   3.6315389760E-005
      80.0   3.5584594122E-005
     100.0   3.5339317198E-005
     120.0   3.4913367465E-005
     140.0   3.4816389970E-005
     160.0   3.4206097476E-005
     180.0   3.3685339470E-005
     200.0   3.2123425837E-005
     220.0   2.8002215393E-005
     240.0   2.7470769914E-005
     260.0   2.7478749164E-005
     280.0   2.7778146275E-005
     300.0   3.0420447183E-005
     400.0   3.9018014145E-005
     500.0   3.9045724424E-005
    1000.0   3.9167464606E-005
