   -1000.0   3.1757476210E-006
    -500.0   3.2027682903E-006
    -400.0   3.2081994520E-006
    -300.0   3.2136397723E-006
    -280.0   3.2147289271E-006
    -260.0   3.2158195852E-006
    -240.0   3.2169153978E-006
    -220.0   3.2184596036E-006
    -200.0   3.2193220092E-006
    -180.0   3.2204894288E-006
    -160.0   3.2220400435E-006
    -140.0   3.2237681139E-006
    -120.0   3.2243474327E-006
    -100.0   3.2250048832E-006
     -80.0   3.2260996889E-006
     -60.0   3.2271175792E-006
     -50.0   3.2276308877E-006
     -40.0   3.2282059556E-006
     -30.0   3.2287920871E-006
     -20.0   3.2293544800E-006
     -10.0   3.2303654850E-006
       0.0   2.9805080854E-006
      10.0   2.9103134602E-006
      20.0   2.9944821354E-006
      30.0   3.0394185803E-006
      40.0   3.0713941024E-006
      50.0   3.0804862036E-006
      60.0   3.0958011955E-006
      80.0   2.9002192792E-006
     100.0   3.2276233977E-006
     120.0   3.2324880013E-006
     140.0   3.2335617992E-006
     160.0   3.2384643140E-006
     180.0   3.2399616288E-006
     200.0   3.2410002941E-006
     220.0   3.2421001048E-006
     240.0   3.2432059305E-006
     260.0   3.2417651910E-006
     280.0   3.2283448364E-006
     300.0   3.2464750709E-006
     400.0   3.2519861013E-006
     500.0   3.2575020388E-006
    1000.0   3.2852224764E-006
