   -1000.0   9.9124761763E-006
    -500.0   9.9600805421E-006
    -400.0   9.9697762149E-006
    -300.0   9.9801655232E-006
    -280.0   9.9824410058E-006
    -260.0   9.9848444334E-006
    -240.0   9.9874350646E-006
    -220.0   9.9905131384E-006
    -200.0   9.9945633185E-006
    -180.0   9.9996506398E-006
    -160.0   1.0009286484E-005
    -140.0   1.0039553869E-005
    -120.0   1.0125298789E-005
    -100.0   1.0341489981E-005
     -80.0   1.2913199596E-005
     -60.0   1.6346758780E-005
     -50.0   1.7053662897E-005
     -40.0   1.7026308631E-005
     -30.0   1.6670082419E-005
     -20.0   1.7422824379E-005
     -10.0   1.7833888236E-005
       0.0   1.9184461482E-005
      10.0   1.7855711591E-005
      20.0   1.6944289961E-005
      30.0   1.5325604315E-005
      40.0   1.4158399622E-005
      50.0   1.3196283146E-005
      60.0   1.2654914651E-005
      80.0   1.1392725656E-005
     100.0   1.0179524895E-005
     120.0   9.9343358865E-006
     140.0   9.7921868305E-006
     160.0   9.7152479634E-006
     180.0   9.6554894238E-006
     200.0   9.0537329338E-006
     220.0   7.1380528533E-006
     240.0   6.3181591455E-006
     260.0   6.1039635852E-006
     280.0   6.0047836781E-006
     300.0   6.0414988173E-006
     400.0   9.9445681531E-006
     500.0   1.0046033905E-005
    1000.0   1.0098671772E-005
