   -1000.0   1.1354093167E-005
    -500.0   1.1464984269E-005
    -400.0   1.1485800259E-005
    -300.0   1.1523556897E-005
    -280.0   1.1536565169E-005
    -260.0   1.1553737626E-005
    -240.0   1.1578166466E-005
    -220.0   1.1619184250E-005
    -200.0   1.1803275465E-005
    -180.0   1.2279479878E-005
    -160.0   1.4797729011E-005
    -140.0   2.0602353021E-005
    -120.0   2.4137413681E-005
    -100.0   2.7417620982E-005
     -80.0   3.2182096222E-005
     -60.0   3.9273463051E-005
     -50.0   4.3219647905E-005
     -40.0   4.7658195935E-005
     -30.0   5.2421961940E-005
     -20.0   5.7172639061E-005
     -10.0   5.7785262071E-005
       0.0   5.1594531665E-005
      10.0   4.2592491012E-005
      20.0   3.6051093664E-005
      30.0   2.9812025109E-005
      40.0   2.5926088163E-005
      50.0   2.3793444293E-005
      60.0   2.1985427211E-005
      80.0   1.9935032134E-005
     100.0   1.8844779050E-005
     120.0   1.8523009857E-005
     140.0   1.7476663254E-005
     160.0   1.4795551795E-005
     180.0   1.1842988201E-005
     200.0   8.3495043647E-006
     220.0   6.6700982645E-006
     240.0   6.3011246285E-006
     260.0   6.6849460089E-006
     280.0   7.3148765861E-006
     300.0   8.0667343439E-006
     400.0   1.1506752754E-005
     500.0   1.1549271155E-005
    1000.0   1.1596972057E-005
