   -1000.0   3.3461967983E-005
    -500.0   3.4052720135E-005
    -400.0   3.4449592050E-005
    -300.0   3.5329444202E-005
    -280.0   3.5638826331E-005
    -260.0   3.6031915742E-005
    -240.0   3.6543390340E-005
    -220.0   3.7228660996E-005
    -200.0   3.8181599401E-005
    -180.0   3.9574619037E-005
    -160.0   4.1767634557E-005
    -140.0   4.5770494105E-005
    -120.0   6.4499666908E-005
    -100.0   1.0637431343E-004
     -80.0   2.0757387220E-004
     -60.0   5.1297763558E-004
     -50.0   6.6707567563E-004
     -40.0   9.0491931789E-004
     -30.0   9.6626026806E-004
     -20.0   8.4021076522E-004
     -10.0   5.4050512669E-004
       0.0   3.8895040479E-004
      10.0   4.2056543934E-004
      20.0   4.3690878447E-004
      30.0   4.7869900469E-004
      40.0   4.9869420414E-004
      50.0   4.3187975253E-004
      60.0   3.4911155890E-004
      80.0   1.9652456973E-004
     100.0   1.3273203136E-004
     120.0   1.0540987910E-004
     140.0   8.6661987471E-005
     160.0   7.0220351315E-005
     180.0   5.8725976004E-005
     200.0   5.0688671019E-005
     220.0   4.3885934193E-005
     240.0   3.8378690897E-005
     260.0   3.5043281744E-005
     280.0   3.4608107002E-005
     300.0   3.5022331016E-005
     400.0   3.4587138055E-005
     500.0   3.4249402780E-005
    1000.0   3.3903230059E-005
