   -1000.0   2.9050319356E-005
    -500.0   2.9145100366E-005
    -400.0   2.9164056310E-005
    -300.0   2.9182997720E-005
    -280.0   2.9186782563E-005
    -260.0   2.9190565652E-005
    -240.0   2.9194346598E-005
    -220.0   2.9198124921E-005
    -200.0   2.9201900027E-005
    -180.0   2.9205682956E-005
    -160.0   2.9209505432E-005
    -140.0   2.9213394776E-005
    -120.0   2.9218026739E-005
    -100.0   2.9224654620E-005
     -80.0   2.9231619487E-005
     -60.0   2.9236991603E-005
     -50.0   2.9238781177E-005
     -40.0   2.9240174534E-005
     -30.0   2.9240917915E-005
     -20.0   2.9242794361E-005
     -10.0   2.9236882571E-005
       0.0   2.8949697052E-005
      10.0   2.8941560898E-005
      20.0   2.8892487547E-005
      30.0   2.8830988521E-005
      40.0   2.8709146949E-005
      50.0   2.8204858285E-005
      60.0   2.8112224012E-005
      80.0   2.7778425889E-005
     100.0   2.7627304981E-005
     120.0   2.7621738245E-005
     140.0   2.7113012799E-005
     160.0   2.6687855904E-005
     180.0   2.6499903309E-005
     200.0   2.6152509622E-005
     220.0   2.4665752274E-005
     240.0   2.1095605704E-005
     260.0   1.9962148027E-005
     280.0   1.9476389676E-005
     300.0   1.9903546153E-005
     400.0   2.9309898257E-005
     500.0   2.9334185504E-005
    1000.0   2.9430768764E-005
