   -1000.0   2.6881006841E-005
    -500.0   2.6971986421E-005
    -400.0   2.6990996984E-005
    -300.0   2.7011709057E-005
    -280.0   2.7016348516E-005
    -260.0   2.7021317283E-005
    -240.0   2.7026772828E-005
    -220.0   2.7032991310E-005
    -200.0   2.7040524286E-005
    -180.0   2.7050867868E-005
    -160.0   2.7145610784E-005
    -140.0   2.7405628062E-005
    -120.0   2.7946256467E-005
    -100.0   2.8879809194E-005
     -80.0   3.3079405361E-005
     -60.0   3.9119173080E-005
     -50.0   4.0870477276E-005
     -40.0   3.9229035138E-005
     -30.0   4.0654517219E-005
     -20.0   4.4657979816E-005
     -10.0   4.1421288055E-005
       0.0   3.8991884530E-005
      10.0   3.7425236591E-005
      20.0   3.5795973979E-005
      30.0   3.5551974590E-005
      40.0   3.5698719716E-005
      50.0   3.5100795328E-005
      60.0   3.4070069018E-005
      80.0   3.1539125326E-005
     100.0   2.8727456727E-005
     120.0   2.7690966194E-005
     140.0   2.7117023987E-005
     160.0   2.6608288344E-005
     180.0   2.6306225465E-005
     200.0   2.5862795057E-005
     220.0   2.5534709761E-005
     240.0   2.5286154288E-005
     260.0   2.4929502394E-005
     280.0   2.2924184351E-005
     300.0   2.2329676273E-005
     400.0   2.7081514509E-005
     500.0   2.7141475388E-005
    1000.0   2.7238816530E-005
