   -1000.0   3.4624025360E-005
    -500.0   3.4733497269E-005
    -400.0   3.4755404134E-005
    -300.0   3.4777309622E-005
    -280.0   3.4781689899E-005
    -260.0   3.4786069671E-005
    -240.0   3.4790448792E-005
    -220.0   3.4794827081E-005
    -200.0   3.4799204312E-005
    -180.0   3.4803580201E-005
    -160.0   3.4807954395E-005
    -140.0   3.4812337458E-005
    -120.0   3.4816734530E-005
    -100.0   3.4821214967E-005
     -80.0   3.4825867575E-005
     -60.0   3.4830671232E-005
     -50.0   3.4833081728E-005
     -40.0   3.4835478608E-005
     -30.0   3.4838452213E-005
     -20.0   3.4841068790E-005
     -10.0   3.4850759125E-005
       0.0   3.4835227767E-005
      10.0   3.4808857037E-005
      20.0   3.4800212782E-005
      30.0   3.4795476374E-005
      40.0   3.4786439198E-005
      50.0   3.4280541851E-005
      60.0   3.4207349672E-005
      80.0   3.3651983770E-005
     100.0   3.3051757927E-005
     120.0   3.2382108801E-005
     140.0   3.1942895965E-005
     160.0   3.1788190795E-005
     180.0   3.1660677321E-005
     200.0   3.1586268153E-005
     220.0   3.1572925835E-005
     240.0   3.1793630415E-005
     260.0   3.0965549952E-005
     280.0   2.9917734726E-005
     300.0   3.0739576758E-005
     400.0   3.4929217421E-005
     500.0   3.4952622254E-005
    1000.0   3.5063076840E-005
