   -1000.0   3.9357458595E-006
    -500.0   3.9651978550E-006
    -400.0   3.9710655162E-006
    -300.0   3.9769444281E-006
    -280.0   3.9781236370E-006
    -260.0   3.9808575114E-006
    -240.0   3.9831277900E-006
    -220.0   3.9843786142E-006
    -200.0   3.9996145625E-006
    -180.0   3.9931542645E-006
    -160.0   4.0065354877E-006
    -140.0   4.0271985383E-006
    -120.0   4.0456247677E-006
    -100.0   4.0630606695E-006
     -80.0   4.0952523493E-006
     -60.0   4.1165227974E-006
     -50.0   4.1303264950E-006
     -40.0   4.1452326805E-006
     -30.0   4.1267207199E-006
     -20.0   4.1424143269E-006
     -10.0   4.1251966699E-006
       0.0   3.8675818163E-006
      10.0   3.6573083807E-006
      20.0   3.7489532678E-006
      30.0   3.8038276617E-006
      40.0   3.8201123474E-006
      50.0   3.8359425787E-006
      60.0   3.0746520132E-006
      80.0   3.9262345282E-006
     100.0   4.0420256337E-006
     120.0   4.0304891772E-006
     140.0   4.0222765239E-006
     160.0   4.0236305224E-006
     180.0   4.0155010024E-006
     200.0   4.0186424177E-006
     220.0   4.0070944713E-006
     240.0   4.0047309414E-006
     260.0   4.0123410303E-006
     280.0   4.0103626450E-006
     300.0   3.9981586829E-006
     400.0   4.0183396387E-006
     500.0   4.0242931629E-006
    1000.0   4.0541970597E-006
