   -1000.0   8.5931433170E-006
    -500.0   8.6357582402E-006
    -400.0   8.6446969289E-006
    -300.0   8.6561855049E-006
    -280.0   8.6770964345E-006
    -260.0   8.7406866619E-006
    -240.0   8.7828230823E-006
    -220.0   8.8104042885E-006
    -200.0   8.7691934626E-006
    -180.0   9.2825245074E-006
    -160.0   1.0053061425E-005
    -140.0   1.0364681223E-005
    -120.0   1.0928798638E-005
    -100.0   1.1510407827E-005
     -80.0   1.2367861044E-005
     -60.0   1.3022245625E-005
     -50.0   1.3227993974E-005
     -40.0   1.3605432819E-005
     -30.0   1.3808448375E-005
     -20.0   1.3375734529E-005
     -10.0   1.2899965220E-005
       0.0   1.1704413308E-005
      10.0   1.1991112191E-005
      20.0   1.1797642600E-005
      30.0   1.1347788794E-005
      40.0   1.0885130896E-005
      50.0   1.0488182460E-005
      60.0   5.5521191736E-006
      80.0   4.5675906924E-006
     100.0   4.1190537179E-006
     120.0   7.5721210572E-006
     140.0   8.6454970205E-006
     160.0   8.4278073028E-006
     180.0   8.2508469487E-006
     200.0   8.0722874195E-006
     220.0   7.8604702792E-006
     240.0   8.0473798222E-006
     260.0   8.3351428427E-006
     280.0   8.5205826438E-006
     300.0   8.7080762013E-006
     400.0   8.7091507976E-006
     500.0   8.7183381847E-006
    1000.0   8.7606332724E-006
