   -1000.0   2.2512756303E-005
    -500.0   2.3102322271E-005
    -400.0   2.3517837185E-005
    -300.0   2.4485483174E-005
    -280.0   2.4841750114E-005
    -260.0   2.5307667592E-005
    -240.0   2.5938175609E-005
    -220.0   2.6831610539E-005
    -200.0   2.8184856759E-005
    -180.0   3.0470431828E-005
    -160.0   3.5373706828E-005
    -140.0   5.2004987726E-005
    -120.0   1.1119098833E-004
    -100.0   1.8497218671E-004
     -80.0   2.4476394837E-004
     -60.0   2.9928808491E-004
     -50.0   3.1665041177E-004
     -40.0   3.3310494232E-004
     -30.0   3.4296982093E-004
     -20.0   3.6628154254E-004
     -10.0   3.7134105647E-004
       0.0   2.9297566096E-004
      10.0   2.7445298576E-004
      20.0   2.7701526433E-004
      30.0   2.6241502501E-004
      40.0   2.2961709694E-004
      50.0   2.0033408492E-004
      60.0   1.7474724898E-004
      80.0   1.3689359229E-004
     100.0   1.1112329998E-004
     120.0   8.4394710987E-005
     140.0   5.8686286539E-005
     160.0   4.5863385650E-005
     180.0   4.0077720897E-005
     200.0   3.5858499459E-005
     220.0   3.2758648486E-005
     240.0   2.9857296170E-005
     260.0   2.5869608618E-005
     280.0   2.3534577627E-005
     300.0   2.2092500975E-005
     400.0   2.3501225084E-005
     500.0   2.3233845987E-005
    1000.0   2.2882921511E-005
