   -1000.0   6.4689331521E-006
    -500.0   6.5381375708E-006
    -400.0   6.5711376752E-006
    -300.0   6.6352987852E-006
    -280.0   6.6563699530E-006
    -260.0   6.6822033800E-006
    -240.0   6.7151697525E-006
    -220.0   6.7566211681E-006
    -200.0   6.8104921032E-006
    -180.0   6.8824647842E-006
    -160.0   6.9798664843E-006
    -140.0   7.1207554154E-006
    -120.0   7.2984234182E-006
    -100.0   7.5529123966E-006
     -80.0   8.0405873500E-006
     -60.0   8.8147889805E-006
     -50.0   9.2082840512E-006
     -40.0   9.4691688721E-006
     -30.0   9.6401121709E-006
     -20.0   1.0850684202E-005
     -10.0   9.3235212087E-006
       0.0   1.0055379288E-005
      10.0   1.3156164588E-005
      20.0   1.2477899320E-005
      30.0   1.0459098128E-005
      40.0   9.4177519754E-006
      50.0   8.6342824739E-006
      60.0   7.9802815128E-006
      80.0   7.0658489353E-006
     100.0   6.3735703594E-006
     120.0   4.0761217166E-006
     140.0   3.2213808363E-006
     160.0   3.0767321303E-006
     180.0   4.7079519997E-006
     200.0   5.1512544462E-006
     220.0   5.0576582867E-006
     240.0   4.9212930327E-006
     260.0   4.7585570220E-006
     280.0   4.8389764130E-006
     300.0   5.1411545154E-006
     400.0   6.4631604224E-006
     500.0   6.5597971056E-006
    1000.0   6.6108579178E-006
