   -1000.0   2.4376082367E-005
    -500.0   2.4457621480E-005
    -400.0   2.4473681130E-005
    -300.0   2.4489506372E-005
    -280.0   2.4492630222E-005
    -260.0   2.4495737049E-005
    -240.0   2.4498825743E-005
    -220.0   2.4501895965E-005
    -200.0   2.4504949143E-005
    -180.0   2.4507990936E-005
    -160.0   2.4511061537E-005
    -140.0   2.4514220359E-005
    -120.0   2.4517858068E-005
    -100.0   2.4521619513E-005
     -80.0   2.4525961862E-005
     -60.0   2.4531420288E-005
     -50.0   2.4535430769E-005
     -40.0   2.4541019872E-005
     -30.0   2.4551209733E-005
     -20.0   2.4556891822E-005
     -10.0   2.4571883490E-005
       0.0   2.4653763854E-005
      10.0   2.4593122496E-005
      20.0   2.4485877956E-005
      30.0   2.4390421266E-005
      40.0   2.4241373367E-005
      50.0   2.3765667034E-005
      60.0   2.3685901152E-005
      80.0   2.3318627946E-005
     100.0   2.3357729913E-005
     120.0   2.2990581506E-005
     140.0   2.2728625892E-005
     160.0   2.2459673937E-005
     180.0   2.2366772592E-005
     200.0   2.2210741539E-005
     220.0   2.2344536128E-005
     240.0   2.0214376520E-005
     260.0   1.8112222710E-005
     280.0   1.6811623760E-005
     300.0   1.7065463301E-005
     400.0   2.4518780680E-005
     500.0   2.4605550059E-005
    1000.0   2.4705898517E-005
