   -1000.0   1.7338268057E-005
    -500.0   1.7402401567E-005
    -400.0   1.7415338638E-005
    -300.0   1.7428673960E-005
    -280.0   1.7431478558E-005
    -260.0   1.7434384342E-005
    -240.0   1.7437450734E-005
    -220.0   1.7440802199E-005
    -200.0   1.7446298412E-005
    -180.0   1.7457674778E-005
    -160.0   1.7478487067E-005
    -140.0   1.7516511859E-005
    -120.0   1.7599316039E-005
    -100.0   1.8204965824E-005
     -80.0   1.9349869798E-005
     -60.0   2.0129958696E-005
     -50.0   2.0363124822E-005
     -40.0   2.0566059531E-005
     -30.0   2.0753013123E-005
     -20.0   2.0676078432E-005
     -10.0   2.0599978707E-005
       0.0   2.0233385594E-005
      10.0   1.9821138985E-005
      20.0   1.9700308262E-005
      30.0   1.9491034451E-005
      40.0   1.9129498348E-005
      50.0   1.8761629215E-005
      60.0   1.8395072576E-005
      80.0   1.7839650955E-005
     100.0   1.7585652124E-005
     120.0   1.7362878250E-005
     140.0   1.7246398093E-005
     160.0   1.7132626639E-005
     180.0   1.6880562601E-005
     200.0   1.6524225967E-005
     220.0   1.5633679750E-005
     240.0   1.3206096797E-005
     260.0   1.1026023332E-005
     280.0   9.4525766022E-006
     300.0   9.7998507850E-006
     400.0   1.7331552635E-005
     500.0   1.7511743705E-005
    1000.0   1.7595497132E-005
