   -1000.0   4.7120079207E-006
    -500.0   4.7433552997E-006
    -400.0   4.7496378970E-006
    -300.0   4.7559482885E-006
    -280.0   4.7572176669E-006
    -260.0   4.7584925682E-006
    -240.0   4.7597784428E-006
    -220.0   4.7611042074E-006
    -200.0   4.7791079052E-006
    -180.0   4.7928373727E-006
    -160.0   4.8037387848E-006
    -140.0   4.8323113997E-006
    -120.0   4.8673065701E-006
    -100.0   4.8888759107E-006
     -80.0   5.2977084509E-006
     -60.0   5.5320275709E-006
     -50.0   5.7774166573E-006
     -40.0   5.9277165059E-006
     -30.0   6.3216900962E-006
     -20.0   6.6366742789E-006
     -10.0   7.2891607307E-006
       0.0   6.1757272846E-006
      10.0   6.8546742609E-006
      20.0   6.0140142905E-006
      30.0   5.5964359244E-006
      40.0   5.5179690485E-006
      50.0   5.3841277431E-006
      60.0   5.3343951186E-006
      80.0   5.0562275422E-006
     100.0   4.6967159292E-006
     120.0   4.6741199355E-006
     140.0   4.6668906096E-006
     160.0   4.6806427104E-006
     180.0   4.6827420736E-006
     200.0   4.7017983952E-006
     220.0   4.7077412989E-006
     240.0   4.7341077760E-006
     260.0   4.4337238643E-006
     280.0   4.0129859672E-006
     300.0   3.8908087647E-006
     400.0   4.7973929021E-006
     500.0   4.8062163638E-006
    1000.0   4.8383090632E-006
