   -1000.0   6.1004120379E-006
    -500.0   6.1356994595E-006
    -400.0   6.1427546033E-006
    -300.0   6.1497910061E-006
    -280.0   6.1511952243E-006
    -260.0   6.1526390583E-006
    -240.0   6.1542622065E-006
    -220.0   6.1557250590E-006
    -200.0   6.1572774266E-006
    -180.0   6.1590599254E-006
    -160.0   6.1612683215E-006
    -140.0   6.1634410168E-006
    -120.0   6.1664772139E-006
    -100.0   6.1830974252E-006
     -80.0   6.1968123486E-006
     -60.0   6.2148864316E-006
     -50.0   6.2257228115E-006
     -40.0   6.2351888290E-006
     -30.0   6.2458741231E-006
     -20.0   6.2508363722E-006
     -10.0   6.2617830744E-006
       0.0   6.2660056475E-006
      10.0   6.2421531350E-006
      20.0   6.2132826309E-006
      30.0   6.0255270950E-006
      40.0   5.8339126968E-006
      50.0   5.7916278525E-006
      60.0   5.7402210854E-006
      80.0   5.7082287358E-006
     100.0   5.6880559679E-006
     120.0   3.3301591076E-006
     140.0   2.7963447079E-006
     160.0   4.3656323857E-006
     180.0   5.0786627985E-006
     200.0   5.1540037262E-006
     220.0   4.9780201246E-006
     240.0   4.9484766476E-006
     260.0   4.4857431780E-006
     280.0   5.3480571423E-006
     300.0   6.0880158567E-006
     400.0   6.1974056357E-006
     500.0   6.2063356677E-006
    1000.0   6.2432428330E-006
