   -1000.0   2.6917911007E-005
    -500.0   2.7021476618E-005
    -400.0   2.7049823478E-005
    -300.0   2.7092235351E-005
    -280.0   2.7104729096E-005
    -260.0   2.7119833061E-005
    -240.0   2.7138751191E-005
    -220.0   2.7163563567E-005
    -200.0   2.7198339896E-005
    -180.0   2.7253759782E-005
    -160.0   2.7674419266E-005
    -140.0   2.8712838816E-005
    -120.0   3.0913539067E-005
    -100.0   3.4922825378E-005
     -80.0   5.0583617452E-005
     -60.0   7.2253057070E-005
     -50.0   8.2674662888E-005
     -40.0   8.8600904985E-005
     -30.0   9.0562296565E-005
     -20.0   1.0290377812E-004
     -10.0   8.1877569781E-005
       0.0   7.0411722952E-005
      10.0   6.5790712108E-005
      20.0   6.2687363259E-005
      30.0   6.2633426529E-005
      40.0   6.1453605538E-005
      50.0   5.8321989245E-005
      60.0   5.4168180870E-005
      80.0   4.5195239877E-005
     100.0   3.5542907885E-005
     120.0   3.2478453336E-005
     140.0   3.0572300403E-005
     160.0   2.9200288236E-005
     180.0   2.8179052651E-005
     200.0   2.7167797010E-005
     220.0   2.6538567409E-005
     240.0   2.5999682770E-005
     260.0   2.5447799287E-005
     280.0   2.3297343911E-005
     300.0   2.2604814386E-005
     400.0   2.7106230883E-005
     500.0   2.7185592320E-005
    1000.0   2.7277064984E-005
