   -1000.0   1.7365113820E-005
    -500.0   2.3703604420E-005
    -400.0   2.8494486316E-005
    -300.0   3.9069970591E-005
    -280.0   4.2721646277E-005
    -260.0   4.7303454864E-005
    -240.0   5.3168607374E-005
    -220.0   6.0861347517E-005
    -200.0   7.1261569170E-005
    -180.0   8.5867291024E-005
    -160.0   1.0736960682E-004
    -140.0   1.3944007174E-004
    -120.0   1.8259135920E-004
    -100.0   2.4436240032E-004
     -80.0   3.3411761861E-004
     -60.0   4.1972635522E-004
     -50.0   4.5362626806E-004
     -40.0   4.8153494117E-004
     -30.0   4.9689709892E-004
     -20.0   4.9319450655E-004
     -10.0   4.7834323384E-004
       0.0   4.6154304691E-004
      10.0   4.3544756391E-004
      20.0   4.1289849430E-004
      30.0   4.2344232781E-004
      40.0   4.2406780539E-004
      50.0   4.1359704512E-004
      60.0   3.8825520427E-004
      80.0   3.1678908930E-004
     100.0   2.4429722412E-004
     120.0   1.8438769867E-004
     140.0   1.4337763630E-004
     160.0   1.1404969628E-004
     180.0   9.2923234088E-005
     200.0   7.7401043650E-005
     220.0   6.5715752233E-005
     240.0   5.6804459579E-005
     260.0   4.9865519371E-005
     280.0   4.4480702597E-005
     300.0   4.0258996233E-005
     400.0   2.8783872002E-005
     500.0   2.3903457829E-005
    1000.0   1.7679263383E-005
