   -1000.0   6.0904428651E-006
    -500.0   6.1132627252E-006
    -400.0   6.1177634280E-006
    -300.0   6.1221811447E-006
    -280.0   6.1230468096E-006
    -260.0   6.1239034583E-006
    -240.0   6.1247490261E-006
    -220.0   6.1255808251E-006
    -200.0   6.1263967821E-006
    -180.0   6.1271979825E-006
    -160.0   6.1279785092E-006
    -140.0   6.1287467768E-006
    -120.0   6.1298212074E-006
    -100.0   6.1306712854E-006
     -80.0   6.1312580439E-006
     -60.0   6.1316065899E-006
     -50.0   6.1317355347E-006
     -40.0   6.1317041907E-006
     -30.0   6.1313338768E-006
     -20.0   6.1308682591E-006
     -10.0   6.1080778439E-006
       0.0   5.9686978610E-006
      10.0   5.7883097547E-006
      20.0   5.6081822523E-006
      30.0   5.4374209635E-006
      40.0   5.3336294043E-006
      50.0   5.3365779643E-006
      60.0   5.3903989242E-006
      80.0   5.5140986377E-006
     100.0   5.6358640945E-006
     120.0   5.6633216730E-006
     140.0   3.9002754106E-006
     160.0   3.3771273906E-006
     180.0   3.4424851335E-006
     200.0   4.2864826438E-006
     220.0   5.3635594840E-006
     240.0   5.3777490390E-006
     260.0   5.4177000799E-006
     280.0   5.6524192991E-006
     300.0   5.9190922574E-006
     400.0   6.1520472406E-006
     500.0   6.1585694431E-006
    1000.0   6.1831813558E-006
