   -1000.0   3.1244106784E-005
    -500.0   3.1299144787E-005
    -400.0   3.1310144574E-005
    -300.0   3.1321138759E-005
    -280.0   3.1323336547E-005
    -260.0   3.1325533845E-005
    -240.0   3.1327730560E-005
    -220.0   3.1329926572E-005
    -200.0   3.1332121727E-005
    -180.0   3.1334315819E-005
    -160.0   3.1336508575E-005
    -140.0   3.1338699613E-005
    -120.0   3.1340888403E-005
    -100.0   3.1343075415E-005
     -80.0   3.1345272031E-005
     -60.0   3.1349219759E-005
     -50.0   3.1351217016E-005
     -40.0   3.1354551244E-005
     -30.0   3.1354796747E-005
     -20.0   3.1355057024E-005
     -10.0   3.1354374234E-005
       0.0   3.1354415453E-005
      10.0   3.1355131437E-005
      20.0   3.1356315299E-005
      30.0   3.1353919163E-005
      40.0   3.1332216458E-005
      50.0   3.1279154652E-005
      60.0   3.1142275348E-005
      80.0   3.0456009592E-005
     100.0   2.9529722373E-005
     120.0   2.9106010747E-005
     140.0   2.8944913642E-005
     160.0   2.8862120479E-005
     180.0   2.8150579087E-005
     200.0   2.6068061373E-005
     220.0   2.7383051419E-005
     240.0   3.0996162013E-005
     260.0   3.1380798958E-005
     280.0   3.1384046369E-005
     300.0   3.1386592388E-005
     400.0   3.1398018677E-005
     500.0   3.1409093724E-005
    1000.0   3.1464105613E-005
