   -1000.0   6.8221319369E-005
    -500.0   9.6512344522E-005
    -400.0   1.1635107193E-004
    -300.0   1.5714891486E-004
    -280.0   1.6877413239E-004
    -260.0   1.7913867791E-004
    -240.0   1.9144989833E-004
    -220.0   2.0511969559E-004
    -200.0   2.2149937979E-004
    -180.0   2.4165328299E-004
    -160.0   2.6583630174E-004
    -140.0   2.9479869267E-004
    -120.0   3.2322621133E-004
    -100.0   3.4548190835E-004
     -80.0   3.6516359642E-004
     -60.0   3.7390735462E-004
     -50.0   3.7298327268E-004
     -40.0   3.6563686245E-004
     -30.0   3.6658532918E-004
     -20.0   3.7174925641E-004
     -10.0   3.7433173263E-004
       0.0   3.7579665105E-004
      10.0   3.7250003970E-004
      20.0   3.6656828150E-004
      30.0   3.6054681561E-004
      40.0   3.6643457072E-004
      50.0   3.6625259735E-004
      60.0   3.6837094790E-004
      80.0   3.6079828797E-004
     100.0   3.4093324691E-004
     120.0   3.1585496990E-004
     140.0   2.9503641847E-004
     160.0   2.7975126145E-004
     180.0   2.4880201388E-004
     200.0   2.2584069440E-004
     220.0   2.0529859472E-004
     240.0   1.8706937298E-004
     260.0   1.7172946997E-004
     280.0   1.5872137172E-004
     300.0   1.4753070794E-004
     400.0   1.1168525223E-004
     500.0   9.4194060612E-005
    1000.0   7.0421412425E-005
