   -1000.0   4.1287385780E-004
    -500.0   4.2211685682E-004
    -400.0   4.4998056955E-004
    -300.0   5.0953722654E-004
    -280.0   5.1572357168E-004
    -260.0   5.2620983342E-004
    -240.0   5.3370788795E-004
    -220.0   5.3975386942E-004
    -200.0   5.4401844335E-004
    -180.0   5.5800670378E-004
    -160.0   5.7473690445E-004
    -140.0   5.7296789600E-004
    -120.0   5.8277878652E-004
    -100.0   5.8666761499E-004
     -80.0   5.8224956578E-004
     -60.0   5.7003392743E-004
     -50.0   5.6284469624E-004
     -40.0   5.6199800247E-004
     -30.0   5.5783272019E-004
     -20.0   5.4996475978E-004
     -10.0   5.2138877409E-004
       0.0   5.0769548555E-004
      10.0   5.1002805662E-004
      20.0   5.4195011427E-004
      30.0   5.4775277296E-004
      40.0   5.5430193039E-004
      50.0   5.5966851904E-004
      60.0   5.6276063314E-004
      80.0   5.6942186422E-004
     100.0   5.6927241237E-004
     120.0   5.7679969338E-004
     140.0   5.8904575382E-004
     160.0   5.9812069225E-004
     180.0   6.0166764486E-004
     200.0   5.9444790357E-004
     220.0   5.7015677233E-004
     240.0   5.4610226909E-004
     260.0   5.2360000841E-004
     280.0   5.1104518396E-004
     300.0   5.0159422477E-004
     400.0   4.4131820484E-004
     500.0   4.1829153556E-004
    1000.0   4.1799408074E-004
