   -1000.0   1.7390385591E-005
    -500.0   1.7427640046E-005
    -400.0   1.7435083161E-005
    -300.0   1.7442513100E-005
    -280.0   1.7443996172E-005
    -260.0   1.7445477766E-005
    -240.0   1.7446957546E-005
    -220.0   1.7448435073E-005
    -200.0   1.7449909775E-005
    -180.0   1.7451380881E-005
    -160.0   1.7452847335E-005
    -140.0   1.7454307662E-005
    -120.0   1.7455759797E-005
    -100.0   1.7457850904E-005
     -80.0   1.7459029536E-005
     -60.0   1.7460789272E-005
     -50.0   1.7461427352E-005
     -40.0   1.7462333445E-005
     -30.0   1.7462859197E-005
     -20.0   1.7459963154E-005
     -10.0   1.7455505851E-005
       0.0   1.7451954462E-005
      10.0   1.7443958610E-005
      20.0   1.7431006598E-005
      30.0   1.7380548563E-005
      40.0   1.7319936345E-005
      50.0   1.7240420777E-005
      60.0   1.7132567441E-005
      80.0   1.6948315112E-005
     100.0   1.6717816772E-005
     120.0   1.6497079635E-005
     140.0   1.6347284767E-005
     160.0   1.6234402754E-005
     180.0   1.5977424799E-005
     200.0   1.5558024167E-005
     220.0   1.3880748697E-005
     240.0   1.4454957033E-005
     260.0   1.6563700162E-005
     280.0   1.7478354486E-005
     300.0   1.7483819163E-005
     400.0   1.7494277475E-005
     500.0   1.7502150234E-005
    1000.0   1.7539849899E-005
