   -1000.0   1.0765239209E-005
    -500.0   1.0801541590E-005
    -400.0   1.0814045505E-005
    -300.0   1.0837984377E-005
    -280.0   1.0846673919E-005
    -260.0   1.0858493650E-005
    -240.0   1.0875936134E-005
    -220.0   1.0906611850E-005
    -200.0   1.1277875110E-005
    -180.0   1.2318406162E-005
    -160.0   1.3443299196E-005
    -140.0   1.4446548783E-005
    -120.0   1.4903501279E-005
    -100.0   1.5580796142E-005
     -80.0   1.7088872134E-005
     -60.0   1.9744705803E-005
     -50.0   2.1560218377E-005
     -40.0   2.3565011896E-005
     -30.0   2.3840971487E-005
     -20.0   2.2221391198E-005
     -10.0   2.0325415242E-005
       0.0   1.9075387817E-005
      10.0   1.7668607919E-005
      20.0   1.8480198992E-005
      30.0   1.8571771126E-005
      40.0   1.7935216041E-005
      50.0   1.4000499541E-005
      60.0   8.3895061782E-006
      80.0   6.2366163259E-006
     100.0   5.2814417862E-006
     120.0   4.7762892915E-006
     140.0   4.4764172084E-006
     160.0   5.1266635623E-006
     180.0   8.3760342485E-006
     200.0   8.4501011008E-006
     220.0   7.3503391386E-006
     240.0   7.8673650034E-006
     260.0   8.6734941240E-006
     280.0   9.4873649344E-006
     300.0   1.0299813832E-005
     400.0   1.0834024279E-005
     500.0   1.0848596513E-005
    1000.0   1.0880136434E-005
