   -1000.0   6.4322638982E-005
    -500.0   6.4401938590E-005
    -400.0   6.4416459976E-005
    -300.0   6.4429680891E-005
    -280.0   6.4432081438E-005
    -260.0   6.4434374588E-005
    -240.0   6.4436548797E-005
    -220.0   6.4438597426E-005
    -200.0   6.4440533082E-005
    -180.0   6.4442651136E-005
    -160.0   6.4451623799E-005
    -140.0   6.4464183076E-005
    -120.0   6.4479881783E-005
    -100.0   6.4502710417E-005
     -80.0   6.4620109103E-005
     -60.0   6.4741936733E-005
     -50.0   6.4787772054E-005
     -40.0   6.4786065340E-005
     -30.0   6.4764400413E-005
     -20.0   6.4733209280E-005
     -10.0   6.4691980011E-005
       0.0   6.4647667396E-005
      10.0   6.4605709671E-005
      20.0   6.4550307581E-005
      30.0   6.4545408909E-005
      40.0   6.4542389146E-005
      50.0   6.4526479685E-005
      60.0   6.4477306023E-005
      80.0   6.3564942459E-005
     100.0   5.9101951831E-005
     120.0   5.5007698088E-005
     140.0   5.1159363708E-005
     160.0   4.8137044013E-005
     180.0   4.6406586083E-005
     200.0   4.8967807138E-005
     220.0   5.1120710885E-005
     240.0   5.3276474763E-005
     260.0   5.4060739350E-005
     280.0   5.3081962557E-005
     300.0   5.2362188509E-005
     400.0   6.4372116566E-005
     500.0   6.4522925247E-005
    1000.0   6.4650931440E-005
