   -1000.0   3.8721241768E-005
    -500.0   3.8819238030E-005
    -400.0   3.8838654233E-005
    -300.0   3.8857849487E-005
    -280.0   3.8861640079E-005
    -260.0   3.8865409581E-005
    -240.0   3.8869158250E-005
    -220.0   3.8872867769E-005
    -200.0   3.8876560616E-005
    -180.0   3.8880224106E-005
    -160.0   3.8883921725E-005
    -140.0   3.8893031135E-005
    -120.0   3.8898217564E-005
    -100.0   3.8905394369E-005
     -80.0   3.8911358707E-005
     -60.0   3.8916358387E-005
     -50.0   3.8917689467E-005
     -40.0   3.8917698698E-005
     -30.0   3.8916266375E-005
     -20.0   3.8910928709E-005
     -10.0   3.8901203151E-005
       0.0   3.8703300728E-005
      10.0   3.7193414192E-005
      20.0   3.4570993823E-005
      30.0   3.1728551111E-005
      40.0   2.8871899010E-005
      50.0   2.6505094456E-005
      60.0   2.5821729599E-005
      80.0   2.6619238431E-005
     100.0   2.8285371979E-005
     120.0   2.6123090586E-005
     140.0   2.4121048803E-005
     160.0   2.4461736585E-005
     180.0   2.4670116362E-005
     200.0   2.5537438560E-005
     220.0   2.8008788494E-005
     240.0   3.0764883901E-005
     260.0   3.2001026086E-005
     280.0   3.2553080858E-005
     300.0   3.4099422830E-005
     400.0   3.8807564056E-005
     500.0   3.9014476391E-005
    1000.0   3.9114982175E-005
