   -1000.0   3.5603925930E-005
    -500.0   3.8731389076E-005
    -400.0   4.1131376473E-005
    -300.0   4.6662868895E-005
    -280.0   4.8668739318E-005
    -260.0   5.1278069298E-005
    -240.0   5.4821327245E-005
    -220.0   6.0426144717E-005
    -200.0   6.9370046168E-005
    -180.0   8.3897047937E-005
    -160.0   1.0755299923E-004
    -140.0   1.4400802692E-004
    -120.0   1.9817051329E-004
    -100.0   3.1649989719E-004
     -80.0   5.3239462245E-004
     -60.0   7.7407241606E-004
     -50.0   9.0803193894E-004
     -40.0   1.0037331657E-003
     -30.0   1.0168099656E-003
     -20.0   9.7607638516E-004
     -10.0   8.6796185263E-004
       0.0   7.6489481513E-004
      10.0   6.9800672906E-004
      20.0   7.1232124219E-004
      30.0   7.6501174358E-004
      40.0   7.7172515712E-004
      50.0   7.6297706272E-004
      60.0   6.6029825365E-004
      80.0   4.5829864588E-004
     100.0   2.9184500899E-004
     120.0   1.8289093570E-004
     140.0   1.3721415502E-004
     160.0   1.0475718315E-004
     180.0   8.2730756433E-005
     200.0   6.8207905466E-005
     220.0   5.8362727141E-005
     240.0   5.1693906260E-005
     260.0   4.7780432772E-005
     280.0   4.5216569408E-005
     300.0   4.3613447847E-005
     400.0   4.0145559563E-005
     500.0   3.8722686913E-005
    1000.0   3.5990042718E-005
