   -1000.0   5.6746349390E-005
    -500.0   7.9894327060E-005
    -400.0   9.8658138351E-005
    -300.0   1.3926812877E-004
    -280.0   1.5103045557E-004
    -260.0   1.6465534864E-004
    -240.0   1.8012460838E-004
    -220.0   1.9185271820E-004
    -200.0   2.0470129106E-004
    -180.0   2.2521050280E-004
    -160.0   2.4516050336E-004
    -140.0   2.6720337367E-004
    -120.0   2.8519471821E-004
    -100.0   3.0123296697E-004
     -80.0   3.1206010445E-004
     -60.0   3.2121792319E-004
     -50.0   3.2241740998E-004
     -40.0   3.2971394918E-004
     -30.0   3.4972074015E-004
     -20.0   3.6092678736E-004
     -10.0   3.6194772912E-004
       0.0   3.5753913706E-004
      10.0   3.5962251667E-004
      20.0   3.6068788911E-004
      30.0   3.4587842012E-004
      40.0   3.3110362787E-004
      50.0   3.2477085832E-004
      60.0   3.2401401725E-004
      80.0   3.0884142921E-004
     100.0   2.8695094698E-004
     120.0   2.6068635707E-004
     140.0   2.3341595117E-004
     160.0   2.1061293153E-004
     180.0   1.9032243760E-004
     200.0   1.7366126941E-004
     220.0   1.5810039136E-004
     240.0   1.4406408089E-004
     260.0   1.3271089954E-004
     280.0   1.2284060228E-004
     300.0   1.1443511179E-004
     400.0   8.6223314799E-005
     500.0   7.3586540099E-005
    1000.0   5.6497077059E-005
