   -1000.0   3.3471152527E-005
    -500.0   3.3572189142E-005
    -400.0   3.3591946840E-005
    -300.0   3.3611167806E-005
    -280.0   3.3615063268E-005
    -260.0   3.3618754776E-005
    -240.0   3.3622278446E-005
    -220.0   3.3625504191E-005
    -200.0   3.3628608062E-005
    -180.0   3.3632335882E-005
    -160.0   3.3637297718E-005
    -140.0   3.3642933524E-005
    -120.0   3.3649538583E-005
    -100.0   3.3654873379E-005
     -80.0   3.3660691597E-005
     -60.0   3.3661858044E-005
     -50.0   3.3654567772E-005
     -40.0   3.3638969795E-005
     -30.0   3.3600047535E-005
     -20.0   3.2828462836E-005
     -10.0   2.5529496090E-005
       0.0   1.7939458196E-005
      10.0   1.2654262964E-005
      20.0   9.2726142366E-006
      30.0   1.0424444042E-005
      40.0   1.1558804568E-005
      50.0   1.6239572220E-005
      60.0   2.0228895911E-005
      80.0   2.5900595134E-005
     100.0   3.1853664549E-005
     120.0   3.3561475317E-005
     140.0   3.3603103087E-005
     160.0   3.3621268107E-005
     180.0   3.3632302660E-005
     200.0   3.3640502561E-005
     220.0   3.3644727437E-005
     240.0   3.3547288261E-005
     260.0   3.3512531946E-005
     280.0   3.3246289970E-005
     300.0   3.3093753190E-005
     400.0   3.3752861640E-005
     500.0   3.3775463015E-005
    1000.0   3.3879364584E-005
