   -1000.0   3.8720099091E-005
    -500.0   3.8816245399E-005
    -400.0   3.8834525132E-005
    -300.0   3.8851691824E-005
    -280.0   3.8854922228E-005
    -260.0   3.8858165463E-005
    -240.0   3.8861259550E-005
    -220.0   3.8864329820E-005
    -200.0   3.8867800274E-005
    -180.0   3.8871604263E-005
    -160.0   3.8880345155E-005
    -140.0   3.8909415471E-005
    -120.0   3.8945250408E-005
    -100.0   3.8985428557E-005
     -80.0   3.9025355154E-005
     -60.0   3.9066335274E-005
     -50.0   3.9079924501E-005
     -40.0   3.9086092662E-005
     -30.0   3.9075389238E-005
     -20.0   3.9015724768E-005
     -10.0   3.8930672708E-005
       0.0   3.7978971012E-005
      10.0   3.5644105536E-005
      20.0   3.2926076584E-005
      30.0   3.0127550663E-005
      40.0   2.7278638899E-005
      50.0   2.4554101409E-005
      60.0   2.3001146270E-005
      80.0   2.3851273056E-005
     100.0   2.5500602684E-005
     120.0   2.2238276994E-005
     140.0   2.2255162323E-005
     160.0   2.2972025656E-005
     180.0   2.3642837411E-005
     200.0   2.4913154829E-005
     220.0   2.6460063799E-005
     240.0   2.9608531091E-005
     260.0   3.1439581354E-005
     280.0   3.2025566882E-005
     300.0   3.2628685440E-005
     400.0   3.8426995608E-005
     500.0   3.9002586377E-005
    1000.0   3.9113096649E-005
