   -1000.0   4.6005015385E-005
    -500.0   5.9878565434E-005
    -400.0   7.0722915318E-005
    -300.0   9.5703199373E-005
    -280.0   1.0470498191E-004
    -260.0   1.1632774958E-004
    -240.0   1.3184459428E-004
    -220.0   1.5391630909E-004
    -200.0   1.8556877899E-004
    -180.0   2.3257824004E-004
    -160.0   3.0423056995E-004
    -140.0   4.1300650587E-004
    -120.0   5.8413320358E-004
    -100.0   8.6016088349E-004
     -80.0   1.3685421217E-003
     -60.0   1.8213779820E-003
     -50.0   2.0588705432E-003
     -40.0   2.3906500347E-003
     -30.0   2.4221152121E-003
     -20.0   2.3384459991E-003
     -10.0   2.0225400129E-003
       0.0   1.8030069946E-003
      10.0   1.5819460815E-003
      20.0   1.3301263743E-003
      30.0   1.3680817160E-003
      40.0   1.3843688215E-003
      50.0   1.4377347566E-003
      60.0   1.3464586576E-003
      80.0   1.0284377108E-003
     100.0   7.2956839315E-004
     120.0   4.9589459295E-004
     140.0   3.7058787598E-004
     160.0   2.8356707541E-004
     180.0   2.2440513751E-004
     200.0   1.8095516982E-004
     220.0   1.4945265854E-004
     240.0   1.2616828854E-004
     260.0   1.0908823931E-004
     280.0   9.6861055367E-005
     300.0   8.8369385501E-005
     400.0   6.5325398451E-005
     500.0   5.8797990926E-005
    1000.0   4.6289778260E-005
