   -1000.0   3.9457776146E-005
    -500.0   4.1304187916E-005
    -400.0   4.2742364393E-005
    -300.0   4.6176971028E-005
    -280.0   4.7467182948E-005
    -260.0   4.9186133628E-005
    -240.0   5.1629930634E-005
    -220.0   5.5756007164E-005
    -200.0   6.2080889955E-005
    -180.0   7.1622781601E-005
    -160.0   8.6685429285E-005
    -140.0   1.2062711736E-004
    -120.0   1.7604967909E-004
    -100.0   2.3563998001E-004
     -80.0   3.0329045359E-004
     -60.0   3.6928448289E-004
     -50.0   4.0913987782E-004
     -40.0   4.5323099918E-004
     -30.0   4.6264491404E-004
     -20.0   4.4662835657E-004
     -10.0   4.0534460540E-004
       0.0   3.5328657303E-004
      10.0   3.2326634929E-004
      20.0   3.0226583960E-004
      30.0   2.9454697601E-004
      40.0   3.1071845811E-004
      50.0   3.0897994712E-004
      60.0   2.7969564761E-004
      80.0   2.2263294849E-004
     100.0   1.7315890106E-004
     120.0   1.3441248909E-004
     140.0   1.0240140256E-004
     160.0   7.7843444114E-005
     180.0   6.7502772448E-005
     200.0   6.0457547191E-005
     220.0   5.5092629617E-005
     240.0   5.1035376237E-005
     260.0   4.7536003801E-005
     280.0   4.4494580417E-005
     300.0   4.2229633593E-005
     400.0   3.9536222704E-005
     500.0   4.0956704955E-005
    1000.0   3.9801202466E-005
