   -1000.0   5.7138611815E-005
    -500.0   9.2435376172E-005
    -400.0   1.2001130559E-004
    -300.0   1.8252549327E-004
    -280.0   2.0437893771E-004
    -260.0   2.3186814599E-004
    -240.0   2.6689056133E-004
    -220.0   3.0419371614E-004
    -200.0   3.3784374048E-004
    -180.0   3.8159911063E-004
    -160.0   4.6324610879E-004
    -140.0   5.6696289109E-004
    -120.0   6.6689417202E-004
    -100.0   7.2292767262E-004
     -80.0   8.2162175497E-004
     -60.0   8.6826630709E-004
     -50.0   8.9056162972E-004
     -40.0   9.6255890890E-004
     -30.0   9.9117570076E-004
     -20.0   9.8829664644E-004
     -10.0   9.7675978475E-004
       0.0   9.7049431757E-004
      10.0   9.1212161059E-004
      20.0   7.8101309443E-004
      30.0   6.9043708182E-004
      40.0   6.7203563323E-004
      50.0   7.0581051123E-004
      60.0   7.3184634805E-004
      80.0   7.4173005135E-004
     100.0   6.7593386401E-004
     120.0   5.9740514809E-004
     140.0   5.1043031874E-004
     160.0   4.3552030702E-004
     180.0   3.7061443712E-004
     200.0   3.1680195927E-004
     220.0   2.7312829387E-004
     240.0   2.3733525096E-004
     260.0   2.0849824526E-004
     280.0   1.8487998282E-004
     300.0   1.6588416529E-004
     400.0   1.1012787210E-004
     500.0   8.7776839405E-005
    1000.0   5.7091355395E-005
