   -1000.0   8.8328723055E-005
    -500.0   9.6278117748E-005
    -400.0   1.0256154603E-004
    -300.0   1.1707823971E-004
    -280.0   1.2226730456E-004
    -260.0   1.2889197503E-004
    -240.0   1.3754376211E-004
    -220.0   1.4916128592E-004
    -200.0   1.6530219097E-004
    -180.0   1.8873298983E-004
    -160.0   2.2479802612E-004
    -140.0   2.8912943477E-004
    -120.0   3.9395296437E-004
    -100.0   6.2525332597E-004
     -80.0   8.5911590005E-004
     -60.0   1.0386794066E-003
     -50.0   1.0584377151E-003
     -40.0   1.0691142384E-003
     -30.0   1.0773102395E-003
     -20.0   1.0771645745E-003
     -10.0   1.0602815987E-003
       0.0   9.5535487535E-004
      10.0   8.0722261317E-004
      20.0   4.3121445227E-004
      30.0   5.9003535749E-004
      40.0   5.4339466835E-004
      50.0   5.1452651193E-004
      60.0   4.9385651165E-004
      80.0   4.5158745371E-004
     100.0   3.7344276432E-004
     120.0   2.9034519341E-004
     140.0   2.2352827359E-004
     160.0   1.8193682453E-004
     180.0   1.5447246039E-004
     200.0   1.3501007082E-004
     220.0   1.2075618628E-004
     240.0   1.1084146359E-004
     260.0   1.0502346916E-004
     280.0   1.0288305937E-004
     300.0   1.0261870245E-004
     400.0   9.8918271617E-005
     500.0   9.4672702062E-005
    1000.0   8.8443602009E-005
