   -1000.0   3.5161783129E-005
    -500.0   3.5357917068E-005
    -400.0   3.5469793812E-005
    -300.0   3.5753170598E-005
    -280.0   3.5865560556E-005
    -260.0   3.6017409111E-005
    -240.0   3.6239859564E-005
    -220.0   3.6635403819E-005
    -200.0   3.7377623773E-005
    -180.0   3.8536685913E-005
    -160.0   4.0022792315E-005
    -140.0   4.1868081122E-005
    -120.0   4.3579350869E-005
    -100.0   4.5644419440E-005
     -80.0   4.7720267117E-005
     -60.0   4.8989710071E-005
     -50.0   4.8678968280E-005
     -40.0   4.7727353885E-005
     -30.0   4.4726580331E-005
     -20.0   3.2747188144E-005
     -10.0   2.8671519207E-005
       0.0   2.6761560076E-005
      10.0   2.5638367920E-005
      20.0   2.5216633386E-005
      30.0   2.7875846061E-005
      40.0   2.9601726891E-005
      50.0   3.0672405775E-005
      60.0   3.2364601875E-005
      80.0   3.3473660486E-005
     100.0   3.3386681511E-005
     120.0   3.2572569265E-005
     140.0   3.2236005602E-005
     160.0   3.4622374790E-005
     180.0   3.4875481199E-005
     200.0   3.4822612612E-005
     220.0   3.4715666438E-005
     240.0   3.4202869896E-005
     260.0   3.3747033597E-005
     280.0   3.3939168661E-005
     300.0   3.3914326014E-005
     400.0   3.5412508937E-005
     500.0   3.5466368834E-005
    1000.0   3.5545053289E-005
