   -1000.0   5.0736173129E-005
    -500.0   5.1019502667E-005
    -400.0   5.1207976474E-005
    -300.0   5.1667090488E-005
    -280.0   5.1844951396E-005
    -260.0   5.2084964311E-005
    -240.0   5.2423227757E-005
    -220.0   5.2929560274E-005
    -200.0   5.3766664656E-005
    -180.0   5.5646586848E-005
    -160.0   6.0974199112E-005
    -140.0   6.8155174401E-005
    -120.0   7.6122392984E-005
    -100.0   8.4362998399E-005
     -80.0   9.2026716327E-005
     -60.0   9.5838922901E-005
     -50.0   9.5706899778E-005
     -40.0   9.4546600890E-005
     -30.0   9.3742236232E-005
     -20.0   9.0879569053E-005
     -10.0   8.7211373203E-005
       0.0   8.4734248734E-005
      10.0   8.1690010802E-005
      20.0   7.9118158057E-005
      30.0   7.5367590911E-005
      40.0   7.4126570135E-005
      50.0   7.3771478822E-005
      60.0   7.2752796494E-005
      80.0   6.6229344523E-005
     100.0   5.9479125322E-005
     120.0   5.4477830467E-005
     140.0   5.0798828540E-005
     160.0   4.7917963096E-005
     180.0   4.5402089734E-005
     200.0   4.4662440847E-005
     220.0   4.4540790285E-005
     240.0   4.3464201762E-005
     260.0   4.1310037730E-005
     280.0   4.0035006456E-005
     300.0   3.9359391097E-005
     400.0   4.8215491698E-005
     500.0   5.0846425086E-005
    1000.0   5.1064826860E-005
