   -1000.0   2.6232151953E-005
    -500.0   2.6267876948E-005
    -400.0   2.6275080550E-005
    -300.0   2.6282395489E-005
    -280.0   2.6283887840E-005
    -260.0   2.6285397723E-005
    -240.0   2.6286931486E-005
    -220.0   2.6288498654E-005
    -200.0   2.6290114109E-005
    -180.0   2.6291802520E-005
    -160.0   2.6293610108E-005
    -140.0   2.6297299229E-005
    -120.0   2.6336789522E-005
    -100.0   2.6350431902E-005
     -80.0   2.6371400532E-005
     -60.0   2.6399360264E-005
     -50.0   2.6425314193E-005
     -40.0   2.6675824462E-005
     -30.0   2.7071084265E-005
     -20.0   2.7507513866E-005
     -10.0   3.2171750074E-005
       0.0   5.4421879519E-005
      10.0   2.7466685855E-005
      20.0   2.7042311500E-005
      30.0   2.6802191250E-005
      40.0   2.6613496438E-005
      50.0   2.6433149324E-005
      60.0   2.6405901735E-005
      80.0   2.6387642872E-005
     100.0   2.6363456917E-005
     120.0   2.6095723056E-005
     140.0   2.3903996095E-005
     160.0   2.4598022148E-005
     180.0   2.5251107970E-005
     200.0   2.5645289851E-005
     220.0   2.5768243737E-005
     240.0   2.5876949555E-005
     260.0   2.6034661242E-005
     280.0   2.6076765398E-005
     300.0   2.6321249377E-005
     400.0   2.6331728794E-005
     500.0   2.6338874083E-005
    1000.0   2.6374343763E-005
