   -1000.0   1.8929737866E-005
    -500.0   1.8987492298E-005
    -400.0   1.8996627504E-005
    -300.0   1.9005765169E-005
    -280.0   1.9007593410E-005
    -260.0   1.9009422435E-005
    -240.0   1.9011255264E-005
    -220.0   1.9032270124E-005
    -200.0   1.9046629939E-005
    -180.0   1.9164397991E-005
    -160.0   1.9041392267E-005
    -140.0   1.9126040101E-005
    -120.0   1.9136462670E-005
    -100.0   1.9146538668E-005
     -80.0   1.9180797332E-005
     -60.0   1.9224338764E-005
     -50.0   1.9257648200E-005
     -40.0   1.9321667481E-005
     -30.0   1.9429269091E-005
     -20.0   1.9668975873E-005
     -10.0   2.0335177369E-005
       0.0   2.2002739916E-005
      10.0   1.8623341493E-005
      20.0   1.8703957129E-005
      30.0   1.8747481866E-005
      40.0   1.8784613527E-005
      50.0   1.8850179940E-005
      60.0   1.8445180038E-005
      80.0   1.8925831009E-005
     100.0   1.9095347242E-005
     120.0   1.9101552061E-005
     140.0   1.9095264595E-005
     160.0   1.9091921454E-005
     180.0   1.9075895524E-005
     200.0   1.9072415851E-005
     220.0   1.9050166994E-005
     240.0   1.9010810275E-005
     260.0   1.9047083596E-005
     280.0   1.9059009328E-005
     300.0   1.9060840971E-005
     400.0   1.9069986477E-005
     500.0   1.9079132235E-005
    1000.0   1.9124878762E-005
