   -1000.0   1.9150902407E-005
    -500.0   1.9195643066E-005
    -400.0   1.9204331703E-005
    -300.0   1.9213077739E-005
    -280.0   1.9214842646E-005
    -260.0   1.9216617437E-005
    -240.0   1.9218406356E-005
    -220.0   1.9220216481E-005
    -200.0   1.9222060772E-005
    -180.0   1.9223966933E-005
    -160.0   1.9226014722E-005
    -140.0   1.9228720257E-005
    -120.0   2.0323459971E-005
    -100.0   2.0963413555E-005
     -80.0   2.1007799709E-005
     -60.0   2.1472098561E-005
     -50.0   2.1716530077E-005
     -40.0   3.2667890346E-005
     -30.0   4.3752086849E-005
     -20.0   5.8133886218E-005
     -10.0   3.1410456616E-005
       0.0   2.9960984818E-005
      10.0   3.0168487070E-005
      20.0   4.6589057752E-005
      30.0   3.6159263656E-005
      40.0   3.1217183528E-005
      50.0   2.1712147696E-005
      60.0   2.1320803861E-005
      80.0   2.0896314577E-005
     100.0   2.0399606559E-005
     120.0   2.0089271684E-005
     140.0   1.9095167111E-005
     160.0   1.9206360598E-005
     180.0   1.9274334350E-005
     200.0   1.9329312148E-005
     220.0   1.9296386759E-005
     240.0   1.9297920489E-005
     260.0   1.9277571786E-005
     280.0   1.9289540394E-005
     300.0   1.9265252798E-005
     400.0   1.9273529007E-005
     500.0   1.9282133945E-005
    1000.0   1.9325344401E-005
