   -1000.0   4.8892270080E-005
    -500.0   4.8898961127E-005
    -400.0   4.8900116130E-005
    -300.0   4.8901283375E-005
    -280.0   4.8901521962E-005
    -260.0   4.8901764304E-005
    -240.0   4.8902012280E-005
    -220.0   4.8902268960E-005
    -200.0   4.8902539621E-005
    -180.0   4.8902834013E-005
    -160.0   4.8903171979E-005
    -140.0   4.8903600498E-005
    -120.0   4.8905414158E-005
    -100.0   4.8955601321E-005
     -80.0   4.9377092197E-005
     -60.0   5.3520903756E-005
     -50.0   5.3433665500E-005
     -40.0   5.3110961280E-005
     -30.0   5.2823864121E-005
     -20.0   5.3025416199E-005
     -10.0   5.4801327552E-005
       0.0   5.6175531940E-005
      10.0   5.3977017373E-005
      20.0   5.3436408092E-005
      30.0   5.2329085884E-005
      40.0   5.0976512556E-005
      50.0   4.9700768132E-005
      60.0   4.8498770709E-005
      80.0   4.5486495482E-005
     100.0   4.4013597386E-005
     120.0   4.3912062508E-005
     140.0   4.4640976817E-005
     160.0   4.5248483570E-005
     180.0   4.5866712071E-005
     200.0   4.6118484380E-005
     220.0   4.5522034264E-005
     240.0   4.3600653314E-005
     260.0   4.5563341814E-005
     280.0   4.7627095607E-005
     300.0   4.8903244668E-005
     400.0   4.8908583281E-005
     500.0   4.8909972877E-005
    1000.0   4.8915495811E-005
