   -1000.0   5.0761386530E-005
    -500.0   5.0985440370E-005
    -400.0   5.1031258696E-005
    -300.0   5.1099750965E-005
    -280.0   5.1119758508E-005
    -260.0   5.1143802337E-005
    -240.0   5.1173717668E-005
    -220.0   5.1212792214E-005
    -200.0   5.1268387184E-005
    -180.0   5.1382457276E-005
    -160.0   5.6495448428E-005
    -140.0   6.4186400331E-005
    -120.0   7.5960413852E-005
    -100.0   9.0607819556E-005
     -80.0   1.5701864235E-004
     -60.0   5.8863150443E-004
     -50.0   7.7723654303E-004
     -40.0   9.6864187341E-004
     -30.0   1.1450356361E-003
     -20.0   1.2097253799E-003
     -10.0   1.6948897304E-003
       0.0   1.2495744451E-003
      10.0   1.0995291446E-003
      20.0   7.7105028708E-004
      30.0   5.9853279638E-004
      40.0   4.9310101232E-004
      50.0   4.1472461348E-004
      60.0   3.5717398193E-004
      80.0   1.6492444474E-004
     100.0   1.0020877189E-004
     120.0   8.8280773602E-005
     140.0   7.7748419879E-005
     160.0   7.0322869102E-005
     180.0   6.4315926578E-005
     200.0   5.8535489727E-005
     220.0   5.4815161561E-005
     240.0   5.2024370591E-005
     260.0   5.0611626454E-005
     280.0   5.0495662946E-005
     300.0   5.0570638086E-005
     400.0   5.1255760320E-005
     500.0   5.1267331890E-005
    1000.0   5.1387127207E-005
