   -1000.0   2.6488807411E-005
    -500.0   2.6544703235E-005
    -400.0   2.6552909751E-005
    -300.0   2.6561118300E-005
    -280.0   2.6562760624E-005
    -260.0   2.6564403339E-005
    -240.0   2.6566046675E-005
    -220.0   2.6567691204E-005
    -200.0   2.6569338372E-005
    -180.0   2.6571628043E-005
    -160.0   2.6616144292E-005
    -140.0   2.6647186964E-005
    -120.0   2.6671418434E-005
    -100.0   2.6704664984E-005
     -80.0   2.6763319775E-005
     -60.0   2.7218980982E-005
     -50.0   2.7355096502E-005
     -40.0   2.7582393134E-005
     -30.0   2.7966169295E-005
     -20.0   2.8516781215E-005
     -10.0   3.2381778748E-005
       0.0   2.8383308152E-005
      10.0   2.8983162501E-005
      20.0   2.7451426452E-005
      30.0   2.7134175208E-005
      40.0   2.7050705387E-005
      50.0   2.6988675669E-005
      60.0   2.6737175104E-005
      80.0   2.6382766229E-005
     100.0   2.6290711650E-005
     120.0   2.6264458990E-005
     140.0   2.6278694400E-005
     160.0   2.6265342287E-005
     180.0   2.5832784154E-005
     200.0   2.5379529513E-005
     220.0   2.5101075282E-005
     240.0   2.4672567180E-005
     260.0   2.4694022657E-005
     280.0   2.5136301454E-005
     300.0   2.5546507016E-005
     400.0   2.6618777673E-005
     500.0   2.6627014638E-005
    1000.0   2.6668056049E-005
