   -1000.0   1.7156678179E-005
    -500.0   1.7209608936E-005
    -400.0   1.7220105447E-005
    -300.0   1.7231699879E-005
    -280.0   1.7234321871E-005
    -260.0   1.7237136299E-005
    -240.0   1.7240228295E-005
    -220.0   1.7243744780E-005
    -200.0   1.7247976835E-005
    -180.0   1.7253696135E-005
    -160.0   1.7266350866E-005
    -140.0   1.8841839524E-005
    -120.0   2.2136767749E-005
    -100.0   2.4233907698E-005
     -80.0   2.9070270198E-005
     -60.0   3.4247988811E-005
     -50.0   8.2650915673E-005
     -40.0   1.1122368231E-004
     -30.0   1.5362893610E-004
     -20.0   1.9966406911E-004
     -10.0   2.0838653296E-004
       0.0   1.2980561288E-004
      10.0   1.8636322614E-004
      20.0   1.4809442167E-004
      30.0   9.8835892929E-005
      40.0   8.0673317548E-005
      50.0   7.4718864592E-005
      60.0   3.0754427614E-005
      80.0   2.4848283091E-005
     100.0   2.2758419597E-005
     120.0   2.1096170075E-005
     140.0   1.9927093692E-005
     160.0   1.9129400706E-005
     180.0   1.8716676521E-005
     200.0   1.8493225726E-005
     220.0   1.8162421921E-005
     240.0   1.7847468204E-005
     260.0   1.7725595089E-005
     280.0   1.7516935639E-005
     300.0   1.7438105774E-005
     400.0   1.7297376585E-005
     500.0   1.7306042234E-005
    1000.0   1.7353110578E-005
