   -1000.0   4.9674059049E-005
    -500.0   4.9928744792E-005
    -400.0   5.0007483788E-005
    -300.0   5.0151969380E-005
    -280.0   5.0198961313E-005
    -260.0   5.0257330040E-005
    -240.0   5.0331897500E-005
    -220.0   5.0430634523E-005
    -200.0   5.0568110599E-005
    -180.0   5.0777497193E-005
    -160.0   5.2043408887E-005
    -140.0   5.9740071825E-005
    -120.0   6.9722078955E-005
    -100.0   8.8818010941E-005
     -80.0   3.1208509435E-004
     -60.0   5.9218046491E-004
     -50.0   7.2680996951E-004
     -40.0   8.7468455494E-004
     -30.0   9.8270849628E-004
     -20.0   1.0946552207E-003
     -10.0   1.5655846718E-003
       0.0   1.2467179089E-003
      10.0   1.0224382216E-003
      20.0   7.3180291604E-004
      30.0   5.4749276269E-004
      40.0   4.5053637071E-004
      50.0   3.7780381010E-004
      60.0   3.2355057018E-004
      80.0   2.3432626051E-004
     100.0   1.0135115076E-004
     120.0   8.5152960764E-005
     140.0   7.5001380490E-005
     160.0   6.8746253526E-005
     180.0   6.3920037233E-005
     200.0   6.0221865486E-005
     220.0   5.6277890749E-005
     240.0   5.2707151707E-005
     260.0   5.0449993830E-005
     280.0   4.9649293494E-005
     300.0   4.9682255770E-005
     400.0   5.0219088922E-005
     500.0   5.0196689340E-005
    1000.0   5.0268560906E-005
