   -1000.0   2.0379437467E-005
    -500.0   2.0424481264E-005
    -400.0   2.0432803739E-005
    -300.0   2.0441125710E-005
    -280.0   2.0442790172E-005
    -260.0   2.0444455032E-005
    -240.0   2.0446122355E-005
    -220.0   2.0497400491E-005
    -200.0   2.0493807793E-005
    -180.0   2.0515108538E-005
    -160.0   2.0506079316E-005
    -140.0   2.0601916064E-005
    -120.0   2.0747236111E-005
    -100.0   2.0765685876E-005
     -80.0   2.0847146321E-005
     -60.0   2.0965321431E-005
     -50.0   2.1079304355E-005
     -40.0   2.1108582892E-005
     -30.0   2.0949316546E-005
     -20.0   2.0765942615E-005
     -10.0   2.0715170300E-005
       0.0   1.7782067078E-005
      10.0   1.9163032221E-005
      20.0   1.9529064995E-005
      30.0   1.9260404353E-005
      40.0   1.9184013116E-005
      50.0   1.9436402761E-005
      60.0   1.7617206625E-005
      80.0   1.7911803803E-005
     100.0   2.0043234063E-005
     120.0   2.0411193626E-005
     140.0   2.0248983620E-005
     160.0   2.0187497550E-005
     180.0   2.0052958171E-005
     200.0   2.0308944326E-005
     220.0   2.0026313457E-005
     240.0   2.0279466340E-005
     260.0   2.0399360787E-005
     280.0   2.0489332903E-005
     300.0   2.0491044572E-005
     400.0   2.0499406859E-005
     500.0   2.0507742324E-005
    1000.0   2.0549399263E-005
