   -1000.0   2.0338301862E-005
    -500.0   2.0380590133E-005
    -400.0   2.0389006728E-005
    -300.0   2.0397412451E-005
    -280.0   2.0399091706E-005
    -260.0   2.0400771035E-005
    -240.0   2.0402456749E-005
    -220.0   2.0407571320E-005
    -200.0   2.0412029406E-005
    -180.0   2.0419026236E-005
    -160.0   2.0416985668E-005
    -140.0   2.0447175677E-005
    -120.0   2.0498565245E-005
    -100.0   2.0599901992E-005
     -80.0   2.0724951317E-005
     -60.0   2.0841620387E-005
     -50.0   2.0846001161E-005
     -40.0   2.0840456248E-005
     -30.0   2.0824892636E-005
     -20.0   2.0807493832E-005
     -10.0   2.0823390438E-005
       0.0   1.8282856055E-005
      10.0   1.7842553930E-005
      20.0   1.8313045461E-005
      30.0   1.8179367109E-005
      40.0   1.7989873905E-005
      50.0   1.4666737043E-005
      60.0   1.3675785361E-005
      80.0   1.7748843125E-005
     100.0   1.9917719705E-005
     120.0   2.0016879273E-005
     140.0   1.9964035334E-005
     160.0   1.9947021224E-005
     180.0   1.9939429271E-005
     200.0   1.9891640274E-005
     220.0   2.0327528743E-005
     240.0   2.0241291326E-005
     260.0   2.0428131681E-005
     280.0   2.0445879823E-005
     300.0   2.0447774319E-005
     400.0   2.0456412602E-005
     500.0   2.0464892731E-005
    1000.0   2.0507119244E-005
