   -1000.0   5.2260879191E-005
    -500.0   5.2285509109E-005
    -400.0   5.2292326315E-005
    -300.0   5.2306495486E-005
    -280.0   5.2311365606E-005
    -260.0   5.2317517268E-005
    -240.0   5.2325486156E-005
    -220.0   5.2336132501E-005
    -200.0   5.2350921629E-005
    -180.0   5.2372554247E-005
    -160.0   5.2406592187E-005
    -140.0   5.2466632868E-005
    -120.0   5.2598118753E-005
    -100.0   5.3279697513E-005
     -80.0   1.1370305108E-004
     -60.0   2.0520189573E-004
     -50.0   2.2294065331E-004
     -40.0   2.2375795042E-004
     -30.0   2.3820861851E-004
     -20.0   2.9578562095E-004
     -10.0   2.8447047948E-004
       0.0   2.5686664779E-004
      10.0   2.1649916968E-004
      20.0   1.9742127677E-004
      30.0   1.8103139263E-004
      40.0   1.6426188586E-004
      50.0   1.4777529218E-004
      60.0   1.3225730867E-004
      80.0   9.5439085843E-005
     100.0   6.3573884404E-005
     120.0   5.7967217367E-005
     140.0   5.4614045348E-005
     160.0   5.2160514801E-005
     180.0   5.0677245635E-005
     200.0   4.9077332283E-005
     220.0   4.9719561646E-005
     240.0   5.0598052882E-005
     260.0   5.2298393887E-005
     280.0   5.2307490882E-005
     300.0   5.2306683632E-005
     400.0   5.2299189678E-005
     500.0   5.2295562952E-005
    1000.0   5.2294328007E-005
