   -1000.0   2.8009211437E-005
    -500.0   2.8042288507E-005
    -400.0   2.8048973303E-005
    -300.0   2.8055805585E-005
    -280.0   2.8057210819E-005
    -260.0   2.8058639128E-005
    -240.0   2.8060098787E-005
    -220.0   2.8061602135E-005
    -200.0   2.8063168260E-005
    -180.0   2.8064828183E-005
    -160.0   2.8066637367E-005
    -140.0   2.8074600171E-005
    -120.0   2.8089309856E-005
    -100.0   2.8117535751E-005
     -80.0   2.8132542389E-005
     -60.0   2.8223055160E-005
     -50.0   2.8398086513E-005
     -40.0   2.8495342434E-005
     -30.0   2.8732425956E-005
     -20.0   2.9339421460E-005
     -10.0   3.6685841016E-005
       0.0   7.2115835972E-005
      10.0   2.9555958450E-005
      20.0   2.8551573774E-005
      30.0   2.8378360184E-005
      40.0   2.8314197986E-005
      50.0   2.8271156646E-005
      60.0   2.8211064467E-005
      80.0   2.8145717844E-005
     100.0   2.7176182767E-005
     120.0   2.6979933269E-005
     140.0   2.6821525918E-005
     160.0   2.6669065029E-005
     180.0   2.7158342611E-005
     200.0   2.7401547278E-005
     220.0   2.7496814466E-005
     240.0   2.7480138642E-005
     260.0   2.7472616954E-005
     280.0   2.6135530197E-005
     300.0   2.5712014813E-005
     400.0   2.8100822436E-005
     500.0   2.8107680453E-005
    1000.0   2.8140416727E-005
