   -1000.0   2.0429163676E-005
    -500.0   2.0469427471E-005
    -400.0   2.0477467940E-005
    -300.0   2.0485508803E-005
    -280.0   2.0487117020E-005
    -260.0   2.0488725251E-005
    -240.0   2.0490333496E-005
    -220.0   2.0491941754E-005
    -200.0   2.0493550024E-005
    -180.0   2.0495158305E-005
    -160.0   2.0496766609E-005
    -140.0   2.0498376238E-005
    -120.0   2.0499997792E-005
    -100.0   2.0501612681E-005
     -80.0   2.0503226363E-005
     -60.0   2.0504842325E-005
     -50.0   2.0505649182E-005
     -40.0   2.0506457462E-005
     -30.0   2.0507265773E-005
     -20.0   2.0508070711E-005
     -10.0   2.0508881534E-005
       0.0   2.0507841260E-005
      10.0   2.0492562475E-005
      20.0   2.0493955929E-005
      30.0   2.0494982886E-005
      40.0   2.0497682160E-005
      50.0   2.0499773099E-005
      60.0   2.0494916922E-005
      80.0   2.0503992769E-005
     100.0   2.0505724181E-005
     120.0   2.0507657456E-005
     140.0   2.0509319797E-005
     160.0   2.0505956578E-005
     180.0   2.0490386096E-005
     200.0   2.0443850554E-005
     220.0   2.0400685986E-005
     240.0   2.0426579670E-005
     260.0   2.0436053359E-005
     280.0   2.0461273982E-005
     300.0   2.0525316022E-005
     400.0   2.0541805295E-005
     500.0   2.0549849706E-005
    1000.0   2.0590074572E-005
