   -1000.0   5.8128061333E-004
    -500.0   5.8417474303E-004
    -400.0   5.8528230350E-004
    -300.0   5.8739576129E-004
    -280.0   5.8810095587E-004
    -260.0   5.8898889978E-004
    -240.0   5.9014475726E-004
    -220.0   5.9173222210E-004
    -200.0   5.9400314895E-004
    -180.0   5.9921051080E-004
    -160.0   6.0936712499E-004
    -140.0   6.2980467843E-004
    -120.0   6.7518424060E-004
    -100.0   9.2410271986E-004
     -80.0   1.0819379847E-003
     -60.0   1.2704937165E-003
     -50.0   1.4183552668E-003
     -40.0   1.6389588031E-003
     -30.0   1.8726845570E-003
     -20.0   2.2456533127E-003
     -10.0   2.8110224505E-003
       0.0   2.8497354338E-003
      10.0   2.4016893217E-003
      20.0   1.7001049292E-003
      30.0   1.3459855227E-003
      40.0   1.1771912141E-003
      50.0   1.0505267651E-003
      60.0   9.7396898762E-004
      80.0   8.6988658644E-004
     100.0   8.0588751829E-004
     120.0   6.9022263047E-004
     140.0   6.4995042889E-004
     160.0   6.2195341498E-004
     180.0   6.0819386616E-004
     200.0   6.0017780317E-004
     220.0   5.9624490650E-004
     240.0   5.9399083279E-004
     260.0   5.9221904114E-004
     280.0   5.9102669161E-004
     300.0   5.8942778615E-004
     400.0   5.8794124434E-004
     500.0   5.8756298839E-004
    1000.0   5.8841854541E-004
