   -1000.0   4.4867127509E-005
    -500.0   4.4877470115E-005
    -400.0   4.4879518781E-005
    -300.0   4.4881561405E-005
    -280.0   4.4881969138E-005
    -260.0   4.4882376579E-005
    -240.0   4.4882783711E-005
    -220.0   4.4883190509E-005
    -200.0   4.4883596937E-005
    -180.0   4.4884002948E-005
    -160.0   4.4884408474E-005
    -140.0   4.4884813421E-005
    -120.0   4.4885601560E-005
    -100.0   4.4886495411E-005
     -80.0   4.4886681170E-005
     -60.0   4.4887468108E-005
     -50.0   4.4889624756E-005
     -40.0   4.4885158870E-005
     -30.0   4.4881364548E-005
     -20.0   4.4886652888E-005
     -10.0   4.4935053649E-005
       0.0   4.4775987405E-005
      10.0   4.4605166805E-005
      20.0   4.4455905458E-005
      30.0   4.4361260458E-005
      40.0   4.4315738910E-005
      50.0   4.4290720791E-005
      60.0   4.4310619608E-005
      80.0   4.4211987828E-005
     100.0   4.4171953456E-005
     120.0   4.4172929519E-005
     140.0   4.4134455286E-005
     160.0   4.4015774550E-005
     180.0   4.3959150956E-005
     200.0   4.3076674977E-005
     220.0   4.2800806863E-005
     240.0   4.3390842599E-005
     260.0   4.4196356751E-005
     280.0   4.4745603654E-005
     300.0   4.4893585329E-005
     400.0   4.4895703268E-005
     500.0   4.4897716609E-005
    1000.0   4.4907648864E-005
