   -1000.0   3.3896204896E-005
    -500.0   3.4193615734E-005
    -400.0   3.4348961434E-005
    -300.0   3.4680632773E-005
    -280.0   3.4795814833E-005
    -260.0   3.4942143175E-005
    -240.0   3.5133725708E-005
    -220.0   3.5396108670E-005
    -200.0   3.5789931648E-005
    -180.0   3.7739025434E-005
    -160.0   4.5420127234E-005
    -140.0   5.5379823491E-005
    -120.0   7.6497168414E-005
    -100.0   1.0971077855E-004
     -80.0   1.8455599822E-004
     -60.0   9.6288901349E-004
     -50.0   1.3033004674E-003
     -40.0   1.6222318542E-003
     -30.0   1.9421951019E-003
     -20.0   2.1350414667E-003
     -10.0   2.8221178501E-003
       0.0   2.4288565892E-003
      10.0   1.9309295877E-003
      20.0   1.3811730356E-003
      30.0   1.0291816944E-003
      40.0   8.1454956846E-004
      50.0   6.7046014443E-004
      60.0   5.6275307390E-004
      80.0   1.9813394956E-004
     100.0   1.2524083929E-004
     120.0   9.7221912941E-005
     140.0   7.7123793497E-005
     160.0   6.4765541817E-005
     180.0   5.4325941492E-005
     200.0   4.5954049494E-005
     220.0   4.0481451976E-005
     240.0   3.6945080755E-005
     260.0   3.5184142401E-005
     280.0   3.4700675686E-005
     300.0   3.4513241879E-005
     400.0   3.4469924298E-005
     500.0   3.4353493244E-005
    1000.0   3.4264941033E-005
