   -1000.0   1.6824711944E-005
    -500.0   1.6880988666E-005
    -400.0   1.6891290524E-005
    -300.0   1.6902518246E-005
    -280.0   1.6905129223E-005
    -260.0   1.6908177079E-005
    -240.0   1.6913199194E-005
    -220.0   1.6991737801E-005
    -200.0   1.9267488823E-005
    -180.0   1.8659926591E-005
    -160.0   1.9372712155E-005
    -140.0   1.8512643919E-005
    -120.0   2.5040970442E-005
    -100.0   2.5590944122E-005
     -80.0   3.1428457610E-005
     -60.0   3.8584462228E-005
     -50.0   4.2871903044E-005
     -40.0   4.6576860902E-005
     -30.0   5.2577807072E-005
     -20.0   5.9773291950E-005
     -10.0   8.2283254730E-005
       0.0   1.1699255867E-004
      10.0   5.2530292809E-005
      20.0   3.9862030088E-005
      30.0   3.4252824182E-005
      40.0   3.1570012069E-005
      50.0   2.8255991192E-005
      60.0   2.7659457819E-005
      80.0   2.6168880669E-005
     100.0   2.2599421601E-005
     120.0   2.4763574348E-005
     140.0   2.0051622105E-005
     160.0   2.0926909802E-005
     180.0   1.9172020920E-005
     200.0   1.9704306359E-005
     220.0   1.7408937031E-005
     240.0   1.7355045790E-005
     260.0   1.6960248161E-005
     280.0   1.6959969093E-005
     300.0   1.6961066813E-005
     400.0   1.6969225865E-005
     500.0   1.6978411153E-005
    1000.0   1.7026487932E-005
