   -1000.0   2.5608927448E-005
    -500.0   2.5644085888E-005
    -400.0   2.5651007144E-005
    -300.0   2.5657927626E-005
    -280.0   2.5659311628E-005
    -260.0   2.5660695597E-005
    -240.0   2.5662079533E-005
    -220.0   2.5663463436E-005
    -200.0   2.5664847305E-005
    -180.0   2.5666231142E-005
    -160.0   2.5667614946E-005
    -140.0   2.5668998727E-005
    -120.0   2.5670414587E-005
    -100.0   2.5671839817E-005
     -80.0   2.5673433124E-005
     -60.0   2.5678123714E-005
     -50.0   2.5678528939E-005
     -40.0   2.5679059737E-005
     -30.0   2.5679628313E-005
     -20.0   2.5680884936E-005
     -10.0   2.5682287167E-005
       0.0   2.5683220138E-005
      10.0   2.5683182478E-005
      20.0   2.5683280534E-005
      30.0   2.5683329619E-005
      40.0   2.5683619306E-005
      50.0   2.5684188261E-005
      60.0   2.5685170265E-005
      80.0   2.5671162600E-005
     100.0   2.5628800187E-005
     120.0   2.5613356304E-005
     140.0   2.5588139148E-005
     160.0   2.5616593334E-005
     180.0   2.5633621107E-005
     200.0   2.5643304618E-005
     220.0   2.5658154241E-005
     240.0   2.5639263370E-005
     260.0   2.5652161807E-005
     280.0   2.5588726443E-005
     300.0   2.5582643302E-005
     400.0   2.5706347943E-005
     500.0   2.5713263453E-005
    1000.0   2.5747823051E-005
