   -1000.0   2.1372830591E-005
    -500.0   2.1426198146E-005
    -400.0   2.1434699036E-005
    -300.0   2.1443224824E-005
    -280.0   2.1444941290E-005
    -260.0   2.1446673260E-005
    -240.0   2.1448486216E-005
    -220.0   2.1528979045E-005
    -200.0   2.1726367825E-005
    -180.0   2.2074911656E-005
    -160.0   2.1842109826E-005
    -140.0   2.2802797893E-005
    -120.0   2.3595719589E-005
    -100.0   2.3469439657E-005
     -80.0   2.3895429737E-005
     -60.0   2.4596444120E-005
     -50.0   2.5057543664E-005
     -40.0   2.5621650401E-005
     -30.0   2.6863632905E-005
     -20.0   2.8047096366E-005
     -10.0   2.6555059848E-005
       0.0   2.4916632359E-005
      10.0   2.4264213084E-005
      20.0   2.3051948605E-005
      30.0   2.1953488057E-005
      40.0   2.1429867048E-005
      50.0   1.7268161558E-005
      60.0   1.8473717078E-005
      80.0   2.1447227998E-005
     100.0   2.2743483715E-005
     120.0   2.2590678098E-005
     140.0   2.2565362016E-005
     160.0   2.2109826658E-005
     180.0   2.3180548828E-005
     200.0   2.1334176743E-005
     220.0   2.1548314712E-005
     240.0   2.1438291708E-005
     260.0   2.1489717887E-005
     280.0   2.1492474748E-005
     300.0   2.1494175141E-005
     400.0   2.1502659314E-005
     500.0   2.1511147657E-005
    1000.0   2.1553615184E-005
