   -1000.0   3.9530626260E-005
    -500.0   3.9547435937E-005
    -400.0   3.9550784797E-005
    -300.0   3.9554129235E-005
    -280.0   3.9554797555E-005
    -260.0   3.9555465669E-005
    -240.0   3.9556133566E-005
    -220.0   3.9556801229E-005
    -200.0   3.9557468631E-005
    -180.0   3.9558135736E-005
    -160.0   3.9558802805E-005
    -140.0   3.9559471108E-005
    -120.0   3.9560139037E-005
    -100.0   3.9560806635E-005
     -80.0   3.9561472101E-005
     -60.0   3.9562133688E-005
     -50.0   3.9562190325E-005
     -40.0   3.9561781334E-005
     -30.0   3.9561300902E-005
     -20.0   3.9562531437E-005
     -10.0   3.9560918151E-005
       0.0   3.9055714444E-005
      10.0   3.9341343092E-005
      20.0   3.9360612220E-005
      30.0   3.9386171824E-005
      40.0   3.9395287132E-005
      50.0   3.9388003112E-005
      60.0   3.9404818092E-005
      80.0   3.9384820547E-005
     100.0   3.9352937371E-005
     120.0   3.9324789636E-005
     140.0   3.9317414494E-005
     160.0   3.9053577413E-005
     180.0   3.8719926179E-005
     200.0   3.8628290559E-005
     220.0   3.8730030271E-005
     240.0   3.8944037091E-005
     260.0   3.9215023761E-005
     280.0   3.9448460233E-005
     300.0   3.9574068803E-005
     400.0   3.9577424854E-005
     500.0   3.9580740755E-005
    1000.0   3.9597241222E-005
