   -1000.0   1.6593221650E-005
    -500.0   1.6644486547E-005
    -400.0   1.6656472615E-005
    -300.0   1.6671329054E-005
    -280.0   1.6675074432E-005
    -260.0   1.6679340215E-005
    -240.0   1.6684760508E-005
    -220.0   1.6699867604E-005
    -200.0   1.6877105488E-005
    -180.0   1.6790446034E-005
    -160.0   1.6866545482E-005
    -140.0   1.6831659287E-005
    -120.0   1.7214088811E-005
    -100.0   1.7274961492E-005
     -80.0   1.7535998824E-005
     -60.0   1.7982050746E-005
     -50.0   1.8272612770E-005
     -40.0   1.8759174953E-005
     -30.0   1.9501900410E-005
     -20.0   2.1392338796E-005
     -10.0   3.1668425626E-005
       0.0   1.1663885052E-004
      10.0   2.2975801114E-005
      20.0   1.7250791057E-005
      30.0   1.6111713575E-005
      40.0   1.5247470521E-005
      50.0   1.4858544087E-005
      60.0   1.7726445166E-005
      80.0   1.7336840669E-005
     100.0   1.7110006181E-005
     120.0   1.7283888082E-005
     140.0   1.6909808400E-005
     160.0   1.6951924069E-005
     180.0   1.6857056925E-005
     200.0   1.6894258186E-005
     220.0   1.6758502762E-005
     240.0   1.6686013483E-005
     260.0   1.6728407117E-005
     280.0   1.6728403156E-005
     300.0   1.6728597733E-005
     400.0   1.6733059746E-005
     500.0   1.6740283732E-005
    1000.0   1.6785106887E-005
