   -1000.0   1.9829172334E-005
    -500.0   1.9885479844E-005
    -400.0   1.9904892578E-005
    -300.0   1.9937460969E-005
    -280.0   1.9947416260E-005
    -260.0   1.9959434644E-005
    -240.0   1.9974305977E-005
    -220.0   1.9993413294E-005
    -200.0   2.0026814912E-005
    -180.0   2.0075049187E-005
    -160.0   2.0486704128E-005
    -140.0   2.0821320747E-005
    -120.0   2.1153712987E-005
    -100.0   2.1692511531E-005
     -80.0   2.2412333204E-005
     -60.0   2.3644165620E-005
     -50.0   2.4394118517E-005
     -40.0   2.5789012925E-005
     -30.0   2.8617498620E-005
     -20.0   3.5993993155E-005
     -10.0   5.9150908336E-005
       0.0   9.4366404524E-005
      10.0   4.7522225858E-005
      20.0   2.8840145121E-005
      30.0   2.3880583404E-005
      40.0   2.1884570119E-005
      50.0   2.0729527058E-005
      60.0   2.0071872750E-005
      80.0   1.4735968197E-005
     100.0   1.4701822514E-005
     120.0   1.8917260418E-005
     140.0   1.9228761903E-005
     160.0   1.9026042798E-005
     180.0   1.8986929631E-005
     200.0   1.9344753341E-005
     220.0   1.9252250980E-005
     240.0   1.9278002773E-005
     260.0   1.9840941357E-005
     280.0   1.9955620105E-005
     300.0   1.9976396075E-005
     400.0   1.9969236993E-005
     500.0   1.9967609025E-005
    1000.0   1.9995289803E-005
