   -1000.0   3.0064422535E-005
    -500.0   3.0065167966E-005
    -400.0   3.0065283760E-005
    -300.0   3.0065392847E-005
    -280.0   3.0065413854E-005
    -260.0   3.0065434588E-005
    -240.0   3.0065455051E-005
    -220.0   3.0065475246E-005
    -200.0   3.0065495719E-005
    -180.0   3.0065617027E-005
    -160.0   3.0066185264E-005
    -140.0   3.0066762384E-005
    -120.0   3.0067154207E-005
    -100.0   3.0067582038E-005
     -80.0   3.0068095718E-005
     -60.0   3.0068711896E-005
     -50.0   3.0069017753E-005
     -40.0   3.0069270743E-005
     -30.0   3.0069365724E-005
     -20.0   3.0069258331E-005
     -10.0   3.0066517752E-005
       0.0   3.0048416892E-005
      10.0   3.0026463984E-005
      20.0   3.0011370208E-005
      30.0   3.0001815287E-005
      40.0   2.9997156916E-005
      50.0   2.9995643553E-005
      60.0   2.9988740578E-005
      80.0   2.9934848839E-005
     100.0   2.9932615317E-005
     120.0   2.9943190002E-005
     140.0   2.9969938668E-005
     160.0   2.9997201504E-005
     180.0   2.9996639965E-005
     200.0   3.0000081295E-005
     220.0   3.0017289478E-005
     240.0   3.0026520734E-005
     260.0   3.0038601266E-005
     280.0   3.0062534584E-005
     300.0   3.0065900026E-005
     400.0   3.0065970319E-005
     500.0   3.0066026963E-005
    1000.0   3.0066206790E-005
