   -1000.0   2.7141577926E-005
    -500.0   2.7151637011E-005
    -400.0   2.7153552487E-005
    -300.0   2.7155464315E-005
    -280.0   2.7155849379E-005
    -260.0   2.7156237709E-005
    -240.0   2.7156632196E-005
    -220.0   2.7157149992E-005
    -200.0   2.7159170797E-005
    -180.0   2.7165756833E-005
    -160.0   2.7173734513E-005
    -140.0   2.7190394150E-005
    -120.0   2.7251965958E-005
    -100.0   2.7865087783E-005
     -80.0   2.9027892247E-005
     -60.0   3.0163934664E-005
     -50.0   3.0527111110E-005
     -40.0   3.0802354832E-005
     -30.0   3.1110498955E-005
     -20.0   3.1250955524E-005
     -10.0   3.0797756621E-005
       0.0   3.0423788617E-005
      10.0   2.8306327635E-005
      20.0   2.4480791032E-005
      30.0   2.0547801471E-005
      40.0   1.7137133618E-005
      50.0   1.5494933324E-005
      60.0   1.5728665490E-005
      80.0   1.7360193224E-005
     100.0   1.7981671110E-005
     120.0   1.9593517808E-005
     140.0   2.2075052840E-005
     160.0   2.4464309940E-005
     180.0   2.5496187587E-005
     200.0   2.6358039485E-005
     220.0   2.6540040472E-005
     240.0   2.6868213744E-005
     260.0   2.7068493328E-005
     280.0   2.7136487207E-005
     300.0   2.7160811620E-005
     400.0   2.7168529677E-005
     500.0   2.7170527913E-005
    1000.0   2.7179904543E-005
