   -1000.0   2.9056098186E-005
    -500.0   2.9081132863E-005
    -400.0   2.9096796296E-005
    -300.0   2.9138735870E-005
    -280.0   2.9156788419E-005
    -260.0   2.9183595288E-005
    -240.0   2.9228910282E-005
    -220.0   2.9397569223E-005
    -200.0   3.0631494465E-005
    -180.0   3.2443188105E-005
    -160.0   3.4351650050E-005
    -140.0   3.5449869608E-005
    -120.0   3.6474205630E-005
    -100.0   3.8453336910E-005
     -80.0   4.1639865580E-005
     -60.0   4.6613884714E-005
     -50.0   5.0154937588E-005
     -40.0   5.4253821050E-005
     -30.0   5.9632337251E-005
     -20.0   6.3308567389E-005
     -10.0   6.3497092564E-005
       0.0   6.1645629992E-005
      10.0   5.8723900436E-005
      20.0   5.4286108103E-005
      30.0   4.8510465488E-005
      40.0   4.3013309931E-005
      50.0   3.9477846216E-005
      60.0   3.7250024795E-005
      80.0   3.3842699070E-005
     100.0   2.9211106289E-005
     120.0   2.6613463381E-005
     140.0   2.5587381112E-005
     160.0   2.4984633907E-005
     180.0   2.4769812055E-005
     200.0   2.5586943659E-005
     220.0   2.6812494683E-005
     240.0   2.6827997222E-005
     260.0   2.7398749241E-005
     280.0   2.8128023656E-005
     300.0   2.8897486341E-005
     400.0   2.9063391313E-005
     500.0   2.9071241775E-005
    1000.0   2.9071150429E-005
