   -1000.0   3.9278993990E-005
    -500.0   3.9269563838E-005
    -400.0   3.9272930419E-005
    -300.0   3.9291460546E-005
    -280.0   3.9300854318E-005
    -260.0   3.9315188096E-005
    -240.0   3.9338948440E-005
    -220.0   3.9393362629E-005
    -200.0   4.0001614720E-005
    -180.0   4.1173296984E-005
    -160.0   4.2806802154E-005
    -140.0   4.4422058499E-005
    -120.0   4.6031431054E-005
    -100.0   4.7617155782E-005
     -80.0   4.9690407685E-005
     -60.0   5.1396390506E-005
     -50.0   5.2173050110E-005
     -40.0   5.2546302109E-005
     -30.0   5.1558637551E-005
     -20.0   5.0641161820E-005
     -10.0   4.9895428019E-005
       0.0   4.7245227773E-005
      10.0   4.6935352784E-005
      20.0   4.7476384959E-005
      30.0   4.7338406170E-005
      40.0   4.6167216358E-005
      50.0   4.4458715922E-005
      60.0   4.2942847107E-005
      80.0   3.7417449866E-005
     100.0   3.0258752127E-005
     120.0   2.8112835483E-005
     140.0   2.7366568757E-005
     160.0   2.6818563567E-005
     180.0   2.6724977889E-005
     200.0   2.8436128435E-005
     220.0   3.0518481651E-005
     240.0   3.2334361531E-005
     260.0   3.4284704141E-005
     280.0   3.7806248297E-005
     300.0   3.9131422626E-005
     400.0   3.9205313801E-005
     500.0   3.9212780813E-005
    1000.0   3.9198320499E-005
