   -1000.0   4.8524704300E-005
    -500.0   4.9172974844E-005
    -400.0   4.9688549542E-005
    -300.0   5.0998681921E-005
    -280.0   5.1511712053E-005
    -260.0   5.2206261452E-005
    -240.0   5.3190506405E-005
    -220.0   5.4679050010E-005
    -200.0   5.6943121826E-005
    -180.0   6.1162920348E-005
    -160.0   6.7944455394E-005
    -140.0   7.6612366424E-005
    -120.0   8.6385342314E-005
    -100.0   9.6553333541E-005
     -80.0   1.0813130123E-004
     -60.0   1.2230833837E-004
     -50.0   1.3064667805E-004
     -40.0   1.3944171177E-004
     -30.0   1.4869853392E-004
     -20.0   1.5162661924E-004
     -10.0   1.4969803662E-004
       0.0   1.4482877260E-004
      10.0   1.3701314102E-004
      20.0   1.1553037794E-004
      30.0   1.0333226489E-004
      40.0   9.6753167641E-005
      50.0   8.9092458220E-005
      60.0   8.2150441645E-005
      80.0   7.1367936293E-005
     100.0   6.3546568433E-005
     120.0   5.7174489703E-005
     140.0   5.1064960789E-005
     160.0   4.6759993328E-005
     180.0   4.4026593024E-005
     200.0   4.2719928787E-005
     220.0   4.2451538324E-005
     240.0   4.2633117479E-005
     260.0   4.3240985835E-005
     280.0   4.4149243548E-005
     300.0   4.5594020982E-005
     400.0   4.8570371532E-005
     500.0   4.8715778937E-005
    1000.0   4.8535018539E-005
