   -1000.0   3.7193367146E-005
    -500.0   3.7177403073E-005
    -400.0   3.7174180557E-005
    -300.0   3.7170950873E-005
    -280.0   3.7170304069E-005
    -260.0   3.7169656973E-005
    -240.0   3.7169009583E-005
    -220.0   3.7168361898E-005
    -200.0   3.7167713913E-005
    -180.0   3.7167065626E-005
    -160.0   3.7166417035E-005
    -140.0   3.7165768147E-005
    -120.0   3.7165119464E-005
    -100.0   3.7164842456E-005
     -80.0   3.7166396483E-005
     -60.0   3.7166265950E-005
     -50.0   3.7165800609E-005
     -40.0   3.7164649664E-005
     -30.0   3.7164105008E-005
     -20.0   3.7163243900E-005
     -10.0   3.7163646164E-005
       0.0   3.7159332126E-005
      10.0   3.7155820060E-005
      20.0   3.7136278774E-005
      30.0   3.7105792250E-005
      40.0   3.7078930614E-005
      50.0   3.7062269664E-005
      60.0   3.7051315669E-005
      80.0   3.7061571801E-005
     100.0   3.7081256385E-005
     120.0   3.7096110131E-005
     140.0   3.7104630950E-005
     160.0   3.7108894082E-005
     180.0   3.7105301489E-005
     200.0   3.7092138580E-005
     220.0   3.7143490078E-005
     240.0   3.7153353264E-005
     260.0   3.7152728716E-005
     280.0   3.7152075991E-005
     300.0   3.7151421994E-005
     400.0   3.7148144304E-005
     500.0   3.7144858238E-005
    1000.0   3.7128318935E-005
