   -1000.0   3.7172450957E-005
    -500.0   3.7158564029E-005
    -400.0   3.7155757759E-005
    -300.0   3.7152944259E-005
    -280.0   3.7152380691E-005
    -260.0   3.7151816834E-005
    -240.0   3.7151252688E-005
    -220.0   3.7150688252E-005
    -200.0   3.7150123527E-005
    -180.0   3.7149558514E-005
    -160.0   3.7148993220E-005
    -140.0   3.7148429868E-005
    -120.0   3.7147886656E-005
    -100.0   3.7147353044E-005
     -80.0   3.7146814411E-005
     -60.0   3.7146340147E-005
     -50.0   3.7146296558E-005
     -40.0   3.7146374535E-005
     -30.0   3.7146336665E-005
     -20.0   3.7146065460E-005
     -10.0   3.7145614598E-005
       0.0   3.7145229324E-005
      10.0   3.7144943890E-005
      20.0   3.7144659973E-005
      30.0   3.7144275527E-005
      40.0   3.7143805728E-005
      50.0   3.7143326743E-005
      60.0   3.7142910868E-005
      80.0   3.7142273334E-005
     100.0   3.7141672210E-005
     120.0   3.7141037920E-005
     140.0   3.7140432495E-005
     160.0   3.7139883838E-005
     180.0   3.7139327949E-005
     200.0   3.7138764174E-005
     220.0   3.7138195925E-005
     240.0   3.7137625343E-005
     260.0   3.7137052528E-005
     280.0   3.7136481196E-005
     300.0   3.7135910979E-005
     400.0   3.7133046775E-005
     500.0   3.7130175240E-005
    1000.0   3.7115708315E-005
