   -1000.0   2.9055797702E-005
    -500.0   2.9059670700E-005
    -400.0   2.9060233799E-005
    -300.0   2.9060786731E-005
    -280.0   2.9060895735E-005
    -260.0   2.9061004072E-005
    -240.0   2.9061111653E-005
    -220.0   2.9061218377E-005
    -200.0   2.9061326866E-005
    -180.0   2.9061622442E-005
    -160.0   2.9062551634E-005
    -140.0   2.9064196482E-005
    -120.0   2.9076916765E-005
    -100.0   2.9347006548E-005
     -80.0   2.9177760939E-005
     -60.0   2.9172332277E-005
     -50.0   2.9161953622E-005
     -40.0   2.9173544352E-005
     -30.0   2.9189182242E-005
     -20.0   2.9210440348E-005
     -10.0   2.9249333428E-005
       0.0   2.9089739672E-005
      10.0   2.8450531630E-005
      20.0   2.7372793115E-005
      30.0   2.6354874667E-005
      40.0   2.5667924406E-005
      50.0   2.5190007188E-005
      60.0   2.5247598962E-005
      80.0   2.5727431041E-005
     100.0   2.6561689390E-005
     120.0   2.7349808168E-005
     140.0   2.7489225863E-005
     160.0   2.7325778266E-005
     180.0   2.7669294871E-005
     200.0   2.7986783003E-005
     220.0   2.8231920657E-005
     240.0   2.8539653241E-005
     260.0   2.8759764168E-005
     280.0   2.8892335763E-005
     300.0   2.9008029431E-005
     400.0   2.9064504899E-005
     500.0   2.9065033971E-005
    1000.0   2.9067492566E-005
