   -1000.0   3.0408394918E-005
    -500.0   3.0522195675E-005
    -400.0   3.0598722048E-005
    -300.0   3.0779781022E-005
    -280.0   3.0847600256E-005
    -260.0   3.0938020914E-005
    -240.0   3.1065584472E-005
    -220.0   3.1268599629E-005
    -200.0   3.1933686351E-005
    -180.0   3.3499933138E-005
    -160.0   3.6663227398E-005
    -140.0   4.1149644830E-005
    -120.0   4.8980633187E-005
    -100.0   6.5074944231E-005
     -80.0   1.5557053464E-004
     -60.0   2.8430467415E-004
     -50.0   3.5027380202E-004
     -40.0   4.2912558986E-004
     -30.0   5.5420774293E-004
     -20.0   6.1015170836E-004
     -10.0   6.0416651332E-004
       0.0   5.7727274058E-004
      10.0   4.7446191912E-004
      20.0   3.9586273425E-004
      30.0   3.6492852073E-004
      40.0   2.8214326094E-004
      50.0   2.1880899633E-004
      60.0   1.7294765096E-004
      80.0   1.0509210555E-004
     100.0   5.7179843394E-005
     120.0   4.4643548107E-005
     140.0   3.7643635689E-005
     160.0   3.2822629529E-005
     180.0   2.9863057482E-005
     200.0   2.8591567238E-005
     220.0   2.8101275584E-005
     240.0   2.8088973169E-005
     260.0   2.8269766379E-005
     280.0   2.8410622883E-005
     300.0   2.8758202924E-005
     400.0   3.0476395760E-005
     500.0   3.0494508023E-005
    1000.0   3.0447864758E-005
