   -1000.0   4.6212726133E-005
    -500.0   4.6277286199E-005
    -400.0   4.6290127337E-005
    -300.0   4.6302959502E-005
    -280.0   4.6305524856E-005
    -260.0   4.6308089849E-005
    -240.0   4.6310654482E-005
    -220.0   4.6313218753E-005
    -200.0   4.6315783362E-005
    -180.0   4.6318347637E-005
    -160.0   4.6320910924E-005
    -140.0   4.6323474826E-005
    -120.0   4.6326038168E-005
    -100.0   4.6328620232E-005
     -80.0   4.6331189839E-005
     -60.0   4.6333758333E-005
     -50.0   4.6335042432E-005
     -40.0   4.6336326158E-005
     -30.0   4.6337612702E-005
     -20.0   4.6338898788E-005
     -10.0   4.6340212900E-005
       0.0   4.6341467160E-005
      10.0   4.6342758128E-005
      20.0   4.6344005019E-005
      30.0   4.6345274542E-005
      40.0   4.6346545753E-005
      50.0   4.6347820331E-005
      60.0   4.6348488324E-005
      80.0   4.6334759957E-005
     100.0   4.6331935410E-005
     120.0   4.6333275463E-005
     140.0   4.6336258131E-005
     160.0   4.6339693614E-005
     180.0   4.6340293164E-005
     200.0   4.6342918186E-005
     220.0   4.6344064069E-005
     240.0   4.6348156818E-005
     260.0   4.6354907244E-005
     280.0   4.6361923273E-005
     300.0   4.6366314833E-005
     400.0   4.6392526657E-005
     500.0   4.6405290651E-005
    1000.0   4.6468953026E-005
