   -1000.0   6.5059571806E-005
    -500.0   6.5096839232E-005
    -400.0   6.5104212909E-005
    -300.0   6.5111573052E-005
    -280.0   6.5113043420E-005
    -260.0   6.5114513221E-005
    -240.0   6.5115982447E-005
    -220.0   6.5117451087E-005
    -200.0   6.5118921871E-005
    -180.0   6.5120397177E-005
    -160.0   6.5121875847E-005
    -140.0   6.5123360118E-005
    -120.0   6.5124952823E-005
    -100.0   6.5126631454E-005
     -80.0   6.5128247963E-005
     -60.0   6.5129883080E-005
     -50.0   6.5130648240E-005
     -40.0   6.5131425812E-005
     -30.0   6.5132156402E-005
     -20.0   6.5133261523E-005
     -10.0   6.5134913419E-005
       0.0   6.5134793558E-005
      10.0   6.5135201261E-005
      20.0   6.5135650944E-005
      30.0   6.5129569962E-005
      40.0   6.5084365000E-005
      50.0   6.4951674456E-005
      60.0   6.4788443740E-005
      80.0   6.4560125223E-005
     100.0   6.4526341125E-005
     120.0   6.4536816341E-005
     140.0   6.4503470233E-005
     160.0   6.4420452814E-005
     180.0   6.4367977835E-005
     200.0   6.4362302864E-005
     220.0   6.4455119428E-005
     240.0   6.4433845801E-005
     260.0   6.4250550148E-005
     280.0   6.3898977050E-005
     300.0   6.3877858982E-005
     400.0   6.4967994350E-005
     500.0   6.5169972277E-005
    1000.0   6.5206067470E-005
