   -1000.0   5.6290837727E-005
    -500.0   5.6341530639E-005
    -400.0   5.6351115438E-005
    -300.0   5.6360705490E-005
    -280.0   5.6362627001E-005
    -260.0   5.6364551243E-005
    -240.0   5.6366479647E-005
    -220.0   5.6368414553E-005
    -200.0   5.6370360016E-005
    -180.0   5.6372323604E-005
    -160.0   5.6374320998E-005
    -140.0   5.6376390021E-005
    -120.0   5.6378648679E-005
    -100.0   5.6386648630E-005
     -80.0   5.7788061304E-005
     -60.0   6.1298103192E-005
     -50.0   6.1540198458E-005
     -40.0   6.3364572213E-005
     -30.0   6.1956845799E-005
     -20.0   6.0994181866E-005
     -10.0   6.0374953055E-005
       0.0   5.9840283909E-005
      10.0   5.9809087953E-005
      20.0   6.0371031374E-005
      30.0   6.1175483317E-005
      40.0   6.2247574920E-005
      50.0   6.0913156613E-005
      60.0   5.9454273141E-005
      80.0   5.5821290363E-005
     100.0   5.0706647722E-005
     120.0   5.2550652948E-005
     140.0   5.3626596052E-005
     160.0   5.4468327519E-005
     180.0   5.4885833738E-005
     200.0   5.5446578864E-005
     220.0   5.5454262582E-005
     240.0   5.4672573995E-005
     260.0   5.5426079479E-005
     280.0   5.6415041890E-005
     300.0   5.6417423220E-005
     400.0   5.6427217391E-005
     500.0   5.6436727481E-005
    1000.0   5.6483940202E-005
