   -1000.0   4.4836443507E-005
    -500.0   4.4920612129E-005
    -400.0   4.4934734170E-005
    -300.0   4.4948992661E-005
    -280.0   4.4951923947E-005
    -260.0   4.4978895878E-005
    -240.0   4.5005607437E-005
    -220.0   4.5107872627E-005
    -200.0   4.5337965192E-005
    -180.0   4.5421697841E-005
    -160.0   4.5715414479E-005
    -140.0   4.5723671946E-005
    -120.0   4.8674425658E-005
    -100.0   5.0483150404E-005
     -80.0   5.3305967478E-005
     -60.0   5.6208521747E-005
     -50.0   5.8861773570E-005
     -40.0   6.0705936027E-005
     -30.0   6.0832384105E-005
     -20.0   6.1039232346E-005
     -10.0   6.5597613947E-005
       0.0   7.5331415098E-005
      10.0   6.5942610641E-005
      20.0   5.6934716649E-005
      30.0   5.2097844298E-005
      40.0   4.9375058932E-005
      50.0   4.8230568355E-005
      60.0   4.7443157713E-005
      80.0   4.6279047176E-005
     100.0   4.5645077592E-005
     120.0   4.5981596615E-005
     140.0   4.3887750292E-005
     160.0   4.3345384119E-005
     180.0   4.4044719197E-005
     200.0   4.4337286157E-005
     220.0   4.4146288736E-005
     240.0   4.4142098994E-005
     260.0   4.4294332151E-005
     280.0   4.4344678414E-005
     300.0   4.4651705143E-005
     400.0   4.5046553257E-005
     500.0   4.5060618471E-005
    1000.0   4.5130292704E-005
