   -1000.0   4.7795975155E-005
    -500.0   4.7939168886E-005
    -400.0   4.8013379375E-005
    -300.0   4.8163068918E-005
    -280.0   4.8213180284E-005
    -260.0   4.8275625389E-005
    -240.0   4.8355301839E-005
    -220.0   4.8460169674E-005
    -200.0   4.8604870191E-005
    -180.0   4.8826223505E-005
    -160.0   4.9523254764E-005
    -140.0   5.4236939096E-005
    -120.0   5.5427496777E-005
    -100.0   5.7693297472E-005
     -80.0   6.0778145369E-005
     -60.0   8.3532383739E-005
     -50.0   1.1130893375E-004
     -40.0   1.4748886075E-004
     -30.0   1.9978030925E-004
     -20.0   2.4741040029E-004
     -10.0   3.1551199134E-004
       0.0   3.4890313588E-004
      10.0   1.7054334443E-004
      20.0   1.5763765455E-004
      30.0   1.6332729493E-004
      40.0   1.2341402973E-004
      50.0   1.0149784646E-004
      60.0   7.9902442810E-005
      80.0   5.8153872999E-005
     100.0   5.5886738391E-005
     120.0   5.3576962320E-005
     140.0   5.2258693395E-005
     160.0   4.8028598636E-005
     180.0   4.7390661285E-005
     200.0   4.7867624889E-005
     220.0   4.8095300002E-005
     240.0   4.8213988498E-005
     260.0   4.8245370659E-005
     280.0   4.8318857303E-005
     300.0   4.8304708083E-005
     400.0   4.8102160690E-005
     500.0   4.8057131462E-005
    1000.0   4.8042732098E-005
