   -1000.0   6.5261375187E-005
    -500.0   6.5298122713E-005
    -400.0   6.5305392105E-005
    -300.0   6.5312648302E-005
    -280.0   6.5314097955E-005
    -260.0   6.5315547077E-005
    -240.0   6.5316995667E-005
    -220.0   6.5318443729E-005
    -200.0   6.5319891262E-005
    -180.0   6.5321338278E-005
    -160.0   6.5322784765E-005
    -140.0   6.5324230717E-005
    -120.0   6.5325676136E-005
    -100.0   6.5327121004E-005
     -80.0   6.5328565266E-005
     -60.0   6.5330008849E-005
     -50.0   6.5330730304E-005
     -40.0   6.5331451461E-005
     -30.0   6.5332171927E-005
     -20.0   6.5332891119E-005
     -10.0   6.5333567851E-005
       0.0   6.5335227334E-005
      10.0   6.5321944117E-005
      20.0   6.5308760847E-005
      30.0   6.5309854486E-005
      40.0   6.5309372192E-005
      50.0   6.5311668523E-005
      60.0   6.5313308474E-005
      80.0   6.5316278397E-005
     100.0   6.5314510448E-005
     120.0   6.5313875878E-005
     140.0   6.5306758449E-005
     160.0   6.5296335314E-005
     180.0   6.5275177651E-005
     200.0   6.5252974052E-005
     220.0   6.5233469895E-005
     240.0   6.5215355255E-005
     260.0   6.5221296878E-005
     280.0   6.5231458840E-005
     300.0   6.5245359723E-005
     400.0   6.5363068792E-005
     500.0   6.5370221773E-005
    1000.0   6.5405773419E-005
