   -1000.0   4.5566800801E-005
    -500.0   4.5636854853E-005
    -400.0   4.5650804870E-005
    -300.0   4.5664740775E-005
    -280.0   4.5667555358E-005
    -260.0   4.5670609135E-005
    -240.0   4.5681643834E-005
    -220.0   4.5677647399E-005
    -200.0   4.5686125959E-005
    -180.0   4.5682423299E-005
    -160.0   4.5698594524E-005
    -140.0   4.5712419647E-005
    -120.0   4.5710836805E-005
    -100.0   4.5716693164E-005
     -80.0   4.5718129472E-005
     -60.0   4.5723131535E-005
     -50.0   4.5726233148E-005
     -40.0   4.5731884920E-005
     -30.0   4.5736388586E-005
     -20.0   4.5753116974E-005
     -10.0   4.5794647652E-005
       0.0   4.3935405312E-005
      10.0   3.8677648085E-005
      20.0   4.0025818394E-005
      30.0   4.0826173524E-005
      40.0   4.1178852567E-005
      50.0   4.1652956314E-005
      60.0   4.1104297387E-005
      80.0   4.5650583554E-005
     100.0   4.5730901678E-005
     120.0   4.5730182482E-005
     140.0   4.5731976795E-005
     160.0   4.5751040127E-005
     180.0   4.5735591942E-005
     200.0   4.5800533343E-005
     220.0   4.5738988607E-005
     240.0   4.5740253136E-005
     260.0   4.5652596140E-005
     280.0   4.5684032630E-005
     300.0   4.5549418077E-005
     400.0   4.5762113817E-005
     500.0   4.5776006212E-005
    1000.0   4.5845262683E-005
