   -1000.0   9.9130465197E-005
    -500.0   9.9139580044E-005
    -400.0   9.9137039684E-005
    -300.0   9.9134483976E-005
    -280.0   9.9133972329E-005
    -260.0   9.9133461321E-005
    -240.0   9.9132951746E-005
    -220.0   9.9132444982E-005
    -200.0   9.9131943515E-005
    -180.0   9.9131452346E-005
    -160.0   9.9130983234E-005
    -140.0   9.9130622318E-005
    -120.0   9.9242451229E-005
    -100.0   9.9408936659E-005
     -80.0   1.0144929001E-004
     -60.0   1.0616743861E-004
     -50.0   1.0656954648E-004
     -40.0   1.0807520634E-004
     -30.0   1.0372643249E-004
     -20.0   1.0299707549E-004
     -10.0   1.0286269490E-004
       0.0   1.0308881026E-004
      10.0   1.0207042832E-004
      20.0   1.0222239387E-004
      30.0   1.0309904766E-004
      40.0   1.0289418909E-004
      50.0   1.0039314656E-004
      60.0   9.7959031900E-005
      80.0   9.4654630088E-005
     100.0   9.0974250398E-005
     120.0   8.8536042114E-005
     140.0   8.6534660068E-005
     160.0   8.6991036104E-005
     180.0   8.8531267646E-005
     200.0   8.8419157101E-005
     220.0   8.8915786297E-005
     240.0   8.9478374390E-005
     260.0   9.3607810727E-005
     280.0   9.6372474399E-005
     300.0   9.7626471645E-005
     400.0   9.9115580799E-005
     500.0   9.9113011851E-005
    1000.0   9.9099158626E-005
