   -1000.0   4.9409560960E-005
    -500.0   4.9488154002E-005
    -400.0   4.9500831354E-005
    -300.0   4.9513743221E-005
    -280.0   4.9521574744E-005
    -260.0   4.9528904720E-005
    -240.0   4.9634933499E-005
    -220.0   4.9720299694E-005
    -200.0   4.9665058739E-005
    -180.0   4.9982820273E-005
    -160.0   5.0660161432E-005
    -140.0   5.1718245759E-005
    -120.0   5.3171074099E-005
    -100.0   5.4921964094E-005
     -80.0   5.6447197664E-005
     -60.0   5.7383979543E-005
     -50.0   5.7245538665E-005
     -40.0   5.7168361684E-005
     -30.0   5.5818385567E-005
     -20.0   5.5851575810E-005
     -10.0   5.5471230107E-005
       0.0   4.9333228189E-005
      10.0   4.7813321500E-005
      20.0   4.9968302306E-005
      30.0   4.8187908378E-005
      40.0   4.6668693721E-005
      50.0   4.5177610484E-005
      60.0   4.1020482993E-005
      80.0   4.2626548665E-005
     100.0   4.6355488541E-005
     120.0   5.0431196911E-005
     140.0   5.0669860331E-005
     160.0   5.0651299037E-005
     180.0   4.9852610773E-005
     200.0   4.9558949291E-005
     220.0   4.9361829760E-005
     240.0   4.8832196486E-005
     260.0   4.8890830460E-005
     280.0   4.9257132050E-005
     300.0   4.8999125412E-005
     400.0   4.9601390778E-005
     500.0   4.9614082534E-005
    1000.0   4.9676776225E-005
