   -1000.0   5.9942271716E-005
    -500.0   5.9986550597E-005
    -400.0   5.9995362700E-005
    -300.0   6.0004162579E-005
    -280.0   6.0005921059E-005
    -260.0   6.0007679026E-005
    -240.0   6.0009436477E-005
    -220.0   6.0011193408E-005
    -200.0   6.0012949905E-005
    -180.0   6.0014705912E-005
    -160.0   6.0016461358E-005
    -140.0   6.0018216053E-005
    -120.0   6.0019969890E-005
    -100.0   6.0021722383E-005
     -80.0   6.0023473011E-005
     -60.0   6.0025218990E-005
     -50.0   6.0026088168E-005
     -40.0   6.0026951154E-005
     -30.0   6.0027799215E-005
     -20.0   6.0028596173E-005
     -10.0   6.0029015958E-005
       0.0   5.6948917018E-005
      10.0   5.9792426093E-005
      20.0   5.9869351032E-005
      30.0   5.9899238745E-005
      40.0   5.9913901694E-005
      50.0   5.9922765173E-005
      60.0   5.9927013592E-005
      80.0   5.9903354367E-005
     100.0   5.9727695559E-005
     120.0   5.9652121256E-005
     140.0   5.9621363564E-005
     160.0   5.9559297212E-005
     180.0   5.9507548308E-005
     200.0   5.9454127165E-005
     220.0   5.9452009684E-005
     240.0   5.9518569947E-005
     260.0   5.9628811173E-005
     280.0   5.9740072967E-005
     300.0   5.9807917007E-005
     400.0   6.0065425069E-005
     500.0   6.0074131165E-005
    1000.0   6.0117468362E-005
