   -1000.0   6.4630492780E-005
    -500.0   6.4667797819E-005
    -400.0   6.4674920885E-005
    -300.0   6.4682014856E-005
    -280.0   6.4683429073E-005
    -260.0   6.4684841936E-005
    -240.0   6.4686255111E-005
    -220.0   6.4687686950E-005
    -200.0   6.4722109439E-005
    -180.0   6.4813098955E-005
    -160.0   6.4974802791E-005
    -140.0   6.5036956539E-005
    -120.0   6.5076549760E-005
    -100.0   6.5158339513E-005
     -80.0   6.5181938123E-005
     -60.0   6.5176062213E-005
     -50.0   6.5193324833E-005
     -40.0   6.5194023074E-005
     -30.0   6.5333735712E-005
     -20.0   6.5422168855E-005
     -10.0   6.3346136591E-005
       0.0   5.8074811712E-005
      10.0   5.8951147580E-005
      20.0   5.9605853542E-005
      30.0   6.0077697842E-005
      40.0   6.0544925273E-005
      50.0   6.1065430945E-005
      60.0   6.1571347132E-005
      80.0   6.2410976739E-005
     100.0   6.2033494473E-005
     120.0   6.1097083806E-005
     140.0   5.9881627789E-005
     160.0   5.9321765194E-005
     180.0   5.8773696342E-005
     200.0   5.8090660255E-005
     220.0   5.5278456463E-005
     240.0   5.4663605075E-005
     260.0   5.4028131108E-005
     280.0   5.4494242252E-005
     300.0   5.5607856535E-005
     400.0   6.4730727089E-005
     500.0   6.4738433660E-005
    1000.0   6.4773585158E-005
