   -1000.0   6.5326272105E-005
    -500.0   6.5370857380E-005
    -400.0   6.5377933015E-005
    -300.0   6.5385002458E-005
    -280.0   6.5386416892E-005
    -260.0   6.5387832233E-005
    -240.0   6.5389249166E-005
    -220.0   6.5390668853E-005
    -200.0   6.5392093346E-005
    -180.0   6.5393526646E-005
    -160.0   6.5394977474E-005
    -140.0   6.5396468561E-005
    -120.0   6.5398081026E-005
    -100.0   6.5400480534E-005
     -80.0   6.8622884500E-005
     -60.0   6.9373996716E-005
     -50.0   7.0562979311E-005
     -40.0   7.1449659292E-005
     -30.0   6.9682400047E-005
     -20.0   6.9080210390E-005
     -10.0   6.8976206431E-005
       0.0   6.9009900423E-005
      10.0   6.8742756246E-005
      20.0   6.8289983351E-005
      30.0   6.8146005723E-005
      40.0   6.7934768152E-005
      50.0   6.6221637406E-005
      60.0   6.4567076383E-005
      80.0   6.3710111046E-005
     100.0   6.2228714857E-005
     120.0   6.2810523799E-005
     140.0   6.3104819063E-005
     160.0   6.3265225987E-005
     180.0   6.3660001387E-005
     200.0   6.2402469022E-005
     220.0   6.4889015960E-005
     240.0   6.5422436372E-005
     260.0   6.5424053353E-005
     280.0   6.5425525922E-005
     300.0   6.5426958405E-005
     400.0   6.5433979489E-005
     500.0   6.5440943333E-005
    1000.0   6.5475514771E-005
