   -1000.0   5.6737222481E-005
    -500.0   5.6786389691E-005
    -400.0   5.6796177905E-005
    -300.0   5.6805954656E-005
    -280.0   5.6807908613E-005
    -260.0   5.6809862101E-005
    -240.0   5.6811815115E-005
    -220.0   5.6813767650E-005
    -200.0   5.6815720016E-005
    -180.0   5.6817672629E-005
    -160.0   5.6819625165E-005
    -140.0   5.6821577458E-005
    -120.0   5.6823535607E-005
    -100.0   5.6825523065E-005
     -80.0   5.6827497864E-005
     -60.0   5.6829479584E-005
     -50.0   5.6830468488E-005
     -40.0   5.6831457251E-005
     -30.0   5.6832444880E-005
     -20.0   5.6833442317E-005
     -10.0   5.6834578543E-005
       0.0   5.6835483379E-005
      10.0   5.6836327301E-005
      20.0   5.6837236511E-005
      30.0   5.6838175270E-005
      40.0   5.6839115059E-005
      50.0   5.6811807703E-005
      60.0   5.6733028617E-005
      80.0   5.6574333748E-005
     100.0   5.6537551104E-005
     120.0   5.6543850958E-005
     140.0   5.6537963585E-005
     160.0   5.6519536511E-005
     180.0   5.6487527761E-005
     200.0   5.6460261096E-005
     220.0   5.6491450683E-005
     240.0   5.6534918960E-005
     260.0   5.6541977096E-005
     280.0   5.6398012248E-005
     300.0   5.6296009881E-005
     400.0   5.6738760521E-005
     500.0   5.6883757094E-005
    1000.0   5.6932023795E-005
