   -1000.0   5.6231917680E-005
    -500.0   5.6284850791E-005
    -400.0   5.6295245307E-005
    -300.0   5.6305628496E-005
    -280.0   5.6307703761E-005
    -260.0   5.6309778565E-005
    -240.0   5.6311852907E-005
    -220.0   5.6313926786E-005
    -200.0   5.6316000206E-005
    -180.0   5.6318073219E-005
    -160.0   5.6320513313E-005
    -140.0   5.6322923466E-005
    -120.0   5.6325330809E-005
    -100.0   5.6327616735E-005
     -80.0   5.6330029886E-005
     -60.0   5.6334761971E-005
     -50.0   5.6345572170E-005
     -40.0   5.6347049736E-005
     -30.0   5.6357844162E-005
     -20.0   5.6350503437E-005
     -10.0   5.6349761823E-005
       0.0   5.6348066349E-005
      10.0   5.6347510184E-005
      20.0   5.6350430717E-005
      30.0   5.6356083075E-005
      40.0   5.6351305914E-005
      50.0   5.6350180907E-005
      60.0   5.6347311496E-005
      80.0   5.6346567371E-005
     100.0   5.6348259324E-005
     120.0   5.6350078499E-005
     140.0   5.6346320769E-005
     160.0   5.5848651603E-005
     180.0   5.5023304679E-005
     200.0   5.5346482247E-005
     220.0   5.5494526945E-005
     240.0   5.5758074247E-005
     260.0   5.5867703524E-005
     280.0   5.6016504670E-005
     300.0   5.6108416758E-005
     400.0   5.6377962511E-005
     500.0   5.6388286975E-005
    1000.0   5.6439592847E-005
