   -1000.0   4.6340213611E-004
    -500.0   4.6555807181E-004
    -400.0   4.6596285087E-004
    -300.0   4.6651754192E-004
    -280.0   4.6667078942E-004
    -260.0   4.6685182645E-004
    -240.0   4.6707473485E-004
    -220.0   4.6736812322E-004
    -200.0   4.6781676132E-004
    -180.0   4.7325483114E-004
    -160.0   5.1680568194E-004
    -140.0   5.5927139427E-004
    -120.0   5.8852195495E-004
    -100.0   6.5604917161E-004
     -80.0   7.6295432622E-004
     -60.0   9.1645330428E-004
     -50.0   2.4532011386E-003
     -40.0   3.8820140091E-003
     -30.0   5.7898367542E-003
     -20.0   5.7509675144E-003
     -10.0   4.1138850703E-003
       0.0   3.1471822336E-003
      10.0   2.8175302279E-003
      20.0   3.8737392460E-003
      30.0   4.1402614276E-003
      40.0   2.9038352056E-003
      50.0   2.0888486716E-003
      60.0   9.0701434840E-004
      80.0   7.5340091318E-004
     100.0   6.4094651500E-004
     120.0   5.8022613107E-004
     140.0   5.5146961639E-004
     160.0   5.1651838647E-004
     180.0   4.9528387648E-004
     200.0   4.8944359773E-004
     220.0   4.8223109019E-004
     240.0   4.8096267163E-004
     260.0   4.7682966757E-004
     280.0   4.7481294762E-004
     300.0   4.7338866900E-004
     400.0   4.6833523173E-004
     500.0   4.6847673828E-004
    1000.0   4.6978108847E-004
