   -1000.0   5.1442642691E-005
    -500.0   5.1525551133E-005
    -400.0   5.1553211499E-005
    -300.0   5.1598928358E-005
    -280.0   5.1612801509E-005
    -260.0   5.1629506654E-005
    -240.0   5.1650113501E-005
    -220.0   5.1676390031E-005
    -200.0   5.1712957962E-005
    -180.0   5.2062769704E-005
    -160.0   5.2357047155E-005
    -140.0   5.2577305067E-005
    -120.0   5.2915319471E-005
    -100.0   5.3407691771E-005
     -80.0   5.4138544311E-005
     -60.0   5.5583156107E-005
     -50.0   6.0250433565E-005
     -40.0   6.6654197056E-005
     -30.0   7.4555140835E-005
     -20.0   8.1734937761E-005
     -10.0   1.9851368441E-004
       0.0   5.3163337808E-004
      10.0   1.0702173975E-004
      20.0   7.7207409265E-005
      30.0   6.9983982250E-005
      40.0   6.3426205309E-005
      50.0   5.8799184821E-005
      60.0   5.5036083759E-005
      80.0   5.3900062765E-005
     100.0   5.3252582098E-005
     120.0   5.2816732487E-005
     140.0   5.2434410322E-005
     160.0   5.1878939710E-005
     180.0   4.8570346218E-005
     200.0   4.5704102855E-005
     220.0   4.7916514440E-005
     240.0   4.8948819534E-005
     260.0   4.9681878346E-005
     280.0   5.0218548920E-005
     300.0   5.0545869775E-005
     400.0   5.1505014995E-005
     500.0   5.1646246400E-005
    1000.0   5.1691592803E-005
