   -1000.0   5.9663336017E-005
    -500.0   5.9707333466E-005
    -400.0   5.9716050512E-005
    -300.0   5.9724750501E-005
    -280.0   5.9726488144E-005
    -260.0   5.9728224930E-005
    -240.0   5.9729960847E-005
    -220.0   5.9731695933E-005
    -200.0   5.9733430339E-005
    -180.0   5.9735164559E-005
    -160.0   5.9736900741E-005
    -140.0   5.9741332059E-005
    -120.0   5.9750962925E-005
    -100.0   5.9780610382E-005
     -80.0   5.9942900719E-005
     -60.0   6.0017098457E-005
     -50.0   6.0019379511E-005
     -40.0   6.0032746602E-005
     -30.0   6.0120719886E-005
     -20.0   6.0256285513E-005
     -10.0   6.0363122800E-005
       0.0   6.0179335787E-005
      10.0   6.0079213811E-005
      20.0   6.0073249986E-005
      30.0   6.0003894018E-005
      40.0   5.9799325633E-005
      50.0   5.9552793998E-005
      60.0   5.9445406868E-005
      80.0   5.8565963728E-005
     100.0   5.6354004509E-005
     120.0   5.4679005026E-005
     140.0   5.3508848679E-005
     160.0   5.4105185757E-005
     180.0   5.5980474890E-005
     200.0   5.7053744665E-005
     220.0   5.7595123079E-005
     240.0   5.8259993451E-005
     260.0   5.8181611245E-005
     280.0   5.8194124962E-005
     300.0   5.8317631194E-005
     400.0   5.9784429830E-005
     500.0   5.9793864901E-005
    1000.0   5.9836956084E-005
