   -1000.0   5.6016269438E-005
    -500.0   5.6070162024E-005
    -400.0   5.6080384264E-005
    -300.0   5.6090593661E-005
    -280.0   5.6092633836E-005
    -260.0   5.6094673385E-005
    -240.0   5.6096724055E-005
    -220.0   5.6100288556E-005
    -200.0   5.6101094402E-005
    -180.0   5.6103013858E-005
    -160.0   5.6105728596E-005
    -140.0   5.6107714845E-005
    -120.0   5.6110256858E-005
    -100.0   5.6112515304E-005
     -80.0   5.6114878889E-005
     -60.0   5.6117438783E-005
     -50.0   5.6118748065E-005
     -40.0   5.6120284422E-005
     -30.0   5.6123732696E-005
     -20.0   5.6126606569E-005
     -10.0   5.6206267976E-005
       0.0   5.8282360719E-005
      10.0   5.5646734510E-005
      20.0   5.4819628629E-005
      30.0   5.4361186988E-005
      40.0   5.4351796297E-005
      50.0   5.4494798479E-005
      60.0   5.4777390468E-005
      80.0   5.4583517289E-005
     100.0   5.4447566925E-005
     120.0   5.4356533766E-005
     140.0   5.4448586525E-005
     160.0   5.3653136537E-005
     180.0   5.3511458328E-005
     200.0   5.3389947267E-005
     220.0   5.3182737955E-005
     240.0   5.3102713564E-005
     260.0   5.2836899442E-005
     280.0   5.3232271497E-005
     300.0   5.3909919865E-005
     400.0   5.6161208269E-005
     500.0   5.6171866582E-005
    1000.0   5.6222354520E-005
