   -1000.0   5.9942547390E-005
    -500.0   5.9986791763E-005
    -400.0   5.9995602207E-005
    -300.0   6.0004398733E-005
    -280.0   6.0006156128E-005
    -260.0   6.0007912776E-005
    -240.0   6.0009668607E-005
    -220.0   6.0011423541E-005
    -200.0   6.0013177462E-005
    -180.0   6.0014930099E-005
    -160.0   6.0016681070E-005
    -140.0   6.0018429536E-005
    -120.0   6.0020174480E-005
    -100.0   6.0021911385E-005
     -80.0   6.0023634694E-005
     -60.0   6.0025323783E-005
     -50.0   6.0026137573E-005
     -40.0   6.0026901035E-005
     -30.0   6.0027539724E-005
     -20.0   6.0027746814E-005
     -10.0   6.0024762839E-005
       0.0   4.8624008333E-005
      10.0   5.8357056360E-005
      20.0   5.9000341650E-005
      30.0   5.9085918052E-005
      40.0   5.9117716166E-005
      50.0   5.9172285902E-005
      60.0   5.9210275343E-005
      80.0   5.9072462859E-005
     100.0   5.8348734921E-005
     120.0   5.8390014538E-005
     140.0   5.8499863883E-005
     160.0   5.8517960711E-005
     180.0   5.8598389357E-005
     200.0   5.8594147191E-005
     220.0   5.8642201461E-005
     240.0   5.8806217230E-005
     260.0   5.9129507671E-005
     280.0   5.9289062672E-005
     300.0   5.9553790580E-005
     400.0   6.0065645858E-005
     500.0   6.0074366936E-005
    1000.0   6.0117711534E-005
