   -1000.0   4.9986116812E-005
    -500.0   5.0045639600E-005
    -400.0   5.0058361437E-005
    -300.0   5.0072567241E-005
    -280.0   5.0075816243E-005
    -260.0   5.0079337991E-005
    -240.0   5.0083435716E-005
    -220.0   5.0124236419E-005
    -200.0   5.0157971939E-005
    -180.0   5.0195189442E-005
    -160.0   5.0236133136E-005
    -140.0   5.0295517233E-005
    -120.0   5.0376151831E-005
    -100.0   5.0444068178E-005
     -80.0   5.0555153674E-005
     -60.0   5.0696555389E-005
     -50.0   5.0803727129E-005
     -40.0   5.1002381563E-005
     -30.0   5.1403133471E-005
     -20.0   5.2362382773E-005
     -10.0   5.6155740865E-005
       0.0   6.1342230368E-005
      10.0   4.7736397762E-005
      20.0   4.7232572072E-005
      30.0   4.6729411356E-005
      40.0   4.6196776987E-005
      50.0   4.5368789812E-005
      60.0   4.5016537289E-005
      80.0   4.4149196123E-005
     100.0   4.2300920807E-005
     120.0   3.8609330366E-005
     140.0   3.8744262412E-005
     160.0   3.9481032250E-005
     180.0   4.1579167462E-005
     200.0   4.4789164118E-005
     220.0   4.5842749801E-005
     240.0   4.5501552608E-005
     260.0   4.6829193462E-005
     280.0   4.7529775559E-005
     300.0   4.8314560888E-005
     400.0   5.0144187474E-005
     500.0   5.0158841264E-005
    1000.0   5.0215929009E-005
