   -1000.0   5.0983650335E-005
    -500.0   5.1046843860E-005
    -400.0   5.1059328686E-005
    -300.0   5.1071979302E-005
    -280.0   5.1074577008E-005
    -260.0   5.1080358881E-005
    -240.0   5.1090765910E-005
    -220.0   5.1099049082E-005
    -200.0   5.1110507275E-005
    -180.0   5.1121506368E-005
    -160.0   5.1138795476E-005
    -140.0   5.1163125507E-005
    -120.0   5.1401519639E-005
    -100.0   5.2622361861E-005
     -80.0   5.3849493466E-005
     -60.0   5.3609637344E-005
     -50.0   5.3997026031E-005
     -40.0   5.4643387790E-005
     -30.0   5.4919469849E-005
     -20.0   5.4707376454E-005
     -10.0   5.4768116354E-005
       0.0   6.9836326440E-005
      10.0   5.4003677443E-005
      20.0   5.3223021872E-005
      30.0   5.0366960321E-005
      40.0   4.8378819268E-005
      50.0   4.8425634498E-005
      60.0   4.7659161961E-005
      80.0   4.5194914400E-005
     100.0   4.3336925967E-005
     120.0   4.1854193709E-005
     140.0   3.7770001250E-005
     160.0   3.7866235195E-005
     180.0   3.8803927446E-005
     200.0   4.2876972597E-005
     220.0   4.5013770574E-005
     240.0   4.5657135068E-005
     260.0   4.5621159363E-005
     280.0   4.5782822469E-005
     300.0   4.8128193667E-005
     400.0   5.1152010593E-005
     500.0   5.1169121487E-005
    1000.0   5.1231357521E-005
