   -1000.0   5.1337630977E-005
    -500.0   5.1395732329E-005
    -400.0   5.1407314607E-005
    -300.0   5.1418886174E-005
    -280.0   5.1421199119E-005
    -260.0   5.1423511570E-005
    -240.0   5.1425823549E-005
    -220.0   5.1428134915E-005
    -200.0   5.1430446567E-005
    -180.0   5.1432757369E-005
    -160.0   5.1435066913E-005
    -140.0   5.1437375257E-005
    -120.0   5.1439682265E-005
    -100.0   5.1441986512E-005
     -80.0   5.1444285861E-005
     -60.0   5.1446572975E-005
     -50.0   5.1447706553E-005
     -40.0   5.1448822555E-005
     -30.0   5.1449895750E-005
     -20.0   5.1450824560E-005
     -10.0   5.1450755447E-005
       0.0   4.6604582829E-005
      10.0   5.0590712085E-005
      20.0   5.0938841479E-005
      30.0   5.1066952403E-005
      40.0   5.1131798213E-005
      50.0   5.1166520983E-005
      60.0   5.1192819821E-005
      80.0   5.1066788364E-005
     100.0   5.1078572660E-005
     120.0   5.1018139203E-005
     140.0   5.1074915497E-005
     160.0   5.1279613868E-005
     180.0   5.1293195655E-005
     200.0   5.1330914463E-005
     220.0   5.1303897770E-005
     240.0   5.1294772429E-005
     260.0   5.1280225064E-005
     280.0   5.1338940355E-005
     300.0   5.1370683448E-005
     400.0   5.1499608201E-005
     500.0   5.1511103801E-005
    1000.0   5.1568409108E-005
