   -1000.0   5.6080340257E-005
    -500.0   5.6185276216E-005
    -400.0   5.6208735152E-005
    -300.0   5.6248554952E-005
    -280.0   5.6261283655E-005
    -260.0   5.6277239555E-005
    -240.0   5.6298179814E-005
    -220.0   5.6327884503E-005
    -200.0   5.6380961301E-005
    -180.0   5.8961836399E-005
    -160.0   6.3866399699E-005
    -140.0   7.1016610311E-005
    -120.0   8.3524135555E-005
    -100.0   9.7368383776E-005
     -80.0   1.5915721300E-004
     -60.0   3.9671352979E-004
     -50.0   4.8848534527E-004
     -40.0   5.1123558673E-004
     -30.0   4.9311593840E-004
     -20.0   6.3520756704E-004
     -10.0   5.3020418472E-004
       0.0   5.1102252130E-004
      10.0   4.9653884015E-004
      20.0   4.4009216694E-004
      30.0   3.8894619606E-004
      40.0   3.5073151892E-004
      50.0   3.0603221781E-004
      60.0   2.6523493085E-004
      80.0   1.5802616548E-004
     100.0   9.6643669060E-005
     120.0   8.2915562621E-005
     140.0   7.1362086851E-005
     160.0   6.4350907046E-005
     180.0   5.9838382260E-005
     200.0   5.7333471151E-005
     220.0   5.7090854076E-005
     240.0   5.6795686671E-005
     260.0   5.6620379162E-005
     280.0   5.6443989348E-005
     300.0   5.6157458568E-005
     400.0   5.4528471162E-005
     500.0   5.6294870135E-005
    1000.0   5.6338002180E-005
