   -1000.0   5.3441635459E-005
    -500.0   5.3493919568E-005
    -400.0   5.3504337835E-005
    -300.0   5.3514793619E-005
    -280.0   5.3516897753E-005
    -260.0   5.3519010773E-005
    -240.0   5.3521136839E-005
    -220.0   5.3523282846E-005
    -200.0   5.3525461366E-005
    -180.0   5.3527699993E-005
    -160.0   5.3530097025E-005
    -140.0   5.3589742293E-005
    -120.0   5.3685341036E-005
    -100.0   5.3762015089E-005
     -80.0   5.3843216443E-005
     -60.0   5.3919869222E-005
     -50.0   5.3981473084E-005
     -40.0   5.4044253526E-005
     -30.0   5.4172124580E-005
     -20.0   5.4560419967E-005
     -10.0   5.7721633791E-005
       0.0   5.7687444021E-005
      10.0   5.4827190004E-005
      20.0   5.3418952035E-005
      30.0   5.2010323653E-005
      40.0   5.0665033598E-005
      50.0   5.1005164864E-005
      60.0   5.0756889948E-005
      80.0   5.0718994797E-005
     100.0   5.1145315321E-005
     120.0   5.1125631540E-005
     140.0   5.0558128863E-005
     160.0   5.0570789434E-005
     180.0   5.1177195482E-005
     200.0   5.1463644847E-005
     220.0   5.1934021683E-005
     240.0   5.1810341628E-005
     260.0   5.1882090859E-005
     280.0   5.2016478685E-005
     300.0   5.1147129851E-005
     400.0   5.3585416686E-005
     500.0   5.3596954401E-005
    1000.0   5.3648612133E-005
