   -1000.0   5.3924527149E-005
    -500.0   5.3982276801E-005
    -400.0   5.3994257058E-005
    -300.0   5.4007066253E-005
    -280.0   5.4009848814E-005
    -260.0   5.4012764593E-005
    -240.0   5.4015864044E-005
    -220.0   5.4019227072E-005
    -200.0   5.4023001991E-005
    -180.0   5.4030988172E-005
    -160.0   5.4132565355E-005
    -140.0   5.4179475495E-005
    -120.0   5.4231171652E-005
    -100.0   5.4308274968E-005
     -80.0   5.4414805554E-005
     -60.0   5.4706668068E-005
     -50.0   5.5962920760E-005
     -40.0   5.7175120222E-005
     -30.0   5.8923368455E-005
     -20.0   5.9654469945E-005
     -10.0   1.0074444114E-004
       0.0   1.3084688493E-004
      10.0   5.8959477532E-005
      20.0   5.7395723318E-005
      30.0   5.7096701968E-005
      40.0   5.6154578056E-005
      50.0   5.5457355893E-005
      60.0   5.4715709717E-005
      80.0   5.4432624828E-005
     100.0   5.4329881388E-005
     120.0   5.4247207856E-005
     140.0   5.4182250758E-005
     160.0   5.2541266064E-005
     180.0   4.7148379673E-005
     200.0   4.8537121605E-005
     220.0   5.0645177280E-005
     240.0   5.1231012933E-005
     260.0   5.2207311715E-005
     280.0   5.2479624818E-005
     300.0   5.2806575444E-005
     400.0   5.4078449372E-005
     500.0   5.4093688408E-005
    1000.0   5.4149638544E-005
