   -1000.0   5.1436769945E-005
    -500.0   5.1501095174E-005
    -400.0   5.1514744970E-005
    -300.0   5.1529790760E-005
    -280.0   5.1533169794E-005
    -260.0   5.1536772371E-005
    -240.0   5.1540685522E-005
    -220.0   5.1545057775E-005
    -200.0   5.1550315756E-005
    -180.0   5.1630191647E-005
    -160.0   5.1697215473E-005
    -140.0   5.1749218372E-005
    -120.0   5.1821657529E-005
    -100.0   5.1926926050E-005
     -80.0   5.2064517029E-005
     -60.0   5.2277150388E-005
     -50.0   5.3594766856E-005
     -40.0   5.5562805412E-005
     -30.0   5.7366763293E-005
     -20.0   5.8883169221E-005
     -10.0   9.8325418351E-005
       0.0   1.5712874184E-004
      10.0   6.0656620011E-005
      20.0   5.6727216306E-005
      30.0   5.5863003055E-005
      40.0   5.4485148833E-005
      50.0   5.3287346101E-005
      60.0   5.2248990280E-005
      80.0   5.2065529448E-005
     100.0   5.1938519318E-005
     120.0   5.1839327381E-005
     140.0   5.1763425203E-005
     160.0   5.1379681382E-005
     180.0   4.8449407133E-005
     200.0   4.5686844669E-005
     220.0   4.7987733428E-005
     240.0   4.8990218672E-005
     260.0   4.9728932679E-005
     280.0   5.0206087525E-005
     300.0   5.0524772253E-005
     400.0   5.1457951657E-005
     500.0   5.1624216314E-005
    1000.0   5.1685797487E-005
