   -1000.0   7.1414911047E-005
    -500.0   7.1797928253E-005
    -400.0   7.1904850631E-005
    -300.0   7.2124596838E-005
    -280.0   7.2201433215E-005
    -260.0   7.2300820235E-005
    -240.0   7.2436092016E-005
    -220.0   7.2641745315E-005
    -200.0   7.6872841234E-005
    -180.0   9.0967431492E-005
    -160.0   1.1038510999E-004
    -140.0   1.4346098621E-004
    -120.0   1.9475184807E-004
    -100.0   2.5514691237E-004
     -80.0   3.6988590209E-004
     -60.0   1.3181008644E-003
     -50.0   1.8581873479E-003
     -40.0   2.3669454951E-003
     -30.0   2.8357891560E-003
     -20.0   3.6567826215E-003
     -10.0   2.5364147405E-003
       0.0   2.1103041226E-003
      10.0   1.8308197912E-003
      20.0   1.8461808424E-003
      30.0   1.4494246838E-003
      40.0   1.2721355612E-003
      50.0   1.0645607929E-003
      60.0   8.5457838607E-004
      80.0   3.8181403916E-004
     100.0   2.4855381266E-004
     120.0   1.9395081102E-004
     140.0   1.5277566534E-004
     160.0   1.1936648091E-004
     180.0   1.0353826400E-004
     200.0   9.3261625605E-005
     220.0   8.8502239184E-005
     240.0   8.4173913961E-005
     260.0   8.1413053556E-005
     280.0   7.9745082490E-005
     300.0   7.8038839309E-005
     400.0   7.1406825913E-005
     500.0   7.2020443953E-005
    1000.0   7.2028525726E-005
