   -1000.0   7.3840424044E-005
    -500.0   7.3943863746E-005
    -400.0   7.3950393142E-005
    -300.0   7.3957170769E-005
    -280.0   7.3958603880E-005
    -260.0   7.3960091359E-005
    -240.0   7.3961663468E-005
    -220.0   7.3963381915E-005
    -200.0   7.3965481297E-005
    -180.0   7.4279854095E-005
    -160.0   7.5188000464E-005
    -140.0   7.7660361259E-005
    -120.0   8.8589205144E-005
    -100.0   1.0240188593E-004
     -80.0   1.1458888841E-004
     -60.0   1.2684980825E-004
     -50.0   1.3114190391E-004
     -40.0   1.3531326729E-004
     -30.0   1.3138919837E-004
     -20.0   1.4131737404E-004
     -10.0   1.5999329482E-004
       0.0   1.2434390034E-004
      10.0   1.1814183720E-004
      20.0   1.0823477205E-004
      30.0   1.0254064276E-004
      40.0   1.0097040511E-004
      50.0   9.7757079472E-005
      60.0   9.5518068404E-005
      80.0   9.0860183864E-005
     100.0   8.7391012865E-005
     120.0   8.1912486177E-005
     140.0   7.5130605426E-005
     160.0   7.1380747182E-005
     180.0   6.9926659120E-005
     200.0   6.9408364610E-005
     220.0   6.9396638562E-005
     240.0   6.7609722131E-005
     260.0   6.4519752966E-005
     280.0   6.3651741573E-005
     300.0   6.3620927684E-005
     400.0   7.3258454504E-005
     500.0   7.4006565906E-005
    1000.0   7.4037725115E-005
