   -1000.0   5.0103716016E-005
    -500.0   5.0168721804E-005
    -400.0   5.0181594572E-005
    -300.0   5.0194455214E-005
    -280.0   5.0197025787E-005
    -260.0   5.0199595899E-005
    -240.0   5.0202166437E-005
    -220.0   5.0205997130E-005
    -200.0   5.0210180276E-005
    -180.0   5.0214821864E-005
    -160.0   5.0219549370E-005
    -140.0   5.0224085518E-005
    -120.0   5.0230693183E-005
    -100.0   5.0239105504E-005
     -80.0   5.0343603056E-005
     -60.0   5.0386254159E-005
     -50.0   5.0403644049E-005
     -40.0   5.0418501195E-005
     -30.0   5.0437463097E-005
     -20.0   5.0494740916E-005
     -10.0   5.1160628522E-005
       0.0   5.1085141201E-005
      10.0   5.0682592549E-005
      20.0   5.0472702676E-005
      30.0   5.0532760785E-005
      40.0   5.0604281185E-005
      50.0   5.0673473795E-005
      60.0   5.0697406239E-005
      80.0   4.9193973168E-005
     100.0   4.8075343614E-005
     120.0   4.7506999701E-005
     140.0   4.7029067028E-005
     160.0   4.6849159351E-005
     180.0   4.6633097028E-005
     200.0   4.6700317862E-005
     220.0   4.6570980717E-005
     240.0   4.5370979128E-005
     260.0   4.5810772494E-005
     280.0   4.6119335639E-005
     300.0   4.6821893655E-005
     400.0   4.9320368357E-005
     500.0   5.0296894672E-005
    1000.0   5.0360840042E-005
