   -1000.0   4.9058788441E-005
    -500.0   4.9413074781E-005
    -400.0   4.9613641776E-005
    -300.0   5.0061981624E-005
    -280.0   5.0225020357E-005
    -260.0   5.0440608908E-005
    -240.0   5.0749096518E-005
    -220.0   5.1382294360E-005
    -200.0   5.5010572667E-005
    -180.0   6.0651012246E-005
    -160.0   6.7427466833E-005
    -140.0   7.7639864029E-005
    -120.0   9.7991107165E-005
    -100.0   2.5964131179E-004
     -80.0   4.6648634424E-004
     -60.0   6.2568266951E-004
     -50.0   7.2362802655E-004
     -40.0   8.3820464672E-004
     -30.0   9.9681075344E-004
     -20.0   1.2222146076E-003
     -10.0   1.5314488078E-003
       0.0   1.2609312314E-003
      10.0   1.2842958385E-003
      20.0   9.1615811729E-004
      30.0   6.5901379455E-004
      40.0   5.2021749625E-004
      50.0   4.3300270481E-004
      60.0   3.7055841527E-004
      80.0   3.0093093319E-004
     100.0   2.3248901696E-004
     120.0   1.0650006107E-004
     140.0   8.8402714666E-005
     160.0   7.8474354392E-005
     180.0   7.1290945150E-005
     200.0   6.4787532938E-005
     220.0   6.1087536088E-005
     240.0   5.8239431519E-005
     260.0   5.6209652044E-005
     280.0   5.4441646889E-005
     300.0   5.2534059041E-005
     400.0   4.9556714527E-005
     500.0   4.9564599824E-005
    1000.0   4.9418441513E-005
