   -1000.0   4.7212783140E-005
    -500.0   4.7280672182E-005
    -400.0   4.7294149574E-005
    -300.0   4.7307617805E-005
    -280.0   4.7310310348E-005
    -260.0   4.7313003532E-005
    -240.0   4.7315696789E-005
    -220.0   4.7318388772E-005
    -200.0   4.7321081369E-005
    -180.0   4.7323772704E-005
    -160.0   4.7326461594E-005
    -140.0   4.7329152160E-005
    -120.0   4.7331851640E-005
    -100.0   4.7334553161E-005
     -80.0   4.7337250193E-005
     -60.0   4.7339946264E-005
     -50.0   4.7341295227E-005
     -40.0   4.7342644587E-005
     -30.0   4.7343993793E-005
     -20.0   4.7345341911E-005
     -10.0   4.7346701293E-005
       0.0   4.7348095116E-005
      10.0   4.7349361456E-005
      20.0   4.7350674088E-005
      30.0   4.7337662542E-005
      40.0   4.7314229253E-005
      50.0   4.7309061705E-005
      60.0   4.7309831721E-005
      80.0   4.7317281186E-005
     100.0   4.7325440727E-005
     120.0   4.7333834755E-005
     140.0   4.7326137232E-005
     160.0   4.7332792412E-005
     180.0   4.7332253071E-005
     200.0   4.7338526384E-005
     220.0   4.7341696267E-005
     240.0   4.7331453750E-005
     260.0   4.7335560114E-005
     280.0   4.7309515387E-005
     300.0   4.7344628191E-005
     400.0   4.7401636800E-005
     500.0   4.7415032481E-005
    1000.0   4.7481865309E-005
