   -1000.0   4.8388968296E-005
    -500.0   4.8452485599E-005
    -400.0   4.8465154156E-005
    -300.0   4.8477813155E-005
    -280.0   4.8480343820E-005
    -260.0   4.8482874070E-005
    -240.0   4.8485403918E-005
    -220.0   4.8487933372E-005
    -200.0   4.8490462394E-005
    -180.0   4.8492991081E-005
    -160.0   4.8495519491E-005
    -140.0   4.8498047686E-005
    -120.0   4.8500575215E-005
    -100.0   4.8503102272E-005
     -80.0   4.8505628111E-005
     -60.0   4.8508151603E-005
     -50.0   4.8509411735E-005
     -40.0   4.8510669230E-005
     -30.0   4.8511920852E-005
     -20.0   4.8513154838E-005
     -10.0   4.8514293886E-005
       0.0   4.7776331816E-005
      10.0   4.8155826824E-005
      20.0   4.8262678086E-005
      30.0   4.8321578518E-005
      40.0   4.8358558998E-005
      50.0   4.8377578280E-005
      60.0   4.8402588481E-005
      80.0   4.8380717037E-005
     100.0   4.8451041671E-005
     120.0   4.8506315455E-005
     140.0   4.8517169512E-005
     160.0   4.8504798768E-005
     180.0   4.8520883744E-005
     200.0   4.8523506038E-005
     220.0   4.8516473943E-005
     240.0   4.8527986658E-005
     260.0   4.8537618793E-005
     280.0   4.8540680109E-005
     300.0   4.8532966201E-005
     400.0   4.8566162394E-005
     500.0   4.8578746151E-005
    1000.0   4.8641518564E-005
