   -1000.0   5.3029308790E-005
    -500.0   5.3083810374E-005
    -400.0   5.3094766845E-005
    -300.0   5.3105900019E-005
    -280.0   5.3108175984E-005
    -260.0   5.3110482267E-005
    -240.0   5.3112830467E-005
    -220.0   5.3115238459E-005
    -200.0   5.3117739400E-005
    -180.0   5.3122544502E-005
    -160.0   5.3129228492E-005
    -140.0   5.3136306813E-005
    -120.0   5.3179848217E-005
    -100.0   5.3224114739E-005
     -80.0   5.3292030373E-005
     -60.0   5.3346295239E-005
     -50.0   5.3404927035E-005
     -40.0   5.3478985544E-005
     -30.0   5.3610098313E-005
     -20.0   5.4021692774E-005
     -10.0   5.9726617928E-005
       0.0   7.2447159115E-005
      10.0   5.4722579191E-005
      20.0   5.3498100318E-005
      30.0   5.3349405522E-005
      40.0   5.3291211073E-005
      50.0   5.2492341918E-005
      60.0   5.1174035281E-005
      80.0   4.9968653141E-005
     100.0   5.0293895467E-005
     120.0   5.0897341705E-005
     140.0   5.0651596608E-005
     160.0   5.0247362134E-005
     180.0   4.9655396315E-005
     200.0   4.9404792774E-005
     220.0   4.9947966357E-005
     240.0   5.0402734794E-005
     260.0   5.0712028156E-005
     280.0   5.1032379288E-005
     300.0   5.0031963704E-005
     400.0   5.2229124655E-005
     500.0   5.3190152942E-005
    1000.0   5.3244731898E-005
