   -1000.0   9.0824020739E-005
    -500.0   9.0822465755E-005
    -400.0   9.0822075903E-005
    -300.0   9.0821655939E-005
    -280.0   9.0821567453E-005
    -260.0   9.0821477172E-005
    -240.0   9.0821384929E-005
    -220.0   9.0821290541E-005
    -200.0   9.0821193832E-005
    -180.0   9.0821094687E-005
    -160.0   9.0820993210E-005
    -140.0   9.0820890170E-005
    -120.0   9.0820813332E-005
    -100.0   9.0822141133E-005
     -80.0   9.0866583279E-005
     -60.0   9.0908732562E-005
     -50.0   9.0957020413E-005
     -40.0   9.1040890576E-005
     -30.0   9.1101081070E-005
     -20.0   9.1615846165E-005
     -10.0   9.2360101759E-005
       0.0   9.0586440366E-005
      10.0   9.0161978402E-005
      20.0   8.9660766955E-005
      30.0   8.8946315837E-005
      40.0   8.7228331372E-005
      50.0   8.4343098844E-005
      60.0   8.1579655807E-005
      80.0   7.5293571056E-005
     100.0   7.0521733538E-005
     120.0   6.7227779206E-005
     140.0   7.1604750286E-005
     160.0   7.5367289284E-005
     180.0   7.8077006825E-005
     200.0   7.8281474824E-005
     220.0   7.9865615596E-005
     240.0   8.3367363988E-005
     260.0   8.7657861318E-005
     280.0   8.9796912033E-005
     300.0   9.0710282277E-005
     400.0   9.0818026699E-005
     500.0   9.0817731773E-005
    1000.0   9.0814891016E-005
