   -1000.0   6.5059060574E-005
    -500.0   6.5096527397E-005
    -400.0   6.5103928866E-005
    -300.0   6.5111357572E-005
    -280.0   6.5112852890E-005
    -260.0   6.5114354537E-005
    -240.0   6.5115865136E-005
    -220.0   6.5117388701E-005
    -200.0   6.5119215346E-005
    -180.0   6.5122098078E-005
    -160.0   6.5126347360E-005
    -140.0   6.5132346558E-005
    -120.0   6.5213439624E-005
    -100.0   6.5219101606E-005
     -80.0   6.5288714399E-005
     -60.0   6.5335272483E-005
     -50.0   6.5322654639E-005
     -40.0   6.5377164942E-005
     -30.0   6.5524609867E-005
     -20.0   6.5790244782E-005
     -10.0   7.1251384338E-005
       0.0   7.9516705092E-005
      10.0   6.5851148091E-005
      20.0   6.5362553840E-005
      30.0   6.5308617067E-005
      40.0   6.4803026430E-005
      50.0   6.3365074070E-005
      60.0   6.1610215800E-005
      80.0   5.9981741089E-005
     100.0   6.0756163222E-005
     120.0   6.1791226187E-005
     140.0   6.1332108795E-005
     160.0   6.0205829293E-005
     180.0   5.8821175457E-005
     200.0   5.8494761632E-005
     220.0   5.8972804386E-005
     240.0   5.8790805239E-005
     260.0   5.6931098714E-005
     280.0   5.4767534032E-005
     300.0   5.4656436845E-005
     400.0   6.3723016251E-005
     500.0   6.5169176459E-005
    1000.0   6.5205701333E-005
