   -1000.0   4.9092053029E-005
    -500.0   4.9155715499E-005
    -400.0   4.9168394463E-005
    -300.0   4.9181059566E-005
    -280.0   4.9183593078E-005
    -260.0   4.9186431424E-005
    -240.0   4.9189698517E-005
    -220.0   4.9192957916E-005
    -200.0   4.9196198790E-005
    -180.0   4.9200798980E-005
    -160.0   4.9204327526E-005
    -140.0   4.9208795095E-005
    -120.0   4.9235999520E-005
    -100.0   4.9260627094E-005
     -80.0   4.9279023731E-005
     -60.0   4.9293137304E-005
     -50.0   4.9311425873E-005
     -40.0   4.9327079502E-005
     -30.0   4.9363443863E-005
     -20.0   4.9391015830E-005
     -10.0   4.9555318329E-005
       0.0   5.3599755884E-005
      10.0   4.9382695482E-005
      20.0   4.9134281056E-005
      30.0   4.6595420271E-005
      40.0   4.5278160654E-005
      50.0   4.5496509578E-005
      60.0   4.5400349457E-005
      80.0   4.4068788302E-005
     100.0   4.2902715485E-005
     120.0   4.2569653734E-005
     140.0   3.9708790455E-005
     160.0   3.9441944175E-005
     180.0   3.9754153106E-005
     200.0   4.2644078345E-005
     220.0   4.4183188486E-005
     240.0   4.4654181978E-005
     260.0   4.4579103349E-005
     280.0   4.5480554333E-005
     300.0   4.6898177159E-005
     400.0   4.9267122939E-005
     500.0   4.9281756032E-005
    1000.0   4.9345168827E-005
