   -1000.0   4.6031389770E-005
    -500.0   4.6099488793E-005
    -400.0   4.6113073448E-005
    -300.0   4.6126648676E-005
    -280.0   4.6129362546E-005
    -260.0   4.6132076008E-005
    -240.0   4.6134789059E-005
    -220.0   4.6137549204E-005
    -200.0   4.6140289750E-005
    -180.0   4.6143019214E-005
    -160.0   4.6145811261E-005
    -140.0   4.6148591272E-005
    -120.0   4.6151486766E-005
    -100.0   4.6154253517E-005
     -80.0   4.6160775003E-005
     -60.0   4.6164425090E-005
     -50.0   4.6166832071E-005
     -40.0   4.6169331753E-005
     -30.0   4.6172486317E-005
     -20.0   4.6184816146E-005
     -10.0   4.6778094753E-005
       0.0   4.6232676029E-005
      10.0   4.6183076899E-005
      20.0   4.6177020289E-005
      30.0   4.6175927711E-005
      40.0   4.6176033836E-005
      50.0   4.6176731450E-005
      60.0   4.6177572076E-005
      80.0   4.5618723929E-005
     100.0   4.5263519068E-005
     120.0   4.5206563603E-005
     140.0   4.5274799811E-005
     160.0   4.5227598929E-005
     180.0   4.5274973904E-005
     200.0   4.5378970274E-005
     220.0   4.5446081475E-005
     240.0   4.5296696531E-005
     260.0   4.5411147878E-005
     280.0   4.5428696063E-005
     300.0   4.5676445233E-005
     400.0   4.6221279487E-005
     500.0   4.6234925683E-005
    1000.0   4.6302328901E-005
