   -1000.0   5.9813407137E-005
    -500.0   5.9996672880E-005
    -400.0   6.0040010439E-005
    -300.0   6.0126422019E-005
    -280.0   6.0156468500E-005
    -260.0   6.0195376052E-005
    -240.0   6.0248473291E-005
    -220.0   6.0329936550E-005
    -200.0   6.2580037615E-005
    -180.0   6.8063193455E-005
    -160.0   7.8644434138E-005
    -140.0   8.9524757183E-005
    -120.0   1.3259398591E-004
    -100.0   2.7815811137E-004
     -80.0   4.4807119754E-004
     -60.0   6.3183485422E-004
     -50.0   7.4869995423E-004
     -40.0   8.8273061483E-004
     -30.0   1.0300780198E-003
     -20.0   1.1886577941E-003
     -10.0   1.3362933477E-003
       0.0   7.0174616386E-004
      10.0   6.0450799315E-004
      20.0   5.3420567581E-004
      30.0   4.5726456175E-004
      40.0   4.0058271711E-004
      50.0   3.5966876472E-004
      60.0   3.2558608829E-004
      80.0   2.6567752981E-004
     100.0   2.0360650651E-004
     120.0   1.3495073860E-004
     140.0   9.4503800461E-005
     160.0   8.5949122811E-005
     180.0   8.0115933109E-005
     200.0   7.6075065517E-005
     220.0   7.3487178134E-005
     240.0   7.0776050754E-005
     260.0   6.8078802089E-005
     280.0   6.4543617383E-005
     300.0   6.2117091921E-005
     400.0   5.9719345632E-005
     500.0   6.0113446529E-005
    1000.0   6.0136345699E-005
