   -1000.0   4.8242558144E-005
    -500.0   4.8303969642E-005
    -400.0   4.8316211921E-005
    -300.0   4.8328436744E-005
    -280.0   4.8330878834E-005
    -260.0   4.8333319663E-005
    -240.0   4.8335765380E-005
    -220.0   4.8338263417E-005
    -200.0   4.8340787687E-005
    -180.0   4.8343373507E-005
    -160.0   4.8345985706E-005
    -140.0   4.8353694568E-005
    -120.0   4.8357260464E-005
    -100.0   4.8361401040E-005
     -80.0   4.8364091516E-005
     -60.0   4.8368884991E-005
     -50.0   4.8371202942E-005
     -40.0   4.8372622546E-005
     -30.0   4.8374848036E-005
     -20.0   4.8378940818E-005
     -10.0   4.8404074560E-005
       0.0   4.8523082429E-005
      10.0   4.8383540836E-005
      20.0   4.6846946643E-005
      30.0   4.5354055235E-005
      40.0   4.5427414313E-005
      50.0   4.5802726862E-005
      60.0   4.6241864847E-005
      80.0   4.5772647397E-005
     100.0   4.5267535854E-005
     120.0   4.4631905707E-005
     140.0   4.4499568404E-005
     160.0   4.4227055673E-005
     180.0   4.1495132687E-005
     200.0   4.0646956720E-005
     220.0   4.0952805697E-005
     240.0   4.2774826936E-005
     260.0   4.4247623314E-005
     280.0   4.5490520780E-005
     300.0   4.6323051072E-005
     400.0   4.8412753635E-005
     500.0   4.8425933402E-005
    1000.0   4.8486767874E-005
