   -1000.0   4.9809904312E-005
    -500.0   4.9967754134E-005
    -400.0   5.0021153712E-005
    -300.0   5.0128533519E-005
    -280.0   5.0165821570E-005
    -260.0   5.0213783502E-005
    -240.0   5.0277959605E-005
    -220.0   5.0369066112E-005
    -200.0   5.0515039621E-005
    -180.0   5.2311051856E-005
    -160.0   5.6045342872E-005
    -140.0   6.2536658625E-005
    -120.0   1.1218797521E-004
    -100.0   2.0807357039E-004
     -80.0   2.6915846012E-004
     -60.0   3.4883429361E-004
     -50.0   3.8891289739E-004
     -40.0   4.3565889080E-004
     -30.0   4.5502042176E-004
     -20.0   5.2864579171E-004
     -10.0   6.2321162944E-004
       0.0   5.1777143529E-004
      10.0   5.2385153255E-004
      20.0   4.2944389631E-004
      30.0   3.2840489041E-004
      40.0   2.7326609381E-004
      50.0   2.3563268059E-004
      60.0   2.0591795462E-004
      80.0   1.6708605962E-004
     100.0   1.4585925455E-004
     120.0   1.1183858433E-004
     140.0   6.9422881032E-005
     160.0   6.4089288966E-005
     180.0   6.1075807539E-005
     200.0   5.8268031856E-005
     220.0   5.6784947710E-005
     240.0   5.5110654269E-005
     260.0   5.4104251505E-005
     280.0   5.3237789010E-005
     300.0   5.2616016493E-005
     400.0   5.0112574777E-005
     500.0   5.0103912822E-005
    1000.0   5.0125222912E-005
