   -1000.0   6.5784227260E-005
    -500.0   6.5902620470E-005
    -400.0   6.5914441234E-005
    -300.0   6.5927732421E-005
    -280.0   6.5930821975E-005
    -260.0   6.5934198810E-005
    -240.0   6.5938001635E-005
    -220.0   6.5942471674E-005
    -200.0   6.5948067326E-005
    -180.0   6.5955787486E-005
    -160.0   6.5968353385E-005
    -140.0   6.5997643433E-005
    -120.0   7.3947708704E-005
    -100.0   1.1233246762E-004
     -80.0   1.4051540466E-004
     -60.0   1.6531046183E-004
     -50.0   1.7056413520E-004
     -40.0   1.8471349820E-004
     -30.0   2.2506047129E-004
     -20.0   1.9223873879E-004
     -10.0   1.5688275104E-004
       0.0   1.4228764213E-004
      10.0   1.4823578237E-004
      20.0   1.6651286472E-004
      30.0   1.7258786267E-004
      40.0   1.4212620186E-004
      50.0   1.2959438561E-004
      60.0   1.1993968238E-004
      80.0   1.0603707011E-004
     100.0   9.6685069127E-005
     120.0   7.9054594257E-005
     140.0   6.8613914684E-005
     160.0   6.7618980221E-005
     180.0   6.6922371397E-005
     200.0   6.6285092092E-005
     220.0   6.5820016689E-005
     240.0   6.5297969168E-005
     260.0   6.4250500219E-005
     280.0   6.5671510975E-005
     300.0   6.5991277979E-005
     400.0   6.6000609245E-005
     500.0   6.6010371531E-005
    1000.0   6.6062319127E-005
