   -1000.0   5.6215892688E-005
    -500.0   5.6264415020E-005
    -400.0   5.6274078166E-005
    -300.0   5.6283728729E-005
    -280.0   5.6285657183E-005
    -260.0   5.6287585022E-005
    -240.0   5.6289512201E-005
    -220.0   5.6291438656E-005
    -200.0   5.6293365462E-005
    -180.0   5.6295321006E-005
    -160.0   5.6297300042E-005
    -140.0   5.6299251194E-005
    -120.0   5.6301201134E-005
    -100.0   5.6303155626E-005
     -80.0   5.6305545471E-005
     -60.0   5.6307274854E-005
     -50.0   5.6308187467E-005
     -40.0   5.6309044851E-005
     -30.0   5.6309975172E-005
     -20.0   5.6311099742E-005
     -10.0   5.6330920825E-005
       0.0   5.5174603331E-005
      10.0   5.4792362482E-005
      20.0   5.4865603577E-005
      30.0   5.4946480860E-005
      40.0   5.5047328875E-005
      50.0   5.5169338189E-005
      60.0   5.5292126440E-005
      80.0   5.5484866987E-005
     100.0   5.5466975259E-005
     120.0   5.5378351167E-005
     140.0   5.5372190644E-005
     160.0   5.5373481743E-005
     180.0   5.5318128908E-005
     200.0   5.5280165447E-005
     220.0   5.4890050038E-005
     240.0   5.4567042489E-005
     260.0   5.4078224294E-005
     280.0   5.4356981426E-005
     300.0   5.4684890401E-005
     400.0   5.6350857057E-005
     500.0   5.6360535822E-005
    1000.0   5.6408206247E-005
