   -1000.0   5.3716047907E-005
    -500.0   5.3771845980E-005
    -400.0   5.3782514683E-005
    -300.0   5.3793172752E-005
    -280.0   5.3795303087E-005
    -260.0   5.3797432995E-005
    -240.0   5.3799562475E-005
    -220.0   5.3801691528E-005
    -200.0   5.3803820154E-005
    -180.0   5.3805948356E-005
    -160.0   5.3808076238E-005
    -140.0   5.3810378721E-005
    -120.0   5.3812537669E-005
    -100.0   5.3814648974E-005
     -80.0   5.3816792433E-005
     -60.0   5.3819610849E-005
     -50.0   5.3821324676E-005
     -40.0   5.3822998195E-005
     -30.0   5.3825269366E-005
     -20.0   5.3824429312E-005
     -10.0   5.3825018223E-005
       0.0   5.3825830014E-005
      10.0   5.3826890757E-005
      20.0   5.3828089355E-005
      30.0   5.3830292464E-005
      40.0   5.3830580152E-005
      50.0   5.3831355220E-005
      60.0   5.3832222084E-005
      80.0   5.3833776851E-005
     100.0   5.3835879717E-005
     120.0   5.3838007952E-005
     140.0   5.3814244812E-005
     160.0   5.3704594653E-005
     180.0   5.3728997148E-005
     200.0   5.3745723964E-005
     220.0   5.3769595422E-005
     240.0   5.3793290544E-005
     260.0   5.3798663995E-005
     280.0   5.3818359085E-005
     300.0   5.3827711449E-005
     400.0   5.3867462574E-005
     500.0   5.3878036726E-005
    1000.0   5.3930738059E-005
