   -1000.0   4.8216577445E-005
    -500.0   4.8286450712E-005
    -400.0   4.8299652797E-005
    -300.0   4.8312845504E-005
    -280.0   4.8315482919E-005
    -260.0   4.8318119958E-005
    -240.0   4.8320756623E-005
    -220.0   4.8323392929E-005
    -200.0   4.8326055716E-005
    -180.0   4.8328938144E-005
    -160.0   4.8331818464E-005
    -140.0   4.8334748857E-005
    -120.0   4.8337586165E-005
    -100.0   4.8340185545E-005
     -80.0   4.8342865190E-005
     -60.0   4.8349500108E-005
     -50.0   4.8352711692E-005
     -40.0   4.8356058857E-005
     -30.0   4.8357662767E-005
     -20.0   4.8361226861E-005
     -10.0   4.8358810771E-005
       0.0   4.8359588033E-005
      10.0   4.8360503343E-005
      20.0   4.8365104569E-005
      30.0   4.8362164793E-005
      40.0   4.8361983106E-005
      50.0   4.8362745000E-005
      60.0   4.8363585174E-005
      80.0   4.8363906901E-005
     100.0   4.8366481388E-005
     120.0   4.8357071905E-005
     140.0   4.8268791427E-005
     160.0   4.8213534051E-005
     180.0   4.8210516678E-005
     200.0   4.8197958843E-005
     220.0   4.8178750437E-005
     240.0   4.8224291476E-005
     260.0   4.8257126572E-005
     280.0   4.8274223786E-005
     300.0   4.8312869634E-005
     400.0   4.8341373919E-005
     500.0   4.8418045326E-005
    1000.0   4.8483490992E-005
