   -1000.0   4.5859870820E-005
    -500.0   4.5928511496E-005
    -400.0   4.5942327437E-005
    -300.0   4.5956452813E-005
    -280.0   4.5964114737E-005
    -260.0   4.5966554186E-005
    -240.0   4.5974147726E-005
    -220.0   4.5973244725E-005
    -200.0   4.5979641668E-005
    -180.0   4.5985525103E-005
    -160.0   4.6019901227E-005
    -140.0   4.6031775816E-005
    -120.0   4.6051651708E-005
    -100.0   4.6116164117E-005
     -80.0   4.6115361199E-005
     -60.0   4.6153261804E-005
     -50.0   4.6176612280E-005
     -40.0   4.6212359098E-005
     -30.0   4.6361969831E-005
     -20.0   4.6487583999E-005
     -10.0   4.7457176866E-005
       0.0   5.4175874287E-005
      10.0   3.8243111783E-005
      20.0   3.9227383965E-005
      30.0   3.9727273307E-005
      40.0   3.9751290767E-005
      50.0   4.0038295778E-005
      60.0   3.9313954096E-005
      80.0   4.3416959315E-005
     100.0   4.6094905113E-005
     120.0   4.6051842604E-005
     140.0   4.6079651048E-005
     160.0   4.6062356764E-005
     180.0   4.6048251941E-005
     200.0   4.6050070273E-005
     220.0   4.5956532559E-005
     240.0   4.5957491775E-005
     260.0   4.5954560458E-005
     280.0   4.5836903513E-005
     300.0   4.5635967500E-005
     400.0   4.6050821089E-005
     500.0   4.6064373487E-005
    1000.0   4.6131861489E-005
