   -1000.0   8.2961561663E-005
    -500.0   8.2972626927E-005
    -400.0   8.2974653859E-005
    -300.0   8.2976750106E-005
    -280.0   8.2977191159E-005
    -260.0   8.2977646236E-005
    -240.0   8.2978121037E-005
    -220.0   8.2978624310E-005
    -200.0   8.2979170247E-005
    -180.0   8.2980278111E-005
    -160.0   8.2999878176E-005
    -140.0   8.3078785764E-005
    -120.0   8.3158365553E-005
    -100.0   8.3305669955E-005
     -80.0   8.3520350851E-005
     -60.0   8.3703419550E-005
     -50.0   8.3827995891E-005
     -40.0   8.3947501854E-005
     -30.0   8.4282243555E-005
     -20.0   8.5206242519E-005
     -10.0   9.5188791923E-005
       0.0   9.6863703749E-005
      10.0   8.0879089129E-005
      20.0   7.8746731195E-005
      30.0   7.7219500126E-005
      40.0   7.5900130597E-005
      50.0   7.3642596363E-005
      60.0   7.2292658752E-005
      80.0   7.2026338020E-005
     100.0   7.2241528391E-005
     120.0   7.2560023205E-005
     140.0   7.3642070560E-005
     160.0   7.3261155272E-005
     180.0   7.3537943353E-005
     200.0   7.3286300974E-005
     220.0   7.1709498673E-005
     240.0   6.9126096060E-005
     260.0   6.8485969628E-005
     280.0   6.9061551731E-005
     300.0   6.9610503111E-005
     400.0   8.2986430552E-005
     500.0   8.2990993897E-005
    1000.0   8.3000221337E-005
