   -1000.0   5.2029674042E-005
    -500.0   5.2084273399E-005
    -400.0   5.2095151515E-005
    -300.0   5.2106018616E-005
    -280.0   5.2108190648E-005
    -260.0   5.2110362193E-005
    -240.0   5.2112533236E-005
    -220.0   5.2114703756E-005
    -200.0   5.2116873731E-005
    -180.0   5.2119043130E-005
    -160.0   5.2121211929E-005
    -140.0   5.2123380294E-005
    -120.0   5.2125888625E-005
    -100.0   5.2134908281E-005
     -80.0   5.2140750772E-005
     -60.0   5.2153405189E-005
     -50.0   5.2160845472E-005
     -40.0   5.2186962026E-005
     -30.0   5.2277479771E-005
     -20.0   5.2621987279E-005
     -10.0   5.2223608952E-005
       0.0   5.2145502313E-005
      10.0   5.2147152028E-005
      20.0   5.2152544567E-005
      30.0   5.2151972503E-005
      40.0   5.2015040895E-005
      50.0   5.2117687222E-005
      60.0   5.2039439946E-005
      80.0   5.1717226848E-005
     100.0   5.1229092577E-005
     120.0   5.0791525620E-005
     140.0   5.0308685624E-005
     160.0   5.0777207406E-005
     180.0   5.1033786270E-005
     200.0   5.1305662580E-005
     220.0   5.1478713254E-005
     240.0   5.1587363259E-005
     260.0   5.1706742747E-005
     280.0   5.1684828797E-005
     300.0   5.1642216860E-005
     400.0   5.2181756079E-005
     500.0   5.2192587058E-005
    1000.0   5.2246376308E-005
