   -1000.0   6.2562535314E-005
    -500.0   6.2699220796E-005
    -400.0   6.2779971466E-005
    -300.0   6.2966581548E-005
    -280.0   6.3033036896E-005
    -260.0   6.3117710669E-005
    -240.0   6.3228105788E-005
    -220.0   6.3376210766E-005
    -200.0   6.3582365028E-005
    -180.0   6.3884235243E-005
    -160.0   6.4361382250E-005
    -140.0   6.5265253596E-005
    -120.0   6.9713647994E-005
    -100.0   7.8306639142E-005
     -80.0   9.7916823258E-005
     -60.0   1.5875896558E-004
     -50.0   1.9541408791E-004
     -40.0   2.2696066758E-004
     -30.0   2.3170038433E-004
     -20.0   2.2278236917E-004
     -10.0   1.9750601362E-004
       0.0   1.6445325077E-004
      10.0   1.4405520134E-004
      20.0   1.3380959085E-004
      30.0   1.3284911367E-004
      40.0   1.3418915410E-004
      50.0   1.3176523384E-004
      60.0   1.1957004506E-004
      80.0   9.2121682563E-005
     100.0   7.4133125884E-005
     120.0   6.3605309797E-005
     140.0   5.7161100992E-005
     160.0   5.4118204429E-005
     180.0   5.2693183901E-005
     200.0   5.0787652807E-005
     220.0   5.0004035913E-005
     240.0   5.2716420176E-005
     260.0   5.8127942273E-005
     280.0   6.1641607293E-005
     300.0   6.2457042277E-005
     400.0   6.2672973357E-005
     500.0   6.2645680419E-005
    1000.0   6.2568752733E-005
