   -1000.0   3.7435789157E-005
    -500.0   3.7445283072E-005
    -400.0   3.7446924968E-005
    -300.0   3.7448665244E-005
    -280.0   3.7449043351E-005
    -260.0   3.7449441298E-005
    -240.0   3.7449867966E-005
    -220.0   3.7450337716E-005
    -200.0   3.7450875184E-005
    -180.0   3.7451525965E-005
    -160.0   3.7452384948E-005
    -140.0   3.7453741755E-005
    -120.0   3.7480298032E-005
    -100.0   3.7827507272E-005
     -80.0   3.8619825189E-005
     -60.0   4.2895952997E-005
     -50.0   4.7048585256E-005
     -40.0   5.1569750486E-005
     -30.0   5.2997467237E-005
     -20.0   5.0416627390E-005
     -10.0   4.7403665082E-005
       0.0   4.3651168550E-005
      10.0   4.3879361224E-005
      20.0   4.5526544659E-005
      30.0   4.6825000278E-005
      40.0   4.6438108085E-005
      50.0   4.4464448553E-005
      60.0   4.2494029653E-005
      80.0   3.8347115977E-005
     100.0   3.3728050373E-005
     120.0   3.2479993470E-005
     140.0   3.3789498011E-005
     160.0   3.4713763080E-005
     180.0   3.5117216433E-005
     200.0   3.5075281511E-005
     220.0   3.4204892122E-005
     240.0   3.4251385442E-005
     260.0   3.6755868730E-005
     280.0   3.7442987081E-005
     300.0   3.7452212397E-005
     400.0   3.7458300745E-005
     500.0   3.7460402417E-005
    1000.0   3.7468288928E-005
