   -1000.0   6.7756007163E-005
    -500.0   6.7712445620E-005
    -400.0   6.7703688523E-005
    -300.0   6.7694920693E-005
    -280.0   6.7693165837E-005
    -260.0   6.7691410550E-005
    -240.0   6.7689654832E-005
    -220.0   6.7687898682E-005
    -200.0   6.7686142100E-005
    -180.0   6.7684385085E-005
    -160.0   6.7682627638E-005
    -140.0   6.7680869797E-005
    -120.0   6.7679118685E-005
    -100.0   6.7677449404E-005
     -80.0   6.7676395798E-005
     -60.0   6.7675453425E-005
     -50.0   6.7674462227E-005
     -40.0   6.7673270794E-005
     -30.0   6.7286618610E-005
     -20.0   6.7286690246E-005
     -10.0   6.7288095130E-005
       0.0   6.7362505925E-005
      10.0   6.7410854095E-005
      20.0   6.7662851554E-005
      30.0   6.7659514219E-005
      40.0   6.7654984454E-005
      50.0   6.7650083712E-005
      60.0   6.7645649873E-005
      80.0   6.7638085962E-005
     100.0   6.7634350258E-005
     120.0   6.7632712066E-005
     140.0   6.7631865192E-005
     160.0   6.7628663731E-005
     180.0   6.7617569572E-005
     200.0   6.7595469960E-005
     220.0   6.7610678951E-005
     240.0   6.7624572642E-005
     260.0   6.7635064820E-005
     280.0   6.7640266947E-005
     300.0   6.7641953638E-005
     400.0   6.7633244685E-005
     500.0   6.7624391368E-005
    1000.0   6.7579961733E-005
