   -1000.0   2.8662007069E-005
    -500.0   2.8688027817E-005
    -400.0   2.8693212241E-005
    -300.0   2.8698392643E-005
    -280.0   2.8699428240E-005
    -260.0   2.8700463676E-005
    -240.0   2.8701498950E-005
    -220.0   2.8702534064E-005
    -200.0   2.8703569017E-005
    -180.0   2.8704604025E-005
    -160.0   2.8705639845E-005
    -140.0   2.8706676184E-005
    -120.0   2.8707714109E-005
    -100.0   2.8708755968E-005
     -80.0   2.8709849580E-005
     -60.0   2.8711072464E-005
     -50.0   2.8711634153E-005
     -40.0   2.8712165877E-005
     -30.0   2.8712677196E-005
     -20.0   2.8713205180E-005
     -10.0   2.8716451433E-005
       0.0   2.8714323272E-005
      10.0   2.8717447114E-005
      20.0   2.8715202667E-005
      30.0   2.8715651870E-005
      40.0   2.8716117860E-005
      50.0   2.8716561859E-005
      60.0   2.8716951511E-005
      80.0   2.8717831915E-005
     100.0   2.8718913032E-005
     120.0   2.8720019053E-005
     140.0   2.8713278857E-005
     160.0   2.8722152541E-005
     180.0   2.8723186348E-005
     200.0   2.8724218666E-005
     220.0   2.8725251837E-005
     240.0   2.8726279248E-005
     260.0   2.8727305259E-005
     280.0   2.8728339515E-005
     300.0   2.8729375543E-005
     400.0   2.8734542053E-005
     500.0   2.8739689958E-005
    1000.0   2.8765367773E-005
