   -1000.0   2.7285420079E-005
    -500.0   2.7323597941E-005
    -400.0   2.7330212118E-005
    -300.0   2.7339056970E-005
    -280.0   2.7341601101E-005
    -260.0   2.7344763503E-005
    -240.0   2.7349005321E-005
    -220.0   2.7355650833E-005
    -200.0   2.7380896051E-005
    -180.0   2.7604852996E-005
    -160.0   2.8806578821E-005
    -140.0   3.0756994821E-005
    -120.0   3.2594985976E-005
    -100.0   3.4156709466E-005
     -80.0   3.6469261560E-005
     -60.0   3.9487001098E-005
     -50.0   4.1127698939E-005
     -40.0   4.2509247518E-005
     -30.0   4.3918089685E-005
     -20.0   4.4322685651E-005
     -10.0   3.7665179657E-005
       0.0   3.3285556103E-005
      10.0   3.0449043397E-005
      20.0   3.0358756823E-005
      30.0   2.9455596280E-005
      40.0   2.6527322623E-005
      50.0   2.2017164274E-005
      60.0   2.1394449630E-005
      80.0   2.1109396065E-005
     100.0   2.1254180073E-005
     120.0   2.3359703036E-005
     140.0   2.7038719874E-005
     160.0   2.6896419431E-005
     180.0   2.6428557776E-005
     200.0   2.5891705324E-005
     220.0   2.5707676822E-005
     240.0   2.5274942939E-005
     260.0   2.5602517563E-005
     280.0   2.6742461720E-005
     300.0   2.7335709064E-005
     400.0   2.7368150875E-005
     500.0   2.7375160449E-005
    1000.0   2.7402218374E-005
