   -1000.0   2.8186680992E-005
    -500.0   2.8211483426E-005
    -400.0   2.8216268471E-005
    -300.0   2.8221041463E-005
    -280.0   2.8221996817E-005
    -260.0   2.8222954667E-005
    -240.0   2.8223917991E-005
    -220.0   2.8224893063E-005
    -200.0   2.8225899545E-005
    -180.0   2.8227511993E-005
    -160.0   2.8244675069E-005
    -140.0   2.8429651691E-005
    -120.0   2.8683084195E-005
    -100.0   2.8931249405E-005
     -80.0   2.9048542876E-005
     -60.0   2.9082924596E-005
     -50.0   2.9031843495E-005
     -40.0   2.8976543855E-005
     -30.0   2.8833913334E-005
     -20.0   2.8733641830E-005
     -10.0   2.8677946175E-005
       0.0   2.8392474776E-005
      10.0   2.7434625281E-005
      20.0   2.5792942773E-005
      30.0   2.4031672998E-005
      40.0   2.3817860432E-005
      50.0   2.3072067271E-005
      60.0   1.9165238995E-005
      80.0   1.6893386295E-005
     100.0   1.7635766589E-005
     120.0   1.8854905849E-005
     140.0   2.2630440698E-005
     160.0   2.5586739409E-005
     180.0   2.7131053509E-005
     200.0   2.7091552478E-005
     220.0   2.7493937023E-005
     240.0   2.7689224100E-005
     260.0   2.7888146796E-005
     280.0   2.8196572874E-005
     300.0   2.8248911852E-005
     400.0   2.8254351126E-005
     500.0   2.8259287776E-005
    1000.0   2.8283261594E-005
