   -1000.0   3.6827354024E-005
    -500.0   3.6952804723E-005
    -400.0   3.7010126194E-005
    -300.0   3.7138336199E-005
    -280.0   3.7184554823E-005
    -260.0   3.7244467032E-005
    -240.0   3.7324844085E-005
    -220.0   3.7438060964E-005
    -200.0   3.7610951903E-005
    -180.0   3.7987817153E-005
    -160.0   3.9227284822E-005
    -140.0   4.1547490927E-005
    -120.0   4.6004624361E-005
    -100.0   6.5390911084E-005
     -80.0   9.1897652998E-005
     -60.0   1.2142757675E-004
     -50.0   1.3307996709E-004
     -40.0   1.5100166444E-004
     -30.0   1.9108135324E-004
     -20.0   1.9912437736E-004
     -10.0   1.9525128263E-004
       0.0   1.7971768213E-004
      10.0   1.5136539564E-004
      20.0   1.2546726684E-004
      30.0   1.1959092845E-004
      40.0   1.0820191283E-004
      50.0   9.8287815514E-005
      60.0   8.7688454922E-005
      80.0   6.9174621059E-005
     100.0   5.5240921508E-005
     120.0   4.4307143468E-005
     140.0   4.0936191753E-005
     160.0   3.8746996198E-005
     180.0   3.6765869948E-005
     200.0   3.3881312393E-005
     220.0   3.1832999014E-005
     240.0   3.0962563681E-005
     260.0   3.1153891512E-005
     280.0   3.1702502084E-005
     300.0   3.2531227663E-005
     400.0   3.6778122150E-005
     500.0   3.6928589393E-005
    1000.0   3.6971744377E-005
