   -1000.0   2.3871045756E-005
    -500.0   2.3903427847E-005
    -400.0   2.3909858281E-005
    -300.0   2.3916284568E-005
    -280.0   2.3917569238E-005
    -260.0   2.3918853679E-005
    -240.0   2.3920137870E-005
    -220.0   2.3921421906E-005
    -200.0   2.3922743314E-005
    -180.0   2.3924235922E-005
    -160.0   2.3925711227E-005
    -140.0   2.3927283985E-005
    -120.0   2.3928999911E-005
    -100.0   2.3933605858E-005
     -80.0   2.3937146904E-005
     -60.0   2.3939925969E-005
     -50.0   2.3941400827E-005
     -40.0   2.3942960874E-005
     -30.0   2.3944619496E-005
     -20.0   2.3946347775E-005
     -10.0   2.3949098454E-005
       0.0   2.3944754509E-005
      10.0   2.3858105075E-005
      20.0   2.3543274330E-005
      30.0   2.3171982771E-005
      40.0   2.2981582550E-005
      50.0   2.2933228118E-005
      60.0   2.2958626155E-005
      80.0   2.3114235607E-005
     100.0   2.3286258048E-005
     120.0   2.3182081757E-005
     140.0   2.2887659317E-005
     160.0   2.3094852051E-005
     180.0   2.3396692117E-005
     200.0   2.3463413460E-005
     220.0   2.3380167194E-005
     240.0   2.3646339118E-005
     260.0   2.3839930230E-005
     280.0   2.3858577196E-005
     300.0   2.3912131982E-005
     400.0   2.3961174060E-005
     500.0   2.3967588470E-005
    1000.0   2.3999557822E-005
