   -1000.0   1.2004484068E-005
    -500.0   1.2084876095E-005
    -400.0   1.2120524432E-005
    -300.0   1.2189499384E-005
    -280.0   1.2212344333E-005
    -260.0   1.2240782781E-005
    -240.0   1.2277050020E-005
    -220.0   1.2324660191E-005
    -200.0   1.2389434334E-005
    -180.0   1.2481694089E-005
    -160.0   1.2621556949E-005
    -140.0   1.2854435538E-005
    -120.0   1.3318727645E-005
    -100.0   1.7854091601E-005
     -80.0   3.1511792892E-005
     -60.0   9.8729550855E-005
     -50.0   1.5778760521E-004
     -40.0   2.0551994716E-004
     -30.0   2.5338497006E-004
     -20.0   1.8903708053E-004
     -10.0   1.1972593759E-004
       0.0   1.0426888363E-004
      10.0   1.1347249458E-004
      20.0   1.4156901155E-004
      30.0   1.7924337734E-004
      40.0   1.5721601230E-004
      50.0   1.2723915855E-004
      60.0   9.0443805239E-005
      80.0   3.1511714417E-005
     100.0   2.5390844478E-005
     120.0   2.2156917287E-005
     140.0   1.9031365770E-005
     160.0   1.7186476439E-005
     180.0   1.5609938599E-005
     200.0   1.4969179847E-005
     220.0   1.4067864376E-005
     240.0   1.3276556232E-005
     260.0   1.2282756902E-005
     280.0   1.2298084148E-005
     300.0   1.2263847646E-005
     400.0   1.2196489403E-005
     500.0   1.2176514371E-005
    1000.0   1.2186131054E-005
