   -1000.0   4.2968839127E-006
    -500.0   4.3176640946E-006
    -400.0   4.3218939217E-006
    -300.0   4.3262556405E-006
    -280.0   4.3271657141E-006
    -260.0   4.3280999687E-006
    -240.0   4.3290690010E-006
    -220.0   4.3300910209E-006
    -200.0   4.3312053201E-006
    -180.0   4.3326852303E-006
    -160.0   4.3356775034E-006
    -140.0   4.3390736916E-006
    -120.0   4.3435529536E-006
    -100.0   4.3519860149E-006
     -80.0   4.4089260231E-006
     -60.0   4.4430467667E-006
     -50.0   4.4637421944E-006
     -40.0   4.4868897640E-006
     -30.0   4.5174812193E-006
     -20.0   4.5788570573E-006
     -10.0   4.6494109461E-006
       0.0   4.7762459280E-006
      10.0   4.7042196660E-006
      20.0   4.5502219492E-006
      30.0   4.4797773567E-006
      40.0   4.4453201099E-006
      50.0   4.4137505055E-006
      60.0   4.3498688692E-006
      80.0   4.2915615402E-006
     100.0   4.2576122260E-006
     120.0   4.2463360184E-006
     140.0   4.2522739055E-006
     160.0   4.2531902640E-006
     180.0   4.2510797326E-006
     200.0   4.2641182955E-006
     220.0   4.2712215176E-006
     240.0   4.2724680081E-006
     260.0   4.1801764102E-006
     280.0   3.5145303555E-006
     300.0   3.1753206018E-006
     400.0   4.3389897293E-006
     500.0   4.3560210783E-006
    1000.0   4.3803949899E-006
