   -1000.0   9.7659126026E-006
    -500.0   9.8016834363E-006
    -400.0   9.8088508191E-006
    -300.0   9.8160230679E-006
    -280.0   9.8174580884E-006
    -260.0   9.8188932949E-006
    -240.0   9.8203286857E-006
    -220.0   9.8217642590E-006
    -200.0   9.8232000154E-006
    -180.0   9.8246360977E-006
    -160.0   9.8261629607E-006
    -140.0   9.8277449971E-006
    -120.0   9.8294540391E-006
    -100.0   9.8313418549E-006
     -80.0   9.8334549588E-006
     -60.0   9.8395200490E-006
     -50.0   9.8458533912E-006
     -40.0   9.8484314112E-006
     -30.0   9.8513932234E-006
     -20.0   9.8614702456E-006
     -10.0   9.8795667510E-006
       0.0   9.8689039650E-006
      10.0   9.8556905761E-006
      20.0   9.8543111601E-006
      30.0   9.8572424445E-006
      40.0   9.8550586916E-006
      50.0   9.8622782040E-006
      60.0   9.8596964503E-006
      80.0   9.8568265350E-006
     100.0   9.8477639367E-006
     120.0   9.8033097141E-006
     140.0   9.7986497507E-006
     160.0   9.7740703422E-006
     180.0   9.7361839117E-006
     200.0   9.7613983478E-006
     220.0   9.7835537897E-006
     240.0   9.8010079751E-006
     260.0   9.8132223863E-006
     280.0   9.8232271254E-006
     300.0   9.4956155566E-006
     400.0   9.8661308373E-006
     500.0   9.8735589881E-006
    1000.0   9.9097380509E-006
