   -1000.0   3.7504104026E-005
    -500.0   3.7612944091E-005
    -400.0   3.7634533091E-005
    -300.0   3.7655937634E-005
    -280.0   3.7660183456E-005
    -260.0   3.7664413707E-005
    -240.0   3.7668626722E-005
    -220.0   3.7672821659E-005
    -200.0   3.7677000588E-005
    -180.0   3.7681176036E-005
    -160.0   3.7685600555E-005
    -140.0   3.7694341074E-005
    -120.0   3.7725401988E-005
    -100.0   3.7792669200E-005
     -80.0   3.7877327355E-005
     -60.0   3.7944891958E-005
     -50.0   3.7973240791E-005
     -40.0   3.7989369007E-005
     -30.0   3.7986689305E-005
     -20.0   3.7723326917E-005
     -10.0   3.7739260024E-005
       0.0   3.7348571050E-005
      10.0   3.7040204163E-005
      20.0   3.6778515513E-005
      30.0   3.6714060213E-005
      40.0   3.5885072897E-005
      50.0   3.5647180554E-005
      60.0   3.5623796262E-005
      80.0   3.4742014180E-005
     100.0   3.4374915890E-005
     120.0   3.3867224069E-005
     140.0   3.3032722325E-005
     160.0   3.2495782203E-005
     180.0   3.1004764022E-005
     200.0   2.6628079876E-005
     220.0   2.5358062243E-005
     240.0   2.5491994526E-005
     260.0   2.5807101363E-005
     280.0   2.8815907102E-005
     300.0   3.1505668758E-005
     400.0   3.7791667698E-005
     500.0   3.7826325559E-005
    1000.0   3.7941758065E-005
