   -1000.0   1.3326377989E-005
    -500.0   1.3374887038E-005
    -400.0   1.3386938197E-005
    -300.0   1.3403545364E-005
    -280.0   1.3408201310E-005
    -260.0   1.3413738197E-005
    -240.0   1.3420569706E-005
    -220.0   1.3429412116E-005
    -200.0   1.3441745169E-005
    -180.0   1.3464342678E-005
    -160.0   1.3506682461E-005
    -140.0   1.3597827702E-005
    -120.0   1.3848165567E-005
    -100.0   1.5131772390E-005
     -80.0   2.1525049065E-005
     -60.0   2.7124467375E-005
     -50.0   2.7780720826E-005
     -40.0   2.7084335101E-005
     -30.0   2.7421190390E-005
     -20.0   2.7078907085E-005
     -10.0   2.5267106750E-005
       0.0   2.6263619892E-005
      10.0   2.7091498445E-005
      20.0   2.6869089527E-005
      30.0   2.4827905125E-005
      40.0   2.2692764218E-005
      50.0   2.1029809892E-005
      60.0   1.9314633897E-005
      80.0   1.6837601349E-005
     100.0   1.5027991497E-005
     120.0   1.4039940506E-005
     140.0   1.3724351943E-005
     160.0   1.3389148683E-005
     180.0   1.3002919345E-005
     200.0   1.2320839456E-005
     220.0   9.6818640665E-006
     240.0   7.4303200893E-006
     260.0   6.6729036741E-006
     280.0   7.1797376350E-006
     300.0   7.9898149480E-006
     400.0   1.3330487978E-005
     500.0   1.3437849217E-005
    1000.0   1.3505706312E-005
