   -1000.0   8.2266213211E-006
    -500.0   8.2578180280E-006
    -400.0   8.2640606651E-006
    -300.0   8.2703081538E-006
    -280.0   8.2715582538E-006
    -260.0   8.2728085697E-006
    -240.0   8.2740591169E-006
    -220.0   8.2753099241E-006
    -200.0   8.2765610516E-006
    -180.0   8.2778126328E-006
    -160.0   8.2790650828E-006
    -140.0   8.2811056443E-006
    -120.0   8.2854018426E-006
    -100.0   8.3207875432E-006
     -80.0   8.3611909895E-006
     -60.0   8.3943799200E-006
     -50.0   8.3799864863E-006
     -40.0   8.3768887813E-006
     -30.0   8.3851316903E-006
     -20.0   8.4306097102E-006
     -10.0   8.4857798177E-006
       0.0   8.4182317451E-006
      10.0   8.4717318234E-006
      20.0   8.4739133817E-006
      30.0   8.4187018645E-006
      40.0   8.3584647154E-006
      50.0   8.3270836844E-006
      60.0   8.3107546122E-006
      80.0   8.2936010501E-006
     100.0   8.2898142531E-006
     120.0   8.2501276792E-006
     140.0   8.2480060438E-006
     160.0   8.2481087571E-006
     180.0   8.2613314295E-006
     200.0   8.2706251916E-006
     220.0   8.2767170285E-006
     240.0   8.1125177109E-006
     260.0   8.0519371236E-006
     280.0   7.3140295189E-006
     300.0   6.8950929150E-006
     400.0   8.3141132521E-006
     500.0   8.3204512267E-006
    1000.0   8.3519750057E-006
