   -1000.0   5.2965369547E-006
    -500.0   5.9432153934E-006
    -400.0   6.4552631458E-006
    -300.0   7.7877963927E-006
    -280.0   8.4263559393E-006
    -260.0   9.4756660176E-006
    -240.0   1.1807530719E-005
    -220.0   1.3694448837E-005
    -200.0   1.4720276030E-005
    -180.0   1.7787232709E-005
    -160.0   2.6779850560E-005
    -140.0   5.6305230507E-005
    -120.0   8.9893140674E-005
    -100.0   1.2885397768E-004
     -80.0   1.7915033738E-004
     -60.0   2.4358124902E-004
     -50.0   2.7609551985E-004
     -40.0   2.9981266303E-004
     -30.0   3.2004266888E-004
     -20.0   3.3898191366E-004
     -10.0   3.3867574460E-004
       0.0   3.4844054983E-004
      10.0   3.0948185970E-004
      20.0   2.6844229064E-004
      30.0   2.2088972255E-004
      40.0   1.8629100295E-004
      50.0   1.5949114764E-004
      60.0   1.3597824290E-004
      80.0   9.2711512361E-005
     100.0   6.7948306616E-005
     120.0   5.4334136369E-005
     140.0   4.2668540318E-005
     160.0   3.4828657736E-005
     180.0   3.0488674305E-005
     200.0   2.2112881746E-005
     220.0   1.7623240002E-005
     240.0   1.3813281121E-005
     260.0   1.1271310065E-005
     280.0   9.2282967446E-006
     300.0   8.0857524208E-006
     400.0   6.4869495261E-006
     500.0   5.9811561690E-006
    1000.0   5.3995537120E-006
