   -1000.0   1.1560141580E-005
    -500.0   1.2955758197E-005
    -400.0   1.4035202017E-005
    -300.0   1.6531677252E-005
    -280.0   1.7433573879E-005
    -260.0   1.8597104251E-005
    -240.0   2.0143073042E-005
    -220.0   2.2280871084E-005
    -200.0   2.5421204697E-005
    -180.0   3.0597949216E-005
    -160.0   4.0556125117E-005
    -140.0   5.8846382348E-005
    -120.0   9.7281841811E-005
    -100.0   1.9310151851E-004
     -80.0   3.3299941920E-004
     -60.0   4.4493108986E-004
     -50.0   5.0787510144E-004
     -40.0   5.6257773554E-004
     -30.0   5.7050471703E-004
     -20.0   5.8770957484E-004
     -10.0   5.8983125595E-004
       0.0   5.0264780918E-004
      10.0   4.6361755104E-004
      20.0   4.8750382271E-004
      30.0   4.5468076966E-004
      40.0   3.9024082600E-004
      50.0   3.3306252545E-004
      60.0   2.8854416113E-004
      80.0   2.2072492865E-004
     100.0   1.5056010226E-004
     120.0   9.2459022131E-005
     140.0   6.8279652390E-005
     160.0   5.4091658136E-005
     180.0   4.4047980681E-005
     200.0   3.6007359710E-005
     220.0   2.9950117684E-005
     240.0   2.4341632626E-005
     260.0   1.9737294054E-005
     280.0   1.6869058085E-005
     300.0   1.4975944725E-005
     400.0   1.3804959005E-005
     500.0   1.2945681443E-005
    1000.0   1.1720377845E-005
