   -1000.0   5.9594189424E-006
    -500.0   5.9845097745E-006
    -400.0   5.9895383946E-006
    -300.0   5.9945717693E-006
    -280.0   5.9955790030E-006
    -260.0   5.9965864212E-006
    -240.0   5.9975940229E-006
    -220.0   5.9986018097E-006
    -200.0   5.9996097981E-006
    -180.0   6.0006182561E-006
    -160.0   6.0024697720E-006
    -140.0   6.0069454904E-006
    -120.0   6.0107564531E-006
    -100.0   6.0126676328E-006
     -80.0   6.0155329090E-006
     -60.0   6.0184935975E-006
     -50.0   6.0198875453E-006
     -40.0   6.0223559571E-006
     -30.0   6.0219586546E-006
     -20.0   6.0203956553E-006
     -10.0   6.0346873506E-006
       0.0   6.0692216800E-006
      10.0   5.9991348278E-006
      20.0   5.9824059310E-006
      30.0   5.9788102492E-006
      40.0   5.9808034423E-006
      50.0   5.9825939905E-006
      60.0   5.9841148484E-006
      80.0   5.9917643663E-006
     100.0   5.9883893736E-006
     120.0   5.9801907194E-006
     140.0   5.9818087999E-006
     160.0   5.9796491712E-006
     180.0   5.8084022410E-006
     200.0   5.3192542533E-006
     220.0   4.2069311161E-006
     240.0   3.9950283626E-006
     260.0   4.1626970226E-006
     280.0   4.4665244580E-006
     300.0   4.6846477552E-006
     400.0   6.0299124800E-006
     500.0   6.0350132440E-006
    1000.0   6.0604679102E-006
