   -1000.0   4.9970463903E-006
    -500.0   5.0200364966E-006
    -400.0   5.0246333590E-006
    -300.0   5.0292321371E-006
    -280.0   5.0301520264E-006
    -260.0   5.0310720329E-006
    -240.0   5.0319927405E-006
    -220.0   5.0330457543E-006
    -200.0   5.0342073467E-006
    -180.0   5.0353148505E-006
    -160.0   5.0365903583E-006
    -140.0   5.0382008691E-006
    -120.0   5.0415993372E-006
    -100.0   5.0700271144E-006
     -80.0   5.1632125240E-006
     -60.0   5.1742177426E-006
     -50.0   5.1988425612E-006
     -40.0   5.2263120136E-006
     -30.0   5.2425411561E-006
     -20.0   5.2650717198E-006
     -10.0   5.2692633243E-006
       0.0   5.1952525925E-006
      10.0   5.2133360073E-006
      20.0   5.1743162323E-006
      30.0   5.0533273496E-006
      40.0   5.0129737623E-006
      50.0   4.9865866751E-006
      60.0   4.9515336087E-006
      80.0   4.9062088878E-006
     100.0   4.8890056453E-006
     120.0   2.1078277016E-006
     140.0   1.2484075360E-006
     160.0   3.2965747075E-006
     180.0   3.8237680433E-006
     200.0   3.8238622417E-006
     220.0   3.6234975941E-006
     240.0   3.4246451294E-006
     260.0   4.1736387382E-006
     280.0   4.8300352823E-006
     300.0   5.0380759436E-006
     400.0   5.0613335402E-006
     500.0   5.0661943718E-006
    1000.0   5.0896379950E-006
