   -1000.0   9.5160350191E-006
    -500.0   1.0954621544E-005
    -400.0   1.2053020205E-005
    -300.0   1.4543794524E-005
    -280.0   1.5428060681E-005
    -260.0   1.6557601001E-005
    -240.0   1.8039954868E-005
    -220.0   2.0057731801E-005
    -200.0   2.2961029687E-005
    -180.0   2.7613495346E-005
    -160.0   3.8331085011E-005
    -140.0   6.0646256016E-005
    -120.0   9.5835787078E-005
    -100.0   1.5688959785E-004
     -80.0   2.8245409660E-004
     -60.0   6.5067453273E-004
     -50.0   8.6434450793E-004
     -40.0   1.0638360269E-003
     -30.0   1.2067755883E-003
     -20.0   1.4341677034E-003
     -10.0   1.1811539006E-003
       0.0   9.7120052673E-004
      10.0   9.9076250697E-004
      20.0   9.9276131642E-004
      30.0   9.1148396024E-004
      40.0   7.5723941140E-004
      50.0   6.3003604964E-004
      60.0   5.0583578788E-004
      80.0   2.3037059621E-004
     100.0   1.4445056863E-004
     120.0   1.0483731329E-004
     140.0   8.1000228485E-005
     160.0   6.3710146325E-005
     180.0   5.1368916494E-005
     200.0   4.1814991894E-005
     220.0   3.4078636562E-005
     240.0   2.8618494214E-005
     260.0   2.4433236386E-005
     280.0   2.0739303606E-005
     300.0   1.7649316166E-005
     400.0   1.2287938165E-005
     500.0   1.1070940225E-005
    1000.0   9.6634869046E-006
