   -1000.0   5.5243354132E-006
    -500.0   5.5485157903E-006
    -400.0   5.5533598453E-006
    -300.0   5.5582229647E-006
    -280.0   5.5592018534E-006
    -260.0   5.5601852246E-006
    -240.0   5.5611754790E-006
    -220.0   5.5621770806E-006
    -200.0   5.5632023405E-006
    -180.0   5.5648499566E-006
    -160.0   5.5671172084E-006
    -140.0   5.5697183566E-006
    -120.0   5.5743449614E-006
    -100.0   5.5846501380E-006
     -80.0   5.9072120959E-006
     -60.0   6.1602994009E-006
     -50.0   6.1929019215E-006
     -40.0   6.2730665495E-006
     -30.0   6.3569767054E-006
     -20.0   6.4267528662E-006
     -10.0   6.4452395822E-006
       0.0   6.2386852168E-006
      10.0   6.4933377374E-006
      20.0   6.3989633253E-006
      30.0   6.2312433018E-006
      40.0   6.0834402612E-006
      50.0   5.9576770949E-006
      60.0   5.8307235330E-006
      80.0   5.6442399290E-006
     100.0   5.5261057442E-006
     120.0   5.4873661799E-006
     140.0   5.4804122639E-006
     160.0   5.4834976255E-006
     180.0   5.4845374158E-006
     200.0   5.4857667545E-006
     220.0   5.3427647184E-006
     240.0   4.2119535633E-006
     260.0   3.7100556116E-006
     280.0   3.3169935074E-006
     300.0   3.4572264249E-006
     400.0   5.5835985059E-006
     500.0   5.5956383611E-006
    1000.0   5.6217804917E-006
