   -1000.0   1.6415150743E-005
    -500.0   1.6468527630E-005
    -400.0   1.6479202934E-005
    -300.0   1.6489900260E-005
    -280.0   1.6492046041E-005
    -260.0   1.6494196016E-005
    -240.0   1.6496352177E-005
    -220.0   1.6498517931E-005
    -200.0   1.6500699760E-005
    -180.0   1.6502913281E-005
    -160.0   1.6507191198E-005
    -140.0   1.6519885032E-005
    -120.0   1.6551162647E-005
    -100.0   1.6619622907E-005
     -80.0   1.6717637139E-005
     -60.0   1.7520435100E-005
     -50.0   1.7997024291E-005
     -40.0   1.8030457064E-005
     -30.0   1.7984649164E-005
     -20.0   1.8323982715E-005
     -10.0   1.8369783293E-005
       0.0   1.8145897359E-005
      10.0   1.7922094262E-005
      20.0   1.7731180176E-005
      30.0   1.7724772484E-005
      40.0   1.7604772603E-005
      50.0   1.7411466173E-005
      60.0   1.7203231314E-005
      80.0   1.6728987377E-005
     100.0   1.6581464428E-005
     120.0   1.6454114962E-005
     140.0   1.6415870440E-005
     160.0   1.6386554583E-005
     180.0   1.6401187277E-005
     200.0   1.6445998720E-005
     220.0   1.6460996736E-005
     240.0   1.6215606380E-005
     260.0   1.5862515527E-005
     280.0   1.4294122601E-005
     300.0   1.3851003716E-005
     400.0   1.6559912056E-005
     500.0   1.6574536959E-005
    1000.0   1.6629056764E-005
