   -1000.0   3.9716652093E-005
    -500.0   3.9832086680E-005
    -400.0   3.9855145741E-005
    -300.0   3.9878261497E-005
    -280.0   3.9882904576E-005
    -260.0   3.9887562180E-005
    -240.0   3.9892241998E-005
    -220.0   3.9896957176E-005
    -200.0   3.9901731689E-005
    -180.0   3.9906613198E-005
    -160.0   3.9911709911E-005
    -140.0   3.9917328711E-005
    -120.0   3.9927792374E-005
    -100.0   4.0272608803E-005
     -80.0   4.1344037225E-005
     -60.0   4.2867958196E-005
     -50.0   4.3495854310E-005
     -40.0   4.3491819319E-005
     -30.0   4.3990773933E-005
     -20.0   4.3818394105E-005
     -10.0   4.2554664277E-005
       0.0   4.1504272996E-005
      10.0   4.0796679869E-005
      20.0   4.0077871014E-005
      30.0   3.9755925320E-005
      40.0   3.9920794455E-005
      50.0   3.9150966024E-005
      60.0   3.8830027120E-005
      80.0   3.8219617699E-005
     100.0   3.7152655852E-005
     120.0   3.6670910180E-005
     140.0   3.6190026798E-005
     160.0   3.5580241111E-005
     180.0   3.5399020675E-005
     200.0   3.5071718761E-005
     220.0   3.4718884775E-005
     240.0   3.6011510428E-005
     260.0   3.5921898209E-005
     280.0   3.7463753308E-005
     300.0   3.9202757296E-005
     400.0   4.0036941299E-005
     500.0   4.0061811978E-005
    1000.0   4.0178265184E-005
