   -1000.0   3.0619190819E-006
    -500.0   3.0877036845E-006
    -400.0   3.0968382323E-006
    -300.0   3.1141020574E-006
    -280.0   3.1203159748E-006
    -260.0   3.1292917759E-006
    -240.0   3.1457261423E-006
    -220.0   3.2198375728E-006
    -200.0   3.4597085282E-006
    -180.0   3.5811057586E-006
    -160.0   3.4589963862E-006
    -140.0   4.6778210622E-006
    -120.0   7.0345966147E-006
    -100.0   1.0523133437E-005
     -80.0   1.4584482041E-005
     -60.0   1.9416623200E-005
     -50.0   2.0770516391E-005
     -40.0   2.2919722268E-005
     -30.0   2.3480706094E-005
     -20.0   2.3161298977E-005
     -10.0   2.0583680884E-005
       0.0   1.9384065512E-005
      10.0   2.3750493929E-005
      20.0   1.9398066916E-005
      30.0   1.6300189409E-005
      40.0   1.2455207778E-005
      50.0   1.0184882365E-005
      60.0   8.8897157554E-006
      80.0   8.5463760271E-006
     100.0   6.5460193693E-006
     120.0   5.7344123548E-006
     140.0   5.1614359454E-006
     160.0   4.5297579882E-006
     180.0   4.0526561338E-006
     200.0   3.5572994468E-006
     220.0   3.2831605581E-006
     240.0   3.1608156225E-006
     260.0   3.1369063183E-006
     280.0   3.1378319207E-006
     300.0   3.1344840414E-006
     400.0   3.1257905055E-006
     500.0   3.1245271350E-006
    1000.0   3.1371427054E-006
