   -1000.0   4.3230658556E-006
    -500.0   4.3440526825E-006
    -400.0   4.3482746696E-006
    -300.0   4.3525181719E-006
    -280.0   4.3533719624E-006
    -260.0   4.3542287238E-006
    -240.0   4.3550895632E-006
    -220.0   4.3559562514E-006
    -200.0   4.3568318927E-006
    -180.0   4.3577231439E-006
    -160.0   4.3586590540E-006
    -140.0   4.3614842645E-006
    -120.0   4.3632256188E-006
    -100.0   4.3653762418E-006
     -80.0   4.3686022635E-006
     -60.0   4.3749649626E-006
     -50.0   4.4020678317E-006
     -40.0   4.4868426762E-006
     -30.0   4.5308854580E-006
     -20.0   4.5457895128E-006
     -10.0   4.4807539756E-006
       0.0   4.5173054894E-006
      10.0   4.4862932026E-006
      20.0   4.5155766502E-006
      30.0   4.4988995615E-006
      40.0   4.4698430374E-006
      50.0   4.4077316473E-006
      60.0   4.3782718402E-006
      80.0   4.3739581105E-006
     100.0   4.3720850046E-006
     120.0   4.3710837886E-006
     140.0   4.3410777826E-006
     160.0   4.2925628130E-006
     180.0   4.3177400376E-006
     200.0   4.3262179564E-006
     220.0   4.3454200245E-006
     240.0   4.3574214289E-006
     260.0   4.3694057980E-006
     280.0   4.3676797439E-006
     300.0   4.3666398888E-006
     400.0   4.3820085471E-006
     500.0   4.3863405026E-006
    1000.0   4.4077279346E-006
