   -1000.0   3.6436407942E-005
    -500.0   3.6542947876E-005
    -400.0   3.6564248144E-005
    -300.0   3.6585532294E-005
    -280.0   3.6589785614E-005
    -260.0   3.6594037195E-005
    -240.0   3.6598286675E-005
    -220.0   3.6602533601E-005
    -200.0   3.6606777399E-005
    -180.0   3.6611017338E-005
    -160.0   3.6615252480E-005
    -140.0   3.6619481664E-005
    -120.0   3.6623793861E-005
    -100.0   3.6628274818E-005
     -80.0   3.6632826291E-005
     -60.0   3.6639127078E-005
     -50.0   3.6643037571E-005
     -40.0   3.6646728539E-005
     -30.0   3.6651323271E-005
     -20.0   3.6651446599E-005
     -10.0   3.6651773322E-005
       0.0   3.6653225526E-005
      10.0   3.6653966599E-005
      20.0   3.6656028832E-005
      30.0   3.6657941527E-005
      40.0   3.6659309999E-005
      50.0   3.6645320391E-005
      60.0   3.6627713894E-005
      80.0   3.6432854737E-005
     100.0   3.5382219896E-005
     120.0   3.3386702131E-005
     140.0   3.1185039917E-005
     160.0   2.9722075297E-005
     180.0   3.1019238786E-005
     200.0   3.1142072670E-005
     220.0   3.0606672172E-005
     240.0   3.1132776083E-005
     260.0   3.3458965363E-005
     280.0   3.5566016465E-005
     300.0   3.6697499561E-005
     400.0   3.6733767460E-005
     500.0   3.6755968144E-005
    1000.0   3.6863308478E-005
