   -1000.0   6.8724691601E-006
    -500.0   6.9494688862E-006
    -400.0   6.9903372987E-006
    -300.0   7.0745945872E-006
    -280.0   7.1032934734E-006
    -260.0   7.1393826618E-006
    -240.0   7.1859257438E-006
    -220.0   7.2479097616E-006
    -200.0   7.3341752307E-006
    -180.0   7.4629697018E-006
    -160.0   7.6894592864E-006
    -140.0   1.0953499020E-005
    -120.0   1.6793168046E-005
    -100.0   2.3921096669E-005
     -80.0   4.4648073695E-005
     -60.0   1.4917771803E-004
     -50.0   1.8999187047E-004
     -40.0   2.3630643186E-004
     -30.0   3.0452113346E-004
     -20.0   4.5263637590E-004
     -10.0   4.0757315787E-004
       0.0   2.0356750744E-004
      10.0   2.5699441327E-004
      20.0   3.3051106643E-004
      30.0   2.0809657232E-004
      40.0   1.5382248400E-004
      50.0   1.2790086892E-004
      60.0   1.1080110881E-004
      80.0   4.0387323624E-005
     100.0   2.4785339827E-005
     120.0   2.1097911463E-005
     140.0   1.7562193489E-005
     160.0   1.6147610638E-005
     180.0   1.4870149476E-005
     200.0   1.3177695120E-005
     220.0   1.2326049936E-005
     240.0   1.1008272414E-005
     260.0   1.0567488345E-005
     280.0   9.5800259535E-006
     300.0   8.9307132458E-006
     400.0   7.0569055144E-006
     500.0   7.0168618093E-006
    1000.0   7.0002339677E-006
