   -1000.0   8.0997333336E-006
    -500.0   8.2009516646E-006
    -400.0   8.2649868809E-006
    -300.0   8.4208140194E-006
    -280.0   8.4840945695E-006
    -260.0   8.5751826046E-006
    -240.0   8.7224343467E-006
    -220.0   9.0330102477E-006
    -200.0   1.1098727696E-005
    -180.0   1.7771783634E-005
    -160.0   2.1473622427E-005
    -140.0   2.6830825702E-005
    -120.0   3.3183907066E-005
    -100.0   4.1935918934E-005
     -80.0   5.1078224282E-005
     -60.0   6.1913306456E-005
     -50.0   6.7770949536E-005
     -40.0   7.3930334949E-005
     -30.0   8.0939511600E-005
     -20.0   8.7833278868E-005
     -10.0   8.5517571331E-005
       0.0   9.5839808427E-005
      10.0   8.1137172979E-005
      20.0   7.0297206622E-005
      30.0   5.8122625476E-005
      40.0   4.9421718125E-005
      50.0   4.2772919684E-005
      60.0   3.8031362723E-005
      80.0   3.0260632050E-005
     100.0   2.1677992027E-005
     120.0   1.5724135651E-005
     140.0   1.2421109596E-005
     160.0   1.2424031069E-005
     180.0   1.3726355974E-005
     200.0   1.3035287266E-005
     220.0   1.1702084505E-005
     240.0   1.1363902879E-005
     260.0   1.0338932060E-005
     280.0   9.1206462575E-006
     300.0   8.5305446169E-006
     400.0   8.3080212185E-006
     500.0   8.2587701208E-006
    1000.0   8.2256578570E-006
