   -1000.0   1.2133147021E-005
    -500.0   1.2406151571E-005
    -400.0   1.2612676021E-005
    -300.0   1.3141340233E-005
    -280.0   1.3356216367E-005
    -260.0   1.3657902493E-005
    -240.0   1.4113073662E-005
    -220.0   1.4897995412E-005
    -200.0   1.6589742582E-005
    -180.0   2.0839101575E-005
    -160.0   2.6611090659E-005
    -140.0   3.6592117525E-005
    -120.0   5.1430511301E-005
    -100.0   6.5319378884E-005
     -80.0   8.1823485174E-005
     -60.0   9.2293553667E-005
     -50.0   9.0646409688E-005
     -40.0   8.4511352961E-005
     -30.0   7.5982518317E-005
     -20.0   6.3873993093E-005
     -10.0   5.7038401265E-005
       0.0   5.8822400704E-005
      10.0   7.3982086285E-005
      20.0   7.5499852523E-005
      30.0   7.1563526737E-005
      40.0   6.8451761916E-005
      50.0   6.2774489862E-005
      60.0   5.5592958089E-005
      80.0   4.2347423407E-005
     100.0   3.4554887816E-005
     120.0   2.8261938058E-005
     140.0   2.3779481233E-005
     160.0   2.0005872979E-005
     180.0   1.9243073416E-005
     200.0   1.7503613890E-005
     220.0   1.4197445530E-005
     240.0   1.1480266420E-005
     260.0   1.0067511788E-005
     280.0   9.6383630790E-006
     300.0   1.0426518920E-005
     400.0   1.2495766208E-005
     500.0   1.2419631387E-005
    1000.0   1.2294091384E-005
