   -1000.0   5.8395150028E-006
    -500.0   5.9059792986E-006
    -400.0   5.9449777141E-006
    -300.0   6.0394232143E-006
    -280.0   6.0799854067E-006
    -260.0   6.1474396260E-006
    -240.0   6.3806511366E-006
    -220.0   6.9200250211E-006
    -200.0   7.2210109037E-006
    -180.0   7.6749060007E-006
    -160.0   8.6226461078E-006
    -140.0   1.0315871396E-005
    -120.0   1.3599468218E-005
    -100.0   2.8906084858E-005
     -80.0   4.5639533084E-005
     -60.0   6.4257224404E-005
     -50.0   7.5466196446E-005
     -40.0   8.8247172112E-005
     -30.0   9.9979194587E-005
     -20.0   1.0174783425E-004
     -10.0   8.7130765635E-005
       0.0   8.6737203806E-005
      10.0   8.0144104410E-005
      20.0   6.3324685608E-005
      30.0   4.9106683416E-005
      40.0   3.9579609263E-005
      50.0   3.3912170303E-005
      60.0   3.0317498316E-005
      80.0   2.6402904571E-005
     100.0   1.8745083334E-005
     120.0   1.0141938293E-005
     140.0   6.4716717792E-006
     160.0   6.9535653632E-006
     180.0   6.7736513772E-006
     200.0   6.0850930485E-006
     220.0   5.6675559919E-006
     240.0   4.8066897555E-006
     260.0   4.8502788644E-006
     280.0   5.3613855597E-006
     300.0   5.7379295630E-006
     400.0   5.9566924161E-006
     500.0   5.9458883298E-006
    1000.0   5.9420282543E-006
