   -1000.0   1.1740783133E-005
    -500.0   1.1781565114E-005
    -400.0   1.1789732487E-005
    -300.0   1.1797902239E-005
    -280.0   1.1799536378E-005
    -260.0   1.1801170572E-005
    -240.0   1.1802804837E-005
    -220.0   1.1804439225E-005
    -200.0   1.1806073893E-005
    -180.0   1.1807709448E-005
    -160.0   1.1809667409E-005
    -140.0   1.1812242761E-005
    -120.0   1.1814971510E-005
    -100.0   1.1818365736E-005
     -80.0   1.1822276867E-005
     -60.0   1.1846781716E-005
     -50.0   1.1861042169E-005
     -40.0   1.1871106321E-005
     -30.0   1.1880005341E-005
     -20.0   1.1901506174E-005
     -10.0   1.1892145017E-005
       0.0   1.1875686571E-005
      10.0   1.1874294306E-005
      20.0   1.1876494246E-005
      30.0   1.1863905809E-005
      40.0   1.1857583645E-005
      50.0   1.1853113436E-005
      60.0   1.1847242914E-005
      80.0   1.1835258330E-005
     100.0   1.1796670305E-005
     120.0   1.1740374484E-005
     140.0   1.1729295971E-005
     160.0   1.1708936694E-005
     180.0   1.1716941884E-005
     200.0   1.1756883575E-005
     220.0   1.1778070894E-005
     240.0   1.1789447890E-005
     260.0   1.1785662351E-005
     280.0   1.1446175678E-005
     300.0   1.0958143438E-005
     400.0   1.1853241728E-005
     500.0   1.1863168153E-005
    1000.0   1.1904661130E-005
