   -1000.0   8.3846020392E-006
    -500.0   8.5207918538E-006
    -400.0   8.5979586251E-006
    -300.0   8.7599657158E-006
    -280.0   8.8156430048E-006
    -260.0   8.8859934432E-006
    -240.0   8.9773956256E-006
    -220.0   9.1008467391E-006
    -200.0   9.2789045683E-006
    -180.0   9.8965085680E-006
    -160.0   1.1967462457E-005
    -140.0   1.4986043013E-005
    -120.0   1.8825547497E-005
    -100.0   2.3865468399E-005
     -80.0   3.5144526966E-005
     -60.0   1.0142498877E-004
     -50.0   1.5286152936E-004
     -40.0   1.8868258997E-004
     -30.0   2.0552401036E-004
     -20.0   1.9868710896E-004
     -10.0   1.6525084220E-004
       0.0   1.4229799253E-004
      10.0   1.4324427092E-004
      20.0   1.6450243499E-004
      30.0   1.6570735085E-004
      40.0   1.5594237359E-004
      50.0   1.3366895388E-004
      60.0   9.1357838721E-005
      80.0   3.1943598702E-005
     100.0   2.0850803047E-005
     120.0   1.6317991952E-005
     140.0   1.3348927896E-005
     160.0   1.1255581856E-005
     180.0   9.9463728704E-006
     200.0   9.3197851510E-006
     220.0   9.0449930032E-006
     240.0   8.8855250233E-006
     260.0   8.8153692924E-006
     280.0   8.7811622211E-006
     300.0   8.7252113882E-006
     400.0   8.6724044718E-006
     500.0   8.6151051484E-006
    1000.0   8.5755593604E-006
