   -1000.0   1.3989283234E-005
    -500.0   1.4047418911E-005
    -400.0   1.4060727078E-005
    -300.0   1.4079074887E-005
    -280.0   1.4085181527E-005
    -260.0   1.4106539919E-005
    -240.0   1.4149341674E-005
    -220.0   1.4232633410E-005
    -200.0   1.4370359402E-005
    -180.0   1.4555097611E-005
    -160.0   1.5086506675E-005
    -140.0   1.6613520844E-005
    -120.0   1.8157413223E-005
    -100.0   1.9406354855E-005
     -80.0   2.1028421924E-005
     -60.0   2.2952973143E-005
     -50.0   2.4220686367E-005
     -40.0   2.5912327081E-005
     -30.0   2.7417101676E-005
     -20.0   2.8824109829E-005
     -10.0   2.6048865083E-005
       0.0   2.2600454437E-005
      10.0   2.0815450691E-005
      20.0   1.9187177293E-005
      30.0   1.7790869603E-005
      40.0   1.7792545688E-005
      50.0   1.6543868425E-005
      60.0   1.5685234971E-005
      80.0   1.5067124870E-005
     100.0   1.3522472748E-005
     120.0   8.1091687102E-006
     140.0   6.1956972103E-006
     160.0   5.2920791415E-006
     180.0   4.7429564954E-006
     200.0   4.6029784977E-006
     220.0   4.6544399572E-006
     240.0   5.2887089991E-006
     260.0   6.8139829586E-006
     280.0   7.9786971691E-006
     300.0   9.0371972029E-006
     400.0   1.3993595061E-005
     500.0   1.4129516038E-005
    1000.0   1.4213795012E-005
