   -1000.0   1.2822159080E-005
    -500.0   1.2875315245E-005
    -400.0   1.2885941939E-005
    -300.0   1.2896542453E-005
    -280.0   1.2898656186E-005
    -260.0   1.2900766527E-005
    -240.0   1.2902872602E-005
    -220.0   1.2904973261E-005
    -200.0   1.2907071106E-005
    -180.0   1.2910174856E-005
    -160.0   1.2911940811E-005
    -140.0   1.2914288606E-005
    -120.0   1.2916010329E-005
    -100.0   1.2917878157E-005
     -80.0   1.2919866463E-005
     -60.0   1.2921533243E-005
     -50.0   1.2922811903E-005
     -40.0   1.2923113470E-005
     -30.0   1.2911986694E-005
     -20.0   1.2659904839E-005
     -10.0   1.2208176976E-005
       0.0   1.1926179539E-005
      10.0   1.1667059679E-005
      20.0   1.1748004056E-005
      30.0   1.1810757298E-005
      40.0   1.1858081419E-005
      50.0   1.1905711326E-005
      60.0   1.1955971460E-005
      80.0   1.2058255145E-005
     100.0   1.2042985456E-005
     120.0   1.2021447481E-005
     140.0   1.1884051815E-005
     160.0   1.1730807196E-005
     180.0   1.1635349663E-005
     200.0   1.1711380936E-005
     220.0   1.0410125372E-005
     240.0   8.5402127248E-006
     260.0   7.6959810319E-006
     280.0   8.0986340403E-006
     300.0   8.7053608186E-006
     400.0   1.2967147117E-005
     500.0   1.2981378225E-005
    1000.0   1.3036508986E-005
