   -1000.0   6.9240579904E-006
    -500.0   6.9665311687E-006
    -400.0   6.9750004325E-006
    -300.0   6.9834132554E-006
    -280.0   6.9850825302E-006
    -260.0   6.9867452119E-006
    -240.0   6.9884005346E-006
    -220.0   6.9900464282E-006
    -200.0   6.9916821609E-006
    -180.0   6.9933067778E-006
    -160.0   6.9949044121E-006
    -140.0   6.9977855810E-006
    -120.0   6.9987545687E-006
    -100.0   7.0010775751E-006
     -80.0   7.0016561129E-006
     -60.0   7.0029977792E-006
     -50.0   7.0035215396E-006
     -40.0   7.0039056776E-006
     -30.0   7.0035563735E-006
     -20.0   7.0043312550E-006
     -10.0   7.0019435415E-006
       0.0   6.9547875634E-006
      10.0   6.6502869535E-006
      20.0   6.2247912631E-006
      30.0   5.7835504836E-006
      40.0   5.3575254215E-006
      50.0   5.0741423398E-006
      60.0   5.0645723845E-006
      80.0   5.3167874333E-006
     100.0   5.6336900702E-006
     120.0   5.8863581295E-006
     140.0   4.7987878344E-006
     160.0   4.3040005564E-006
     180.0   4.3040180758E-006
     200.0   5.6802797778E-006
     220.0   6.3049093312E-006
     240.0   6.4111771807E-006
     260.0   5.9845301533E-006
     280.0   6.0039779916E-006
     300.0   6.5604621109E-006
     400.0   7.0421391704E-006
     500.0   7.0519485980E-006
    1000.0   7.0960961306E-006
