   -1000.0   7.0114997465E-006
    -500.0   7.1379735852E-006
    -400.0   7.2156744330E-006
    -300.0   7.4665248104E-006
    -280.0   7.7046238194E-006
    -260.0   8.1030603143E-006
    -240.0   8.3721239537E-006
    -220.0   8.6902049033E-006
    -200.0   8.9129040249E-006
    -180.0   1.1114789150E-005
    -160.0   1.5341391795E-005
    -140.0   2.0901949300E-005
    -120.0   2.4233266658E-005
    -100.0   2.8259783802E-005
     -80.0   3.4733368747E-005
     -60.0   4.4286866931E-005
     -50.0   5.0262237888E-005
     -40.0   5.6043547001E-005
     -30.0   6.0875957332E-005
     -20.0   5.1464743466E-005
     -10.0   5.1824786709E-005
       0.0   5.1846813372E-005
      10.0   5.2444529698E-005
      20.0   5.3322541288E-005
      30.0   5.0667355306E-005
      40.0   4.2846444174E-005
      50.0   3.5924010135E-005
      60.0   3.0635939795E-005
      80.0   2.2558306932E-005
     100.0   1.6699795916E-005
     120.0   1.4574246691E-005
     140.0   1.2264751022E-005
     160.0   1.0599827451E-005
     180.0   9.7986742664E-006
     200.0   9.0674250761E-006
     220.0   8.8174676216E-006
     240.0   8.2251419621E-006
     260.0   8.1302051867E-006
     280.0   7.7517199382E-006
     300.0   7.4407368619E-006
     400.0   7.2705329630E-006
     500.0   7.2184467387E-006
    1000.0   7.1914717501E-006
