   -1000.0   1.1480616778E-005
    -500.0   1.2152588489E-005
    -400.0   1.2637166729E-005
    -300.0   1.3741312621E-005
    -280.0   1.4139470872E-005
    -260.0   1.4655002592E-005
    -240.0   1.5346595902E-005
    -220.0   1.6326191308E-005
    -200.0   1.7906558388E-005
    -180.0   2.0993279662E-005
    -160.0   2.5975851042E-005
    -140.0   3.4153930808E-005
    -120.0   4.6528418534E-005
    -100.0   6.9160418943E-005
     -80.0   1.2496323259E-004
     -60.0   1.8895404120E-004
     -50.0   2.2827243948E-004
     -40.0   2.6857999432E-004
     -30.0   2.7785418796E-004
     -20.0   2.7020180177E-004
     -10.0   2.6534275552E-004
       0.0   2.4357993680E-004
      10.0   2.2181910621E-004
      20.0   2.1278719304E-004
      30.0   2.2229838163E-004
      40.0   2.2656514941E-004
      50.0   1.9473815065E-004
      60.0   1.6097588861E-004
      80.0   1.1040603592E-004
     100.0   6.7976567053E-005
     120.0   4.6056118387E-005
     140.0   3.5826742331E-005
     160.0   2.9078512536E-005
     180.0   2.4595769272E-005
     200.0   2.1419275245E-005
     220.0   1.9172290026E-005
     240.0   1.7534761443E-005
     260.0   1.6297652771E-005
     280.0   1.5325646706E-005
     300.0   1.4589653864E-005
     400.0   1.2848827727E-005
     500.0   1.2306524429E-005
    1000.0   1.1754645699E-005
