   -1000.0   2.4245845647E-005
    -500.0   2.4549308172E-005
    -400.0   2.4736775969E-005
    -300.0   2.5143140933E-005
    -280.0   2.5284917917E-005
    -260.0   2.5464967707E-005
    -240.0   2.5699866518E-005
    -220.0   2.6017604746E-005
    -200.0   2.6471994599E-005
    -180.0   2.7453580510E-005
    -160.0   2.9961786312E-005
    -140.0   3.3504364334E-005
    -120.0   3.9106557450E-005
    -100.0   4.7693677064E-005
     -80.0   7.2668646965E-005
     -60.0   1.4316012196E-004
     -50.0   1.8763250557E-004
     -40.0   2.1082255463E-004
     -30.0   2.1408845674E-004
     -20.0   2.0321309477E-004
     -10.0   1.7445209988E-004
       0.0   1.3383019803E-004
      10.0   1.0798908341E-004
      20.0   1.0744749106E-004
      30.0   1.0363753434E-004
      40.0   1.0103318659E-004
      50.0   1.0207064252E-004
      60.0   9.3033320494E-005
      80.0   6.4448842701E-005
     100.0   4.5767585970E-005
     120.0   3.8380816456E-005
     140.0   3.2945032913E-005
     160.0   2.9236204254E-005
     180.0   2.6791395840E-005
     200.0   2.5739632785E-005
     220.0   2.5308483349E-005
     240.0   2.4933601202E-005
     260.0   2.4412876852E-005
     280.0   2.3707888463E-005
     300.0   2.1803539626E-005
     400.0   2.4795479277E-005
     500.0   2.4686858759E-005
    1000.0   2.4566006056E-005
