   -1000.0   6.4033857225E-005
    -500.0   6.7175807665E-005
    -400.0   6.9479596044E-005
    -300.0   7.4641968373E-005
    -280.0   7.6452878664E-005
    -260.0   7.8745341927E-005
    -240.0   8.1711423445E-005
    -220.0   8.5648264975E-005
    -200.0   9.1041508923E-005
    -180.0   9.8747390729E-005
    -160.0   1.1024298336E-004
    -140.0   1.2652286991E-004
    -120.0   1.4825033044E-004
    -100.0   1.7742443220E-004
     -80.0   2.3406138330E-004
     -60.0   2.9020253552E-004
     -50.0   3.0634382521E-004
     -40.0   3.1216065747E-004
     -30.0   3.1342111126E-004
     -20.0   3.0919718482E-004
     -10.0   2.9941624975E-004
       0.0   2.7530671347E-004
      10.0   2.2491365799E-004
      20.0   2.1226030371E-004
      30.0   1.9798612326E-004
      40.0   1.8530727984E-004
      50.0   1.7872633992E-004
      60.0   1.7591820602E-004
      80.0   1.7051867557E-004
     100.0   1.5238025064E-004
     120.0   1.3071487774E-004
     140.0   1.1404909063E-004
     160.0   1.0071641396E-004
     180.0   8.9521017886E-005
     200.0   7.9940184324E-005
     220.0   7.2676159811E-005
     240.0   6.7775442276E-005
     260.0   6.4354157252E-005
     280.0   6.2310608820E-005
     300.0   6.1555590578E-005
     400.0   6.6535957621E-005
     500.0   6.6520521610E-005
    1000.0   6.4891338184E-005
