   -1000.0   5.2854781357E-005
    -500.0   5.2868313766E-005
    -400.0   5.2870752960E-005
    -300.0   5.2873298222E-005
    -280.0   5.2874151188E-005
    -260.0   5.2875238469E-005
    -240.0   5.2888365503E-005
    -220.0   5.2888235733E-005
    -200.0   5.2886616564E-005
    -180.0   5.2877638358E-005
    -160.0   5.2882294089E-005
    -140.0   5.2940568267E-005
    -120.0   5.2934287391E-005
    -100.0   5.2915247694E-005
     -80.0   5.2905346105E-005
     -60.0   5.2908941648E-005
     -50.0   5.2908873845E-005
     -40.0   5.2911554217E-005
     -30.0   5.2913915931E-005
     -20.0   5.2910638660E-005
     -10.0   5.2556970253E-005
       0.0   4.9654684748E-005
      10.0   4.4419045843E-005
      20.0   4.1559297549E-005
      30.0   4.1315335418E-005
      40.0   4.2028705411E-005
      50.0   4.3670824137E-005
      60.0   4.6419809050E-005
      80.0   5.2235538446E-005
     100.0   5.3101584125E-005
     120.0   5.2987855048E-005
     140.0   5.3267375614E-005
     160.0   5.3162771028E-005
     180.0   5.3005573776E-005
     200.0   5.3017568336E-005
     220.0   5.2962630866E-005
     240.0   5.2972586347E-005
     260.0   5.2826559300E-005
     280.0   5.2805235527E-005
     300.0   5.2623946919E-005
     400.0   5.2889777609E-005
     500.0   5.2892117217E-005
    1000.0   5.2903505197E-005
