   -1000.0   5.2768766746E-005
    -500.0   5.2778764412E-005
    -400.0   5.2780605483E-005
    -300.0   5.2782435262E-005
    -280.0   5.2782801527E-005
    -260.0   5.2783169389E-005
    -240.0   5.2783541303E-005
    -220.0   5.2783962247E-005
    -200.0   5.2792784507E-005
    -180.0   5.2833414017E-005
    -160.0   5.2886921820E-005
    -140.0   5.2945815338E-005
    -120.0   5.3009247687E-005
    -100.0   5.3057828452E-005
     -80.0   5.3294139736E-005
     -60.0   5.4073226109E-005
     -50.0   5.4243007217E-005
     -40.0   5.4407211748E-005
     -30.0   5.4680381806E-005
     -20.0   5.5058945960E-005
     -10.0   5.4737683413E-005
       0.0   5.4167386706E-005
      10.0   5.4213389023E-005
      20.0   5.4246634646E-005
      30.0   5.4150419511E-005
      40.0   5.4012061984E-005
      50.0   5.3882412824E-005
      60.0   5.3716599881E-005
      80.0   5.3442150898E-005
     100.0   5.3536023381E-005
     120.0   5.1635522943E-005
     140.0   4.7985638198E-005
     160.0   4.6398577101E-005
     180.0   4.5980007547E-005
     200.0   4.6331165255E-005
     220.0   4.7583434827E-005
     240.0   4.9164888433E-005
     260.0   5.0277234069E-005
     280.0   5.1141480769E-005
     300.0   5.1835039384E-005
     400.0   5.2734166530E-005
     500.0   5.2796428137E-005
    1000.0   5.2804973016E-005
