   -1000.0   6.3073671879E-005
    -500.0   6.3058473722E-005
    -400.0   6.3055305475E-005
    -300.0   6.3052120803E-005
    -280.0   6.3051481774E-005
    -260.0   6.3050842011E-005
    -240.0   6.3050201500E-005
    -220.0   6.3049560254E-005
    -200.0   6.3048918398E-005
    -180.0   6.3048296459E-005
    -160.0   6.3048426970E-005
    -140.0   6.3057431557E-005
    -120.0   6.3075707970E-005
    -100.0   6.3082490517E-005
     -80.0   6.3084377313E-005
     -60.0   6.3083713591E-005
     -50.0   6.3082417854E-005
     -40.0   6.3081986312E-005
     -30.0   6.3082532854E-005
     -20.0   6.3085472931E-005
     -10.0   6.3089411049E-005
       0.0   6.3082775173E-005
      10.0   6.3029593789E-005
      20.0   6.2861199848E-005
      30.0   6.2560991325E-005
      40.0   6.2204923053E-005
      50.0   6.1896621288E-005
      60.0   6.1695513165E-005
      80.0   6.1513109219E-005
     100.0   6.1478609833E-005
     120.0   6.1480533325E-005
     140.0   6.1467556033E-005
     160.0   6.1573871690E-005
     180.0   6.1793359973E-005
     200.0   6.2043172539E-005
     220.0   6.2257782946E-005
     240.0   6.2413062304E-005
     260.0   6.2464264479E-005
     280.0   6.2331061947E-005
     300.0   6.2294250407E-005
     400.0   6.3026934330E-005
     500.0   6.3026118659E-005
    1000.0   6.3009416254E-005
