   -1000.0   1.0982774846E-004
    -500.0   1.1305684648E-004
    -400.0   1.1560673355E-004
    -300.0   1.2349699854E-004
    -280.0   1.2633756663E-004
    -260.0   1.3002155860E-004
    -240.0   1.3532366320E-004
    -220.0   1.4277414661E-004
    -200.0   1.5473289874E-004
    -180.0   1.6879250757E-004
    -160.0   1.8302401445E-004
    -140.0   1.9484968679E-004
    -120.0   2.0588420998E-004
    -100.0   2.1690500394E-004
     -80.0   2.2910072763E-004
     -60.0   2.4033344130E-004
     -50.0   2.4697266784E-004
     -40.0   2.5228954295E-004
     -30.0   2.5232741819E-004
     -20.0   2.2928918033E-004
     -10.0   2.2505742108E-004
       0.0   2.2593255859E-004
      10.0   2.2518591500E-004
      20.0   2.2403155401E-004
      30.0   2.2581999607E-004
      40.0   2.1553395394E-004
      50.0   2.0494101873E-004
      60.0   1.9605315995E-004
      80.0   1.8223549026E-004
     100.0   1.6750678745E-004
     120.0   1.5400782174E-004
     140.0   1.4790775279E-004
     160.0   1.4054871791E-004
     180.0   1.3622230611E-004
     200.0   1.3269410097E-004
     220.0   1.2994801628E-004
     240.0   1.3048579566E-004
     260.0   1.2341012977E-004
     280.0   1.2211666230E-004
     300.0   1.1802329423E-004
     400.0   1.1516345669E-004
     500.0   1.1304389210E-004
    1000.0   1.1082300395E-004
