   -1000.0   6.0860875991E-005
    -500.0   6.0854462312E-005
    -400.0   6.0853102966E-005
    -300.0   6.0851728662E-005
    -280.0   6.0851452006E-005
    -260.0   6.0851174751E-005
    -240.0   6.0850896898E-005
    -220.0   6.0850618449E-005
    -200.0   6.0850341885E-005
    -180.0   6.0850084306E-005
    -160.0   6.0849839369E-005
    -140.0   6.0849597950E-005
    -120.0   6.0849360683E-005
    -100.0   6.0849122764E-005
     -80.0   6.0849077660E-005
     -60.0   6.0849337317E-005
     -50.0   6.0849279430E-005
     -40.0   6.0849162742E-005
     -30.0   6.0849193157E-005
     -20.0   6.0852709680E-005
     -10.0   6.0857853407E-005
       0.0   6.0848710581E-005
      10.0   6.0849058804E-005
      20.0   6.0848337159E-005
      30.0   6.0847985942E-005
      40.0   6.0847675399E-005
      50.0   6.0847432563E-005
      60.0   6.0847204236E-005
      80.0   6.0846708807E-005
     100.0   6.0846109378E-005
     120.0   6.0842863355E-005
     140.0   6.0839141215E-005
     160.0   6.0837316483E-005
     180.0   6.0835849011E-005
     200.0   6.0835236261E-005
     220.0   6.0836674410E-005
     240.0   6.0838035250E-005
     260.0   6.0839057431E-005
     280.0   6.0839672354E-005
     300.0   6.0840211980E-005
     400.0   6.0839581075E-005
     500.0   6.0840192936E-005
    1000.0   6.0832495749E-005
