   -1000.0   5.5737301926E-005
    -500.0   5.5738483911E-005
    -400.0   5.5738662264E-005
    -300.0   5.5738826418E-005
    -280.0   5.5738857544E-005
    -260.0   5.5738888102E-005
    -240.0   5.5738918092E-005
    -220.0   5.5738947530E-005
    -200.0   5.5738977242E-005
    -180.0   5.5739008237E-005
    -160.0   5.5739040087E-005
    -140.0   5.5739074584E-005
    -120.0   5.5739144827E-005
    -100.0   5.5739399760E-005
     -80.0   5.5755807893E-005
     -60.0   5.5739613332E-005
     -50.0   5.5739637524E-005
     -40.0   5.5739648379E-005
     -30.0   5.5739670425E-005
     -20.0   5.5739735726E-005
     -10.0   5.5739813814E-005
       0.0   5.5739847795E-005
      10.0   5.5739824367E-005
      20.0   5.5739749047E-005
      30.0   5.5739664237E-005
      40.0   5.5739587710E-005
      50.0   5.5739430081E-005
      60.0   5.5738981394E-005
      80.0   5.5754140060E-005
     100.0   5.5737732500E-005
     120.0   5.5737996033E-005
     140.0   5.5738389808E-005
     160.0   5.5738737124E-005
     180.0   5.5739007388E-005
     200.0   5.5739186925E-005
     220.0   5.5739309395E-005
     240.0   5.5739388963E-005
     260.0   5.5739436704E-005
     280.0   5.5739465779E-005
     300.0   5.5739482171E-005
     400.0   5.5739568509E-005
     500.0   5.5739627274E-005
    1000.0   5.5739663859E-005
