   -1000.0   5.7218816405E-005
    -500.0   5.7220081410E-005
    -400.0   5.7220259062E-005
    -300.0   5.7220422130E-005
    -280.0   5.7220452994E-005
    -260.0   5.7220483276E-005
    -240.0   5.7220512977E-005
    -220.0   5.7220542123E-005
    -200.0   5.7220584932E-005
    -180.0   5.7220720151E-005
    -160.0   5.7220868940E-005
    -140.0   5.7221074995E-005
    -120.0   5.7221343080E-005
    -100.0   5.7221663600E-005
     -80.0   5.7223543730E-005
     -60.0   5.7229229318E-005
     -50.0   5.7229698107E-005
     -40.0   5.7229876800E-005
     -30.0   5.7230520737E-005
     -20.0   5.7231530625E-005
     -10.0   5.7231727346E-005
       0.0   5.7231356743E-005
      10.0   5.7231215972E-005
      20.0   5.7230383194E-005
      30.0   5.7228684014E-005
      40.0   5.7227268894E-005
      50.0   5.7226337404E-005
      60.0   5.7225605407E-005
      80.0   5.7223049310E-005
     100.0   5.7220909575E-005
     120.0   5.7190207713E-005
     140.0   5.7147010208E-005
     160.0   5.7137940167E-005
     180.0   5.7136157169E-005
     200.0   5.7131108117E-005
     220.0   5.7147761922E-005
     240.0   5.7165427634E-005
     260.0   5.7178175711E-005
     280.0   5.7188384622E-005
     300.0   5.7196530144E-005
     400.0   5.7208174424E-005
     500.0   5.7221199690E-005
    1000.0   5.7221211237E-005
