   -1000.0   5.7597484813E-005
    -500.0   5.7601623404E-005
    -400.0   5.7602284906E-005
    -300.0   5.7602931515E-005
    -280.0   5.7603059047E-005
    -260.0   5.7603185985E-005
    -240.0   5.7603312333E-005
    -220.0   5.7603441088E-005
    -200.0   5.7603661465E-005
    -180.0   5.7603926244E-005
    -160.0   5.7604228460E-005
    -140.0   5.7604495136E-005
    -120.0   5.7604912907E-005
    -100.0   5.7605241204E-005
     -80.0   5.7605826570E-005
     -60.0   5.7610347685E-005
     -50.0   5.7611968936E-005
     -40.0   5.7612621285E-005
     -30.0   5.7613521779E-005
     -20.0   5.7616030825E-005
     -10.0   5.7616335937E-005
       0.0   5.7613870501E-005
      10.0   5.7614051191E-005
      20.0   5.7613257559E-005
      30.0   5.7611347677E-005
      40.0   5.7610180436E-005
      50.0   5.7609497952E-005
      60.0   5.7608813911E-005
      80.0   5.7606719073E-005
     100.0   5.7606332614E-005
     120.0   5.7580508703E-005
     140.0   5.7490396676E-005
     160.0   5.7457556986E-005
     180.0   5.7454353024E-005
     200.0   5.7453421998E-005
     220.0   5.7449790126E-005
     240.0   5.7488581181E-005
     260.0   5.7515720388E-005
     280.0   5.7536247287E-005
     300.0   5.7550829958E-005
     400.0   5.7557127009E-005
     500.0   5.7607547607E-005
    1000.0   5.7609967434E-005
