   -1000.0   6.2594198360E-005
    -500.0   6.2966269176E-005
    -400.0   6.3182691649E-005
    -300.0   6.3852711810E-005
    -280.0   6.4352115097E-005
    -260.0   6.5158050610E-005
    -240.0   6.5893623120E-005
    -220.0   6.7082248234E-005
    -200.0   6.8733588461E-005
    -180.0   7.1263422345E-005
    -160.0   7.6298320000E-005
    -140.0   9.4573843662E-005
    -120.0   1.2185012928E-004
    -100.0   1.5146968536E-004
     -80.0   1.7649530885E-004
     -60.0   2.0913860970E-004
     -50.0   2.3156858349E-004
     -40.0   2.5670979879E-004
     -30.0   2.8795640278E-004
     -20.0   3.0496253010E-004
     -10.0   3.0262925025E-004
       0.0   2.8024879709E-004
      10.0   2.3938437378E-004
      20.0   1.9619908736E-004
      30.0   1.7252817175E-004
      40.0   1.4639158845E-004
      50.0   1.2336530252E-004
      60.0   1.0929284995E-004
      80.0   9.3058856024E-005
     100.0   8.2508953389E-005
     120.0   7.2132996332E-005
     140.0   6.5058674114E-005
     160.0   5.9103314303E-005
     180.0   5.7922638513E-005
     200.0   5.8139433263E-005
     220.0   5.9702764898E-005
     240.0   6.0321933134E-005
     260.0   6.0254437594E-005
     280.0   5.9276540407E-005
     300.0   5.8788694195E-005
     400.0   6.2562281202E-005
     500.0   6.2872448179E-005
    1000.0   6.2792710902E-005
