   -1000.0   5.6389027128E-005
    -500.0   5.6409209968E-005
    -400.0   5.6414906003E-005
    -300.0   5.6428724287E-005
    -280.0   5.6433851339E-005
    -260.0   5.6440537372E-005
    -240.0   5.6449515627E-005
    -220.0   5.6462041384E-005
    -200.0   5.6480462435E-005
    -180.0   5.6509866341E-005
    -160.0   5.6575238647E-005
    -140.0   5.7183038153E-005
    -120.0   5.9748764043E-005
    -100.0   7.1441906442E-005
     -80.0   8.5356077127E-005
     -60.0   9.6889761438E-005
     -50.0   1.0443346960E-004
     -40.0   1.1613701483E-004
     -30.0   1.1786167145E-004
     -20.0   1.1623429751E-004
     -10.0   1.0878229057E-004
       0.0   1.0239257311E-004
      10.0   1.0078196471E-004
      20.0   1.0067314915E-004
      30.0   1.0127629357E-004
      40.0   9.9807062541E-005
      50.0   9.1622837700E-005
      60.0   8.4806960184E-005
      80.0   7.4842122975E-005
     100.0   6.2446585827E-005
     120.0   5.1489138070E-005
     140.0   4.8193337190E-005
     160.0   4.8347480400E-005
     180.0   5.0130328059E-005
     200.0   5.1473066293E-005
     220.0   5.2606036378E-005
     240.0   5.3529339424E-005
     260.0   5.4029038208E-005
     280.0   5.4279355761E-005
     300.0   5.4427178166E-005
     400.0   5.6375611394E-005
     500.0   5.6398462111E-005
    1000.0   5.6398699451E-005
