   -1000.0   5.8733260452E-005
    -500.0   5.8728483493E-005
    -400.0   5.8727353091E-005
    -300.0   5.8726206553E-005
    -280.0   5.8725975258E-005
    -260.0   5.8725743317E-005
    -240.0   5.8725510776E-005
    -220.0   5.8725277739E-005
    -200.0   5.8725044504E-005
    -180.0   5.8724848077E-005
    -160.0   5.8725719476E-005
    -140.0   5.8729329230E-005
    -120.0   5.8736465733E-005
    -100.0   5.8776648564E-005
     -80.0   5.9467917241E-005
     -60.0   5.9427060543E-005
     -50.0   5.9428790197E-005
     -40.0   5.9484835428E-005
     -30.0   5.9436297311E-005
     -20.0   5.9275823050E-005
     -10.0   5.9108886631E-005
       0.0   5.9096852064E-005
      10.0   5.9157080622E-005
      20.0   5.9006057476E-005
      30.0   5.8999271264E-005
      40.0   5.9154095891E-005
      50.0   5.9406504667E-005
      60.0   5.9684847572E-005
      80.0   5.9637075180E-005
     100.0   5.7472245460E-005
     120.0   5.5016701453E-005
     140.0   5.4378899939E-005
     160.0   5.4667186523E-005
     180.0   5.5625127717E-005
     200.0   5.6744442582E-005
     220.0   5.7469135579E-005
     240.0   5.7953702379E-005
     260.0   5.8248748965E-005
     280.0   5.8436313274E-005
     300.0   5.8536552303E-005
     400.0   5.8715780486E-005
     500.0   5.8716525446E-005
    1000.0   5.8710046171E-005
