   -1000.0   6.2333067968E-005
    -500.0   6.2468456261E-005
    -400.0   6.2532823041E-005
    -300.0   6.2810013762E-005
    -280.0   6.3026723981E-005
    -260.0   6.3877391066E-005
    -240.0   6.5377139854E-005
    -220.0   6.7814848050E-005
    -200.0   7.0656727324E-005
    -180.0   7.3091806807E-005
    -160.0   7.5409095781E-005
    -140.0   7.7843475006E-005
    -120.0   8.0427723096E-005
    -100.0   8.3672293330E-005
     -80.0   8.7692859588E-005
     -60.0   9.1131502464E-005
     -50.0   9.2909719203E-005
     -40.0   9.4374392938E-005
     -30.0   9.6364645145E-005
     -20.0   9.1996593765E-005
     -10.0   8.7260531247E-005
       0.0   8.1879522711E-005
      10.0   7.6935438970E-005
      20.0   7.0730646069E-005
      30.0   6.8697904929E-005
      40.0   6.7668838314E-005
      50.0   6.6728752266E-005
      60.0   6.5576505871E-005
      80.0   5.8511703489E-005
     100.0   5.2318920850E-005
     120.0   5.0231486140E-005
     140.0   4.9700198871E-005
     160.0   4.9733804959E-005
     180.0   5.0211460320E-005
     200.0   5.0515960153E-005
     220.0   5.0806730768E-005
     240.0   5.1604777674E-005
     260.0   5.2628266900E-005
     280.0   5.3713495620E-005
     300.0   5.4526964944E-005
     400.0   6.1661697354E-005
     500.0   6.2243282080E-005
    1000.0   6.2385089863E-005
