   -1000.0   2.2171535213E-004
    -500.0   2.2921801505E-004
    -400.0   2.3452955510E-004
    -300.0   2.4680931196E-004
    -280.0   2.5125780284E-004
    -260.0   2.5700914191E-004
    -240.0   2.6466267944E-004
    -220.0   2.7521701682E-004
    -200.0   2.9052179362E-004
    -180.0   3.1254302558E-004
    -160.0   3.4136074041E-004
    -140.0   3.7957097915E-004
    -120.0   4.3449530698E-004
    -100.0   5.0767692928E-004
     -80.0   6.4751833811E-004
     -60.0   8.0698757243E-004
     -50.0   8.7728769150E-004
     -40.0   8.9576940754E-004
     -30.0   8.9665905083E-004
     -20.0   8.7937085691E-004
     -10.0   8.2103423225E-004
       0.0   7.0310714349E-004
      10.0   5.0802654679E-004
      20.0   5.8469322650E-004
      30.0   5.5814385949E-004
      40.0   5.4431608807E-004
      50.0   5.4132504726E-004
      60.0   5.4776038896E-004
      80.0   5.1340293010E-004
     100.0   4.4845185154E-004
     120.0   3.9251410989E-004
     140.0   3.5448647193E-004
     160.0   3.2524383468E-004
     180.0   3.0100362714E-004
     200.0   2.8215246269E-004
     220.0   2.6892186364E-004
     240.0   2.5933779793E-004
     260.0   2.5176850457E-004
     280.0   2.4566663963E-004
     300.0   2.4080400904E-004
     400.0   2.3248255551E-004
     500.0   2.2922521901E-004
    1000.0   2.2377888017E-004
