   -1000.0   5.8668385072E-005
    -500.0   5.8668615011E-005
    -400.0   5.8668608151E-005
    -300.0   5.8668586414E-005
    -280.0   5.8668580280E-005
    -260.0   5.8668573551E-005
    -240.0   5.8668566226E-005
    -220.0   5.8668558305E-005
    -200.0   5.8668549814E-005
    -180.0   5.8668540781E-005
    -160.0   5.8668531226E-005
    -140.0   5.8668521222E-005
    -120.0   5.8668510869E-005
    -100.0   5.8668499900E-005
     -80.0   5.8668489940E-005
     -60.0   5.8668487453E-005
     -50.0   5.8668483459E-005
     -40.0   5.8668476991E-005
     -30.0   5.8668470831E-005
     -20.0   5.8668466211E-005
     -10.0   5.8668459262E-005
       0.0   5.8668450775E-005
      10.0   5.8668442925E-005
      20.0   5.8668433580E-005
      30.0   5.8668422604E-005
      40.0   5.8668412216E-005
      50.0   5.8668402479E-005
      60.0   5.8668392609E-005
      80.0   5.8668371161E-005
     100.0   5.8668352159E-005
     120.0   5.8668333535E-005
     140.0   5.8668314317E-005
     160.0   5.8668294775E-005
     180.0   5.8668274788E-005
     200.0   5.8668254277E-005
     220.0   5.8668233208E-005
     240.0   5.8668211550E-005
     260.0   5.8668189295E-005
     280.0   5.8668166444E-005
     300.0   5.8668142998E-005
     400.0   5.8668016811E-005
     500.0   5.8667875692E-005
    1000.0   5.8666945395E-005
