   -1000.0   5.4902482877E-005
    -500.0   5.4910379634E-005
    -400.0   5.4911992509E-005
    -300.0   5.4915215141E-005
    -280.0   5.4916314742E-005
    -260.0   5.4917707015E-005
    -240.0   5.4919522379E-005
    -220.0   5.4921980241E-005
    -200.0   5.4925487448E-005
    -180.0   5.4930930319E-005
    -160.0   5.4945905303E-005
    -140.0   5.5517540586E-005
    -120.0   5.6847679974E-005
    -100.0   5.8251377334E-005
     -80.0   6.5157745560E-005
     -60.0   8.5721325074E-005
     -50.0   9.7452514303E-005
     -40.0   1.0057234246E-004
     -30.0   9.7509940467E-005
     -20.0   9.0193143697E-005
     -10.0   8.2515339164E-005
       0.0   7.8716845963E-005
      10.0   8.1712662688E-005
      20.0   8.9979289183E-005
      30.0   9.6731244951E-005
      40.0   9.9243888091E-005
      50.0   9.4200879732E-005
      60.0   8.3011800841E-005
      80.0   6.6572525460E-005
     100.0   5.8703630116E-005
     120.0   5.4264832437E-005
     140.0   4.7271905815E-005
     160.0   4.5684375422E-005
     180.0   4.8369286045E-005
     200.0   5.0282117358E-005
     220.0   5.1796039122E-005
     240.0   5.3003968091E-005
     260.0   5.3769963098E-005
     280.0   5.4317323767E-005
     300.0   5.4537234994E-005
     400.0   5.4913581543E-005
     500.0   5.4913116142E-005
    1000.0   5.4912957836E-005
