   -1000.0   5.3013537131E-005
    -500.0   5.3024264509E-005
    -400.0   5.3026070782E-005
    -300.0   5.3028608730E-005
    -280.0   5.3029338013E-005
    -260.0   5.3030219991E-005
    -240.0   5.3031337228E-005
    -220.0   5.3032853163E-005
    -200.0   5.3035287287E-005
    -180.0   5.3096119151E-005
    -160.0   5.3507356373E-005
    -140.0   5.4198497721E-005
    -120.0   5.5024971380E-005
    -100.0   5.7834454397E-005
     -80.0   6.6635413648E-005
     -60.0   7.6055381889E-005
     -50.0   8.0917803123E-005
     -40.0   8.8998078492E-005
     -30.0   9.6374413749E-005
     -20.0   9.7622029997E-005
     -10.0   9.0638309831E-005
       0.0   8.6000130156E-005
      10.0   8.4186149534E-005
      20.0   8.4832799910E-005
      30.0   8.4431901776E-005
      40.0   7.9700900217E-005
      50.0   7.3139755886E-005
      60.0   6.9986699276E-005
      80.0   6.4544486404E-005
     100.0   5.6749972975E-005
     120.0   5.0023824329E-005
     140.0   4.6666104256E-005
     160.0   4.4751835650E-005
     180.0   4.4475711944E-005
     200.0   4.6160388217E-005
     220.0   4.7768761145E-005
     240.0   4.9061683126E-005
     260.0   5.0037064744E-005
     280.0   5.0718286093E-005
     300.0   5.1265862456E-005
     400.0   5.2763058760E-005
     500.0   5.3034532598E-005
    1000.0   5.3041611151E-005
