   -1000.0   5.9483859885E-005
    -500.0   5.9530198979E-005
    -400.0   5.9545965865E-005
    -300.0   5.9585176723E-005
    -280.0   5.9599960404E-005
    -260.0   5.9619450687E-005
    -240.0   5.9646085873E-005
    -220.0   5.9684488751E-005
    -200.0   5.9745795333E-005
    -180.0   6.0063451997E-005
    -160.0   6.1288206896E-005
    -140.0   6.3488367861E-005
    -120.0   6.7447976440E-005
    -100.0   8.5715591648E-005
     -80.0   1.1215100123E-004
     -60.0   1.4361028972E-004
     -50.0   1.6484625625E-004
     -40.0   1.9164958947E-004
     -30.0   1.9888583421E-004
     -20.0   1.9766078197E-004
     -10.0   1.7683056177E-004
       0.0   1.5577545212E-004
      10.0   1.4090769450E-004
      20.0   1.3731157081E-004
      30.0   1.3844012742E-004
      40.0   1.3775716865E-004
      50.0   1.2418152818E-004
      60.0   1.1325414963E-004
      80.0   9.4414946514E-005
     100.0   7.6220684505E-005
     120.0   6.0670783783E-005
     140.0   5.3339773451E-005
     160.0   5.0624687662E-005
     180.0   5.0145540105E-005
     200.0   5.1740873130E-005
     220.0   5.3697408924E-005
     240.0   5.5028565350E-005
     260.0   5.5950328936E-005
     280.0   5.6444804765E-005
     300.0   5.6845608434E-005
     400.0   5.8621267535E-005
     500.0   5.9483350169E-005
    1000.0   5.9495990722E-005
