   -1000.0   5.5274644366E-005
    -500.0   5.5285145112E-005
    -400.0   5.5285457138E-005
    -300.0   5.5285877066E-005
    -280.0   5.5286020422E-005
    -260.0   5.5286230486E-005
    -240.0   5.5287504670E-005
    -220.0   5.5295308687E-005
    -200.0   5.5324887597E-005
    -180.0   5.5407379057E-005
    -160.0   5.6345107670E-005
    -140.0   5.7352026272E-005
    -120.0   5.8121380493E-005
    -100.0   5.8737783206E-005
     -80.0   5.9303076322E-005
     -60.0   5.9744602767E-005
     -50.0   5.9931392663E-005
     -40.0   6.0459135025E-005
     -30.0   6.0831101879E-005
     -20.0   6.0653962430E-005
     -10.0   5.9617543663E-005
       0.0   5.7493613749E-005
      10.0   5.4506423366E-005
      20.0   5.0209500999E-005
      30.0   4.6552616996E-005
      40.0   4.4569768288E-005
      50.0   4.3590540654E-005
      60.0   4.3490248750E-005
      80.0   4.4145947138E-005
     100.0   4.5135963906E-005
     120.0   4.6000256062E-005
     140.0   4.6912599192E-005
     160.0   4.7564055829E-005
     180.0   4.6285850496E-005
     200.0   4.5780414991E-005
     220.0   4.6032042115E-005
     240.0   4.6856366959E-005
     260.0   4.7888780870E-005
     280.0   4.9185474447E-005
     300.0   5.1345352683E-005
     400.0   5.5254461230E-005
     500.0   5.5286706963E-005
    1000.0   5.5288566417E-005
