   -1000.0   4.7096263971E-005
    -500.0   4.7571812218E-005
    -400.0   4.7925509962E-005
    -300.0   4.8933661493E-005
    -280.0   4.9589310106E-005
    -260.0   5.0901364512E-005
    -240.0   5.1957388950E-005
    -220.0   5.3284472958E-005
    -200.0   5.4424882841E-005
    -180.0   5.7499131605E-005
    -160.0   6.6021199514E-005
    -140.0   7.7394371492E-005
    -120.0   8.6720075585E-005
    -100.0   9.3154741565E-005
     -80.0   1.0275555326E-004
     -60.0   1.1463976479E-004
     -50.0   1.2144922398E-004
     -40.0   1.2829398546E-004
     -30.0   1.3562298543E-004
     -20.0   1.3977350108E-004
     -10.0   1.2853972667E-004
       0.0   1.2353640259E-004
      10.0   1.2032452647E-004
      20.0   1.1569695238E-004
      30.0   1.0567107077E-004
      40.0   9.8986703780E-005
      50.0   9.3916312358E-005
      60.0   8.7688880526E-005
      80.0   7.8737321089E-005
     100.0   7.0793283261E-005
     120.0   6.4442823512E-005
     140.0   6.0334562984E-005
     160.0   5.7531753422E-005
     180.0   5.5349218358E-005
     200.0   5.3885218121E-005
     220.0   5.4698377318E-005
     240.0   5.2626210539E-005
     260.0   5.0598281239E-005
     280.0   4.9242537707E-005
     300.0   4.8560329021E-005
     400.0   4.7809296171E-005
     500.0   4.7484084419E-005
    1000.0   4.7077983455E-005
