   -1000.0   3.2406240374E-005
    -500.0   3.2352891821E-005
    -400.0   3.2342201954E-005
    -300.0   3.2331507811E-005
    -280.0   3.2329368930E-005
    -260.0   3.2327230596E-005
    -240.0   3.2325093185E-005
    -220.0   3.2322952772E-005
    -200.0   3.2320812574E-005
    -180.0   3.2318671466E-005
    -160.0   3.2316533578E-005
    -140.0   3.2314400084E-005
    -120.0   3.2312259197E-005
    -100.0   3.2310118894E-005
     -80.0   3.2307979382E-005
     -60.0   3.2305840885E-005
     -50.0   3.2304770852E-005
     -40.0   3.2303701391E-005
     -30.0   3.2302633633E-005
     -20.0   3.2301566904E-005
     -10.0   3.2300502066E-005
       0.0   3.2299437496E-005
      10.0   3.2298353662E-005
      20.0   3.2297276259E-005
      30.0   3.2296202450E-005
      40.0   3.2295129249E-005
      50.0   3.2294057617E-005
      60.0   3.2292986716E-005
      80.0   3.2290842543E-005
     100.0   3.2288698903E-005
     120.0   3.2286555070E-005
     140.0   3.2284411321E-005
     160.0   3.2282266760E-005
     180.0   3.2280122049E-005
     200.0   3.2277978461E-005
     220.0   3.2275833886E-005
     240.0   3.2273690085E-005
     260.0   3.2271544102E-005
     280.0   3.2269398424E-005
     300.0   3.2267253260E-005
     400.0   3.2256529089E-005
     500.0   3.2245800801E-005
    1000.0   3.2192095486E-005
