   -1000.0   2.9404283318E-004
    -500.0   3.0339769734E-004
    -400.0   3.1042777175E-004
    -300.0   3.2697435105E-004
    -280.0   3.3268022529E-004
    -260.0   3.4014901229E-004
    -240.0   3.4957059645E-004
    -220.0   3.6168985701E-004
    -200.0   3.7735586656E-004
    -180.0   3.9491334083E-004
    -160.0   4.0826217321E-004
    -140.0   4.3016512489E-004
    -120.0   4.7441625624E-004
    -100.0   5.2694481299E-004
     -80.0   5.7646394089E-004
     -60.0   6.0347395424E-004
     -50.0   6.1727092700E-004
     -40.0   6.2973693291E-004
     -30.0   6.5102006550E-004
     -20.0   6.4696887754E-004
     -10.0   6.2027974269E-004
       0.0   5.8119862189E-004
      10.0   5.3861240041E-004
      20.0   4.9827529375E-004
      30.0   4.9567746677E-004
      40.0   4.9983097977E-004
      50.0   5.2020852317E-004
      60.0   5.3296710072E-004
      80.0   5.2297307109E-004
     100.0   4.8748487669E-004
     120.0   4.5460394726E-004
     140.0   4.2483977667E-004
     160.0   3.9776201568E-004
     180.0   3.7691349347E-004
     200.0   3.6185797447E-004
     220.0   3.5016129744E-004
     240.0   3.4107215568E-004
     260.0   3.3363019447E-004
     280.0   3.2769664221E-004
     300.0   3.2289318495E-004
     400.0   3.0879051560E-004
     500.0   3.0283594440E-004
    1000.0   2.9516905607E-004
