   -1000.0   3.4704043269E-005
    -500.0   3.4687576878E-005
    -400.0   3.4690268064E-005
    -300.0   3.4716570080E-005
    -280.0   3.4730543862E-005
    -260.0   3.4752949686E-005
    -240.0   3.4803622149E-005
    -220.0   3.5046406224E-005
    -200.0   3.5541332778E-005
    -180.0   3.6344543321E-005
    -160.0   3.7483858284E-005
    -140.0   3.8681687785E-005
    -120.0   4.0898565528E-005
    -100.0   5.2395012728E-005
     -80.0   7.1097151763E-005
     -60.0   9.2335449201E-005
     -50.0   1.0404470716E-004
     -40.0   1.2117028136E-004
     -30.0   1.4751303905E-004
     -20.0   1.6553460144E-004
     -10.0   1.6375090205E-004
       0.0   1.4361298797E-004
      10.0   1.1370985268E-004
      20.0   1.0037039833E-004
      30.0   9.3709596231E-005
      40.0   8.2045151708E-005
      50.0   7.4799311764E-005
      60.0   6.6047192065E-005
      80.0   5.1316531820E-005
     100.0   3.9133545145E-005
     120.0   3.2418728556E-005
     140.0   3.0839990462E-005
     160.0   3.0547362922E-005
     180.0   3.0163734528E-005
     200.0   2.9830453626E-005
     220.0   2.9698369416E-005
     240.0   3.0177521415E-005
     260.0   3.0962400594E-005
     280.0   3.1603609025E-005
     300.0   3.2113292050E-005
     400.0   3.3846934634E-005
     500.0   3.4527539691E-005
    1000.0   3.4501033196E-005
