   -1000.0   3.2325036257E-005
    -500.0   3.2271863865E-005
    -400.0   3.2261162304E-005
    -300.0   3.2250474174E-005
    -280.0   3.2248341013E-005
    -260.0   3.2246210856E-005
    -240.0   3.2244085159E-005
    -220.0   3.2241993816E-005
    -200.0   3.2240016141E-005
    -180.0   3.2238107790E-005
    -160.0   3.2236414559E-005
    -140.0   3.2235180386E-005
    -120.0   3.2235228054E-005
    -100.0   3.2282275466E-005
     -80.0   3.3008049531E-005
     -60.0   3.3817846330E-005
     -50.0   3.3961317666E-005
     -40.0   3.4261667275E-005
     -30.0   3.4538712176E-005
     -20.0   3.4534384541E-005
     -10.0   3.4353408267E-005
       0.0   3.4141899866E-005
      10.0   3.4352596288E-005
      20.0   3.4538077078E-005
      30.0   3.4226920453E-005
      40.0   3.3577880248E-005
      50.0   3.3248601760E-005
      60.0   3.2585144223E-005
      80.0   3.1396659981E-005
     100.0   3.1489477041E-005
     120.0   3.1889104982E-005
     140.0   3.2088726062E-005
     160.0   3.2162664372E-005
     180.0   3.2185619987E-005
     200.0   3.2191727565E-005
     220.0   3.2192150236E-005
     240.0   3.2190999671E-005
     260.0   3.2189448809E-005
     280.0   3.2187663322E-005
     300.0   3.2185706067E-005
     400.0   3.2175277545E-005
     500.0   3.2164522410E-005
    1000.0   3.2110682985E-005
