   -1000.0   3.6988681166E-005
    -500.0   3.6919898426E-005
    -400.0   3.6906122129E-005
    -300.0   3.6892342396E-005
    -280.0   3.6889586037E-005
    -260.0   3.6886829541E-005
    -240.0   3.6884072908E-005
    -220.0   3.6881316137E-005
    -200.0   3.6878559230E-005
    -180.0   3.6875802186E-005
    -160.0   3.6873045015E-005
    -140.0   3.6870291184E-005
    -120.0   3.6867554753E-005
    -100.0   3.6864824021E-005
     -80.0   3.6862094059E-005
     -60.0   3.6859532078E-005
     -50.0   3.6858235905E-005
     -40.0   3.6856912087E-005
     -30.0   3.6855563386E-005
     -20.0   3.6854123781E-005
     -10.0   3.7589781742E-005
       0.0   3.6851276169E-005
      10.0   3.7560603651E-005
      20.0   3.6848525861E-005
      30.0   3.6847158677E-005
      40.0   3.6845750288E-005
      50.0   3.6844316433E-005
      60.0   3.6842887292E-005
      80.0   3.6840025379E-005
     100.0   3.6837242624E-005
     120.0   3.6834460137E-005
     140.0   3.6831681544E-005
     160.0   3.6828917378E-005
     180.0   3.6826156348E-005
     200.0   3.6820462006E-005
     220.0   3.6820634810E-005
     240.0   3.6817872910E-005
     260.0   3.6815109897E-005
     280.0   3.6812344218E-005
     300.0   3.6809585831E-005
     400.0   3.6795787847E-005
     500.0   3.6781980692E-005
    1000.0   3.6712893691E-005
