   -1000.0   5.9661334210E-005
    -500.0   5.9620032831E-005
    -400.0   5.9611718748E-005
    -300.0   5.9603391293E-005
    -280.0   5.9601724197E-005
    -260.0   5.9600056566E-005
    -240.0   5.9598388400E-005
    -220.0   5.9596719876E-005
    -200.0   5.9595052428E-005
    -180.0   5.9593386121E-005
    -160.0   5.9591720641E-005
    -140.0   5.9590055972E-005
    -120.0   5.9588416006E-005
    -100.0   5.9586846394E-005
     -80.0   5.9585241135E-005
     -60.0   5.9583602459E-005
     -50.0   5.9582781471E-005
     -40.0   5.9581960889E-005
     -30.0   5.9581144638E-005
     -20.0   5.9580335155E-005
     -10.0   5.9592694248E-005
       0.0   5.9578640270E-005
      10.0   5.9577755477E-005
      20.0   5.9576867690E-005
      30.0   5.9575989167E-005
      40.0   5.9575122923E-005
      50.0   5.9574261329E-005
      60.0   5.9573398609E-005
      80.0   5.9571674987E-005
     100.0   5.9569969200E-005
     120.0   5.9568271163E-005
     140.0   5.9566579408E-005
     160.0   5.9564896457E-005
     180.0   5.9563212533E-005
     200.0   5.9561529881E-005
     220.0   5.9559850073E-005
     240.0   5.9558171731E-005
     260.0   5.9556489529E-005
     280.0   5.9554803614E-005
     300.0   5.9553120010E-005
     400.0   5.9544722742E-005
     500.0   5.9536289552E-005
    1000.0   5.9493915471E-005
