   -1000.0   5.2449747147E-005
    -500.0   5.2428711164E-005
    -400.0   5.2424790026E-005
    -300.0   5.2423159055E-005
    -280.0   5.2428323465E-005
    -260.0   5.2476491523E-005
    -240.0   5.2549657009E-005
    -220.0   5.2682387962E-005
    -200.0   5.2972009209E-005
    -180.0   5.3285709560E-005
    -160.0   5.4236845765E-005
    -140.0   5.7990009776E-005
    -120.0   6.1861214953E-005
    -100.0   6.4347652989E-005
     -80.0   6.6749362324E-005
     -60.0   7.1190555352E-005
     -50.0   7.3856686436E-005
     -40.0   7.6991476895E-005
     -30.0   7.8646567861E-005
     -20.0   7.8890780302E-005
     -10.0   7.6729451972E-005
       0.0   7.4567378787E-005
      10.0   7.0247448714E-005
      20.0   6.5639920719E-005
      30.0   5.9319345013E-005
      40.0   5.0764785518E-005
      50.0   4.4632475542E-005
      60.0   4.1865741253E-005
      80.0   4.1696109981E-005
     100.0   4.3388481398E-005
     120.0   4.4565832709E-005
     140.0   4.3972294341E-005
     160.0   4.3273616608E-005
     180.0   4.3805581493E-005
     200.0   4.5095132813E-005
     220.0   4.6352176137E-005
     240.0   4.8174319266E-005
     260.0   4.8931251772E-005
     280.0   4.9190654161E-005
     300.0   4.9449434193E-005
     400.0   5.2173045803E-005
     500.0   5.2376489209E-005
    1000.0   5.2353659625E-005
