   -1000.0   6.0417297788E-005
    -500.0   6.0373314808E-005
    -400.0   6.0364423870E-005
    -300.0   6.0355519423E-005
    -280.0   6.0353736896E-005
    -260.0   6.0351953817E-005
    -240.0   6.0350170185E-005
    -220.0   6.0348386012E-005
    -200.0   6.0346611945E-005
    -180.0   6.0344943700E-005
    -160.0   6.0343374660E-005
    -140.0   6.0342003928E-005
    -120.0   6.0342850065E-005
    -100.0   6.0344298797E-005
     -80.0   6.0343662250E-005
     -60.0   6.0342866218E-005
     -50.0   6.0342023026E-005
     -40.0   6.0341021503E-005
     -30.0   6.0340813308E-005
     -20.0   6.0342734986E-005
     -10.0   6.0346802892E-005
       0.0   6.0341297549E-005
      10.0   6.0340364079E-005
      20.0   6.0334522140E-005
      30.0   6.0320964534E-005
      40.0   6.0279250805E-005
      50.0   6.0201686146E-005
      60.0   6.0100371861E-005
      80.0   5.9976296145E-005
     100.0   5.9946857490E-005
     120.0   5.9956333871E-005
     140.0   5.9963526744E-005
     160.0   5.9976140966E-005
     180.0   5.9997563375E-005
     200.0   6.0031656620E-005
     220.0   6.0085853240E-005
     240.0   6.0129640222E-005
     260.0   6.0146441917E-005
     280.0   6.0116217111E-005
     300.0   6.0098315386E-005
     400.0   6.0276780725E-005
     500.0   6.0283804510E-005
    1000.0   6.0238558366E-005
