   -1000.0   5.1725182332E-005
    -500.0   5.1704747568E-005
    -400.0   5.1700617055E-005
    -300.0   5.1696473277E-005
    -280.0   5.1695642929E-005
    -260.0   5.1694812051E-005
    -240.0   5.1693980645E-005
    -220.0   5.1693148824E-005
    -200.0   5.1692316505E-005
    -180.0   5.1691483751E-005
    -160.0   5.1690650691E-005
    -140.0   5.1689817463E-005
    -120.0   5.1688984561E-005
    -100.0   5.1688161639E-005
     -80.0   5.1687370348E-005
     -60.0   5.1686550059E-005
     -50.0   5.1686135141E-005
     -40.0   5.1685719693E-005
     -30.0   5.1685305146E-005
     -20.0   5.1684893435E-005
     -10.0   5.1869067032E-005
       0.0   5.1684069673E-005
      10.0   5.1710842178E-005
      20.0   5.1683213541E-005
      30.0   5.1682779611E-005
      40.0   5.1682346116E-005
      50.0   5.1681914687E-005
      60.0   5.1681484749E-005
      80.0   5.1680612459E-005
     100.0   5.1679743787E-005
     120.0   5.1678902313E-005
     140.0   5.1678069133E-005
     160.0   5.1677233369E-005
     180.0   5.1676394546E-005
     200.0   5.1675553441E-005
     220.0   5.1674710753E-005
     240.0   5.1673866991E-005
     260.0   5.1673022493E-005
     280.0   5.1672177356E-005
     300.0   5.1671331660E-005
     400.0   5.1667094980E-005
     500.0   5.1662844911E-005
    1000.0   5.1641394809E-005
