   -1000.0   5.7641362704E-005
    -500.0   5.7607770326E-005
    -400.0   5.7600969694E-005
    -300.0   5.7594155512E-005
    -280.0   5.7592791056E-005
    -260.0   5.7591426064E-005
    -240.0   5.7590060540E-005
    -220.0   5.7588694579E-005
    -200.0   5.7587339758E-005
    -180.0   5.7586023886E-005
    -160.0   5.7584744662E-005
    -140.0   5.7583577119E-005
    -120.0   5.7582662740E-005
    -100.0   5.7581908117E-005
     -80.0   5.7584784616E-005
     -60.0   5.7599191688E-005
     -50.0   5.7600531625E-005
     -40.0   5.7599937492E-005
     -30.0   5.7600272508E-005
     -20.0   5.7601809955E-005
     -10.0   5.7602718824E-005
       0.0   5.7601097353E-005
      10.0   5.7599358240E-005
      20.0   5.7594151187E-005
      30.0   5.7588612165E-005
      40.0   5.7584501916E-005
      50.0   5.7581511682E-005
      60.0   5.7578710139E-005
      80.0   5.7571923566E-005
     100.0   5.7567870255E-005
     120.0   5.7555535047E-005
     140.0   5.7541454855E-005
     160.0   5.7545125436E-005
     180.0   5.7549479280E-005
     200.0   5.7551340050E-005
     220.0   5.7552405948E-005
     240.0   5.7552745620E-005
     260.0   5.7552263644E-005
     280.0   5.7551424173E-005
     300.0   5.7550455231E-005
     400.0   5.7544248168E-005
     500.0   5.7539151218E-005
    1000.0   5.7504331213E-005
