   -1000.0   6.2798074265E-005
    -500.0   6.3847003768E-005
    -400.0   6.4647303505E-005
    -300.0   6.6590168790E-005
    -280.0   6.7332596946E-005
    -260.0   6.8338566355E-005
    -240.0   6.9830137374E-005
    -220.0   7.2382302294E-005
    -200.0   7.6326896222E-005
    -180.0   8.2232488764E-005
    -160.0   9.1106516868E-005
    -140.0   1.0609294190E-004
    -120.0   1.4261140726E-004
    -100.0   1.9679089045E-004
     -80.0   2.5528191246E-004
     -60.0   3.0615107417E-004
     -50.0   3.3457520127E-004
     -40.0   3.7276596805E-004
     -30.0   4.2007014755E-004
     -20.0   4.2322861364E-004
     -10.0   4.1966654915E-004
       0.0   3.8600951961E-004
      10.0   3.4764059062E-004
      20.0   3.5564034034E-004
      30.0   3.5524479396E-004
      40.0   3.1517368441E-004
      50.0   2.7963092231E-004
      60.0   2.5310870949E-004
      80.0   2.0514374608E-004
     100.0   1.5749009804E-004
     120.0   1.1917084151E-004
     140.0   9.0638471205E-005
     160.0   7.9598887195E-005
     180.0   7.3186730668E-005
     200.0   6.8843348222E-005
     220.0   6.6343904626E-005
     240.0   6.4773030069E-005
     260.0   6.4371461501E-005
     280.0   6.4070770676E-005
     300.0   6.3920133785E-005
     400.0   6.3522997923E-005
     500.0   6.3671025865E-005
    1000.0   6.2881281952E-005
