   -1000.0   1.3551769073E-003
    -500.0   1.4486362403E-003
    -400.0   1.5105039749E-003
    -300.0   1.6103020578E-003
    -280.0   1.6509193614E-003
    -260.0   1.7265977529E-003
    -240.0   1.7815346318E-003
    -220.0   1.7110556757E-003
    -200.0   1.7401761016E-003
    -180.0   1.7788970436E-003
    -160.0   1.8131713263E-003
    -140.0   1.8351953265E-003
    -120.0   1.8397657263E-003
    -100.0   1.8418374836E-003
     -80.0   1.8229440473E-003
     -60.0   1.8097772338E-003
     -50.0   1.8106244919E-003
     -40.0   1.8099437953E-003
     -30.0   1.8076238121E-003
     -20.0   1.8112843563E-003
     -10.0   1.8143507265E-003
       0.0   1.8190271802E-003
      10.0   1.8243266405E-003
      20.0   1.8163695641E-003
      30.0   1.8048496521E-003
      40.0   1.7868446765E-003
      50.0   1.7669904527E-003
      60.0   1.7464953424E-003
      80.0   1.7239517139E-003
     100.0   1.7296646702E-003
     120.0   1.7485809761E-003
     140.0   1.7851616654E-003
     160.0   1.8068342827E-003
     180.0   1.8134963771E-003
     200.0   1.7776492921E-003
     220.0   1.7529047021E-003
     240.0   1.7419500259E-003
     260.0   1.7179101134E-003
     280.0   1.6789956637E-003
     300.0   1.6470268764E-003
     400.0   1.5329526474E-003
     500.0   1.4627326183E-003
    1000.0   1.3624242562E-003
