   -1000.0   5.4074195452E-005
    -500.0   5.4049048709E-005
    -400.0   5.4043967618E-005
    -300.0   5.4038873076E-005
    -280.0   5.4037852553E-005
    -260.0   5.4036831492E-005
    -240.0   5.4035809892E-005
    -220.0   5.4034787755E-005
    -200.0   5.4033765118E-005
    -180.0   5.4032743632E-005
    -160.0   5.4031723663E-005
    -140.0   5.4030703274E-005
    -120.0   5.4029684826E-005
    -100.0   5.4028670731E-005
     -80.0   5.4027664802E-005
     -60.0   5.4026817470E-005
     -50.0   5.4026685225E-005
     -40.0   5.4026511399E-005
     -30.0   5.4026112259E-005
     -20.0   5.4025505181E-005
     -10.0   5.4024824190E-005
       0.0   5.4024248101E-005
      10.0   5.4023785159E-005
      20.0   5.4023408701E-005
      30.0   5.4022941717E-005
      40.0   5.4022284985E-005
      50.0   5.4021474518E-005
      60.0   5.4020633905E-005
      80.0   5.4019439180E-005
     100.0   5.4018388110E-005
     120.0   5.4017345256E-005
     140.0   5.4016306878E-005
     160.0   5.4015267224E-005
     180.0   5.4014222384E-005
     200.0   5.4013189603E-005
     220.0   5.4012159691E-005
     240.0   5.4011126980E-005
     260.0   5.4010092945E-005
     280.0   5.4009057834E-005
     300.0   5.4008022056E-005
     400.0   5.4002834075E-005
     500.0   5.3997631789E-005
    1000.0   5.3971417560E-005
