   -1000.0   6.2223862010E-005
    -500.0   6.2174139536E-005
    -400.0   6.2164140905E-005
    -300.0   6.2154129030E-005
    -280.0   6.2152125065E-005
    -260.0   6.2150120572E-005
    -240.0   6.2148115574E-005
    -220.0   6.2146119083E-005
    -200.0   6.2144227550E-005
    -180.0   6.2142492472E-005
    -160.0   6.2140762548E-005
    -140.0   6.2138978190E-005
    -120.0   6.2137184034E-005
    -100.0   6.2135343079E-005
     -80.0   6.2133451436E-005
     -60.0   6.2131517574E-005
     -50.0   6.2130525873E-005
     -40.0   6.2129523924E-005
     -30.0   6.2128538605E-005
     -20.0   6.2127492302E-005
     -10.0   6.2126656472E-005
       0.0   6.2123432357E-005
      10.0   6.2118130137E-005
      20.0   6.2110447098E-005
      30.0   6.2102950387E-005
      40.0   6.2095781137E-005
      50.0   6.2089620597E-005
      60.0   6.2084986508E-005
      80.0   6.2079982281E-005
     100.0   6.2079556847E-005
     120.0   6.2080741008E-005
     140.0   6.2083701025E-005
     160.0   6.2085468605E-005
     180.0   6.2087710172E-005
     200.0   6.2086991747E-005
     220.0   6.2081676077E-005
     240.0   6.2080845973E-005
     260.0   6.2081446827E-005
     280.0   6.2082339582E-005
     300.0   6.2083279371E-005
     400.0   6.2083674510E-005
     500.0   6.2073557526E-005
    1000.0   6.2022770050E-005
