   -1000.0   6.2806370419E-005
    -500.0   6.2756376568E-005
    -400.0   6.2746334415E-005
    -300.0   6.2736278883E-005
    -280.0   6.2734266171E-005
    -260.0   6.2732252923E-005
    -240.0   6.2730239141E-005
    -220.0   6.2728224823E-005
    -200.0   6.2726209969E-005
    -180.0   6.2724194580E-005
    -160.0   6.2722178664E-005
    -140.0   6.2720162233E-005
    -120.0   6.2718145301E-005
    -100.0   6.2716128150E-005
     -80.0   6.2714111528E-005
     -60.0   6.2712093168E-005
     -50.0   6.2711083438E-005
     -40.0   6.2710073774E-005
     -30.0   6.2709064408E-005
     -20.0   6.2708054878E-005
     -10.0   6.2707044852E-005
       0.0   6.2706034548E-005
      10.0   6.2705024082E-005
      20.0   6.2704013337E-005
      30.0   6.2703002377E-005
      40.0   6.2701991349E-005
      50.0   6.2700980292E-005
      60.0   6.2699969153E-005
      80.0   6.2697946506E-005
     100.0   6.2695923251E-005
     120.0   6.2693899604E-005
     140.0   6.2691875588E-005
     160.0   6.2689851063E-005
     180.0   6.2687826018E-005
     200.0   6.2685800444E-005
     220.0   6.2683774335E-005
     240.0   6.2681747691E-005
     260.0   6.2679720513E-005
     280.0   6.2677692799E-005
     300.0   6.2675664549E-005
     400.0   6.2665515272E-005
     500.0   6.2655352595E-005
    1000.0   6.2604338033E-005
