   -1000.0   6.4407201162E-005
    -500.0   6.4353661227E-005
    -400.0   6.4342847469E-005
    -300.0   6.4332020359E-005
    -280.0   6.4329853360E-005
    -260.0   6.4327685849E-005
    -240.0   6.4325517843E-005
    -220.0   6.4323349369E-005
    -200.0   6.4321180481E-005
    -180.0   6.4319011448E-005
    -160.0   6.4316921957E-005
    -140.0   6.4316243018E-005
    -120.0   6.4317412444E-005
    -100.0   6.4319304779E-005
     -80.0   6.4332751169E-005
     -60.0   6.4392527882E-005
     -50.0   6.4408854279E-005
     -40.0   6.4418428954E-005
     -30.0   6.4421289422E-005
     -20.0   6.4411675248E-005
     -10.0   6.4401992590E-005
       0.0   6.4396156510E-005
      10.0   6.4396404589E-005
      20.0   6.4394603396E-005
      30.0   6.4388985496E-005
      40.0   6.4376147115E-005
      50.0   6.4358957990E-005
      60.0   6.4341948106E-005
      80.0   6.4306525806E-005
     100.0   6.4244233059E-005
     120.0   6.4055735342E-005
     140.0   6.3880446468E-005
     160.0   6.3872047445E-005
     180.0   6.3975699806E-005
     200.0   6.4054101302E-005
     220.0   6.4112856331E-005
     240.0   6.4148734329E-005
     260.0   6.4175176569E-005
     280.0   6.4188988639E-005
     300.0   6.4186730586E-005
     400.0   6.4255845833E-005
     500.0   6.4244915292E-005
    1000.0   6.4190041286E-005
