   -1000.0   6.1420326133E-005
    -500.0   6.1375679999E-005
    -400.0   6.1366696108E-005
    -300.0   6.1357698679E-005
    -280.0   6.1355897569E-005
    -260.0   6.1354095917E-005
    -240.0   6.1352293723E-005
    -220.0   6.1350490988E-005
    -200.0   6.1348687711E-005
    -180.0   6.1346883996E-005
    -160.0   6.1345081193E-005
    -140.0   6.1343279326E-005
    -120.0   6.1341476899E-005
    -100.0   6.1339675169E-005
     -80.0   6.1337877611E-005
     -60.0   6.1336186922E-005
     -50.0   6.1386426280E-005
     -40.0   6.1334520947E-005
     -30.0   6.1333643353E-005
     -20.0   6.1345487320E-005
     -10.0   6.1335686062E-005
       0.0   6.1330849521E-005
      10.0   6.1329946935E-005
      20.0   6.1341815795E-005
      30.0   6.1328118934E-005
      40.0   6.1327171479E-005
      50.0   6.1377265374E-005
      60.0   6.1325270311E-005
      80.0   6.1323405417E-005
     100.0   6.1321585759E-005
     120.0   6.1319769467E-005
     140.0   6.1317953511E-005
     160.0   6.1316136354E-005
     180.0   6.1314321437E-005
     200.0   6.1312508044E-005
     220.0   6.1310693715E-005
     240.0   6.1308878621E-005
     260.0   6.1307062894E-005
     280.0   6.1305246575E-005
     300.0   6.1303429684E-005
     400.0   6.1294337245E-005
     500.0   6.1285231387E-005
    1000.0   6.1239498475E-005
