   -1000.0   5.4734137470E-005
    -500.0   5.4703118788E-005
    -400.0   5.4696838009E-005
    -300.0   5.4690544229E-005
    -280.0   5.4689283914E-005
    -260.0   5.4688023078E-005
    -240.0   5.4686761740E-005
    -220.0   5.4685502279E-005
    -200.0   5.4684250086E-005
    -180.0   5.4683011421E-005
    -160.0   5.4681847493E-005
    -140.0   5.4680648114E-005
    -120.0   5.4679395134E-005
    -100.0   5.4678149611E-005
     -80.0   5.4676911684E-005
     -60.0   5.4675678875E-005
     -50.0   5.4675064679E-005
     -40.0   5.4674443553E-005
     -30.0   5.4673823278E-005
     -20.0   5.4674351913E-005
     -10.0   5.4675832050E-005
       0.0   5.4671900350E-005
      10.0   5.4673843125E-005
      20.0   5.4670675587E-005
      30.0   5.4668634788E-005
      40.0   5.4667854193E-005
      50.0   5.4667156176E-005
      60.0   5.4666492390E-005
      80.0   5.4665218983E-005
     100.0   5.4664001027E-005
     120.0   5.4662721648E-005
     140.0   5.4661484191E-005
     160.0   5.4660084939E-005
     180.0   5.4658578264E-005
     200.0   5.4656705849E-005
     220.0   5.4654711065E-005
     240.0   5.4652817950E-005
     260.0   5.4650626762E-005
     280.0   5.4649217968E-005
     300.0   5.4648449192E-005
     400.0   5.4646089283E-005
     500.0   5.4639725373E-005
    1000.0   5.4607540153E-005
