   -1000.0   6.0561795490E-005
    -500.0   6.0516395020E-005
    -400.0   6.0507209413E-005
    -300.0   6.0498002756E-005
    -280.0   6.0496158151E-005
    -260.0   6.0494312175E-005
    -240.0   6.0492464658E-005
    -220.0   6.0490615413E-005
    -200.0   6.0488764305E-005
    -180.0   6.0486911544E-005
    -160.0   6.0485064914E-005
    -140.0   6.0486347502E-005
    -120.0   6.0804679115E-005
    -100.0   6.1013265513E-005
     -80.0   6.0923415730E-005
     -60.0   6.0852442258E-005
     -50.0   6.0800985961E-005
     -40.0   6.0656484164E-005
     -30.0   6.0497702738E-005
     -20.0   6.0324002692E-005
     -10.0   6.0247795850E-005
       0.0   6.0152858717E-005
      10.0   5.9893575470E-005
      20.0   5.9320534034E-005
      30.0   5.8407329278E-005
      40.0   5.7388055307E-005
      50.0   5.6449852978E-005
      60.0   5.5731869416E-005
      80.0   5.5010828898E-005
     100.0   5.5346339791E-005
     120.0   5.6161908294E-005
     140.0   5.6856288308E-005
     160.0   5.7347621272E-005
     180.0   5.7848780636E-005
     200.0   5.8165056743E-005
     220.0   5.8439929680E-005
     240.0   5.8324057037E-005
     260.0   5.8388498492E-005
     280.0   5.9799079648E-005
     300.0   6.0423502545E-005
     400.0   6.0433192754E-005
     500.0   6.0423987547E-005
    1000.0   6.0377379603E-005
