   -1000.0   5.2477065602E-005
    -500.0   5.2452428912E-005
    -400.0   5.2447399395E-005
    -300.0   5.2442355081E-005
    -280.0   5.2441344282E-005
    -260.0   5.2440333462E-005
    -240.0   5.2439428261E-005
    -220.0   5.2438785708E-005
    -200.0   5.2438090876E-005
    -180.0   5.2437448867E-005
    -160.0   5.2437171369E-005
    -140.0   5.2440988616E-005
    -120.0   5.2443864357E-005
    -100.0   5.2444836573E-005
     -80.0   5.2445887252E-005
     -60.0   5.2447269044E-005
     -50.0   5.2448122672E-005
     -40.0   5.2449089943E-005
     -30.0   5.2449721090E-005
     -20.0   5.2451190088E-005
     -10.0   5.2456701001E-005
       0.0   5.2447346217E-005
      10.0   5.2300505789E-005
      20.0   5.1746405477E-005
      30.0   5.1004427168E-005
      40.0   5.0535977290E-005
      50.0   5.0317252278E-005
      60.0   5.0237726657E-005
      80.0   5.0303828447E-005
     100.0   5.0523430067E-005
     120.0   5.0763231504E-005
     140.0   5.1011629263E-005
     160.0   5.1177817229E-005
     180.0   5.1046746532E-005
     200.0   5.1097167388E-005
     220.0   5.1194091045E-005
     240.0   5.1347780717E-005
     260.0   5.1561053369E-005
     280.0   5.1689469491E-005
     300.0   5.1939827668E-005
     400.0   5.2400261627E-005
     500.0   5.2401550681E-005
    1000.0   5.2375653535E-005
