   -1000.0   5.3207415457E-005
    -500.0   5.3181755832E-005
    -400.0   5.3176552252E-005
    -300.0   5.3171335143E-005
    -280.0   5.3170290068E-005
    -260.0   5.3169244435E-005
    -240.0   5.3168198254E-005
    -220.0   5.3167170022E-005
    -200.0   5.3166369786E-005
    -180.0   5.3165598780E-005
    -160.0   5.3164860327E-005
    -140.0   5.3164192465E-005
    -120.0   5.3163950704E-005
    -100.0   5.3169917283E-005
     -80.0   5.3173928435E-005
     -60.0   5.3175040974E-005
     -50.0   5.3175459849E-005
     -40.0   5.3175645952E-005
     -30.0   5.3175914221E-005
     -20.0   5.3178205965E-005
     -10.0   5.3183339216E-005
       0.0   5.3179029396E-005
      10.0   5.3178344072E-005
      20.0   5.3173196844E-005
      30.0   5.3168636339E-005
      40.0   5.3165085388E-005
      50.0   5.3150277333E-005
      60.0   5.3042297906E-005
      80.0   5.2477799205E-005
     100.0   5.2261417353E-005
     120.0   5.2289009937E-005
     140.0   5.2366642096E-005
     160.0   5.2469610754E-005
     180.0   5.2560020590E-005
     200.0   5.2633972745E-005
     220.0   5.2674412026E-005
     240.0   5.2792249893E-005
     260.0   5.2883750146E-005
     280.0   5.2928141654E-005
     300.0   5.2916717572E-005
     400.0   5.3070065455E-005
     500.0   5.3129125526E-005
    1000.0   5.3102330458E-005
