   -1000.0   3.3434504384E-005
    -500.0   3.3560445706E-005
    -400.0   3.3668743518E-005
    -300.0   3.3946649233E-005
    -280.0   3.4052912706E-005
    -260.0   3.4193482326E-005
    -240.0   3.4385446499E-005
    -220.0   3.4658750435E-005
    -200.0   3.5070616925E-005
    -180.0   3.5747166050E-005
    -160.0   3.7034657590E-005
    -140.0   3.9837952986E-005
    -120.0   4.6931970616E-005
    -100.0   5.5233684046E-005
     -80.0   6.3493718995E-005
     -60.0   6.9452319286E-005
     -50.0   7.2494232077E-005
     -40.0   7.4984968994E-005
     -30.0   7.6206496354E-005
     -20.0   7.6793628368E-005
     -10.0   7.2639316636E-005
       0.0   6.8056215298E-005
      10.0   6.0903556576E-005
      20.0   5.6004352252E-005
      30.0   5.4281665004E-005
      40.0   5.2372610042E-005
      50.0   5.0836536506E-005
      60.0   4.8479555148E-005
      80.0   4.4010907684E-005
     100.0   3.9870188045E-005
     120.0   3.6741458554E-005
     140.0   3.4113120954E-005
     160.0   3.2158236697E-005
     180.0   3.0843551313E-005
     200.0   3.0107311804E-005
     220.0   2.9972963008E-005
     240.0   3.0261822148E-005
     260.0   3.1042007146E-005
     280.0   3.2125862694E-005
     300.0   3.3059676057E-005
     400.0   3.3445469974E-005
     500.0   3.3408644537E-005
    1000.0   3.3287939529E-005
