   -1000.0   2.8662686914E-005
    -500.0   2.8620442240E-005
    -400.0   2.8612687706E-005
    -300.0   2.8607220215E-005
    -280.0   2.8606742690E-005
    -260.0   2.8606642371E-005
    -240.0   2.8607066208E-005
    -220.0   2.8608242324E-005
    -200.0   2.8610542287E-005
    -180.0   2.8614611069E-005
    -160.0   2.8621660556E-005
    -140.0   2.8634252106E-005
    -120.0   2.8659104535E-005
    -100.0   2.8826380497E-005
     -80.0   3.0132835670E-005
     -60.0   3.8834937736E-005
     -50.0   4.4430457135E-005
     -40.0   4.8510811445E-005
     -30.0   5.0849717291E-005
     -20.0   4.8405467330E-005
     -10.0   4.4558354740E-005
       0.0   4.2749556294E-005
      10.0   4.3880469161E-005
      20.0   4.5879013838E-005
      30.0   4.6304891966E-005
      40.0   4.3241988605E-005
      50.0   3.8488961297E-005
      60.0   3.4649265739E-005
      80.0   2.8278524901E-005
     100.0   2.6208094263E-005
     120.0   2.7308588948E-005
     140.0   2.8128392619E-005
     160.0   2.8289062369E-005
     180.0   2.8370606164E-005
     200.0   2.8375429816E-005
     220.0   2.8469595878E-005
     240.0   2.8554555311E-005
     260.0   2.8555419919E-005
     280.0   2.8551951780E-005
     300.0   2.8548774061E-005
     400.0   2.8535452007E-005
     500.0   2.8524119642E-005
    1000.0   2.8473650825E-005
