   -1000.0   2.4603163586E-005
    -500.0   2.4600183566E-005
    -400.0   2.4607029776E-005
    -300.0   2.4631476739E-005
    -280.0   2.4641424435E-005
    -260.0   2.4654704047E-005
    -240.0   2.4672912267E-005
    -220.0   2.4698883912E-005
    -200.0   2.4738353231E-005
    -180.0   2.4806248364E-005
    -160.0   2.5071929746E-005
    -140.0   2.6311664566E-005
    -120.0   2.8675761337E-005
    -100.0   3.2407069773E-005
     -80.0   4.0592196160E-005
     -60.0   6.8389085988E-005
     -50.0   8.4069416236E-005
     -40.0   1.0437353585E-004
     -30.0   1.2983100783E-004
     -20.0   1.3360444727E-004
     -10.0   1.3322424733E-004
       0.0   1.3250904341E-004
      10.0   1.0893586982E-004
      20.0   9.6567671737E-005
      30.0   9.5628507227E-005
      40.0   8.2569004761E-005
      50.0   6.8070118229E-005
      60.0   5.7525258127E-005
      80.0   4.0579720163E-005
     100.0   3.0867067518E-005
     120.0   2.5340185174E-005
     140.0   2.2799299956E-005
     160.0   2.2035779725E-005
     180.0   2.2759017498E-005
     200.0   2.3428224688E-005
     220.0   2.3866185425E-005
     240.0   2.4089378795E-005
     260.0   2.4075245754E-005
     280.0   2.3986580572E-005
     300.0   2.4073164610E-005
     400.0   2.4535315977E-005
     500.0   2.4530974136E-005
    1000.0   2.4489824214E-005
