   -1000.0   1.0268532215E-005
    -500.0   1.1595396659E-005
    -400.0   1.2603596705E-005
    -300.0   1.4884764457E-005
    -280.0   1.5694301536E-005
    -260.0   1.6729016140E-005
    -240.0   1.8088967622E-005
    -220.0   1.9945911891E-005
    -200.0   2.2634199734E-005
    -180.0   2.7185387169E-005
    -160.0   3.6183344782E-005
    -140.0   5.2073851749E-005
    -120.0   8.0108643562E-005
    -100.0   1.2653675594E-004
     -80.0   2.7311144382E-004
     -60.0   5.6099286990E-004
     -50.0   7.3449673649E-004
     -40.0   9.5677700208E-004
     -30.0   1.0512816130E-003
     -20.0   1.0546180790E-003
     -10.0   1.0120870353E-003
       0.0   9.6700708935E-004
      10.0   9.1896446419E-004
      20.0   7.6303180086E-004
      30.0   7.7641388981E-004
      40.0   7.3734033968E-004
      50.0   5.7302516122E-004
      60.0   4.3129445834E-004
      80.0   2.3728952715E-004
     100.0   1.2391227356E-004
     120.0   8.8562734056E-005
     140.0   6.5319420629E-005
     160.0   5.0074881914E-005
     180.0   3.9418208457E-005
     200.0   3.2125175558E-005
     220.0   2.6837248317E-005
     240.0   2.2881857858E-005
     260.0   1.9775631871E-005
     280.0   1.7267295343E-005
     300.0   1.5706460215E-005
     400.0   1.2762047243E-005
     500.0   1.1712140756E-005
    1000.0   1.0413960173E-005
