   -1000.0   1.8884967496E-005
    -500.0   1.8931086108E-005
    -400.0   1.8940311561E-005
    -300.0   1.8949535872E-005
    -280.0   1.8951380398E-005
    -260.0   1.8953224742E-005
    -240.0   1.8955068857E-005
    -220.0   1.8956912690E-005
    -200.0   1.8958756171E-005
    -180.0   1.8960599209E-005
    -160.0   1.8962441690E-005
    -140.0   1.8964283487E-005
    -120.0   1.8966128149E-005
    -100.0   1.8967981716E-005
     -80.0   1.8970578877E-005
     -60.0   1.8972453141E-005
     -50.0   1.8973453591E-005
     -40.0   1.8974254470E-005
     -30.0   1.8975773797E-005
     -20.0   1.8976479524E-005
     -10.0   1.8977039929E-005
       0.0   1.8977874719E-005
      10.0   1.8977886101E-005
      20.0   1.8975083684E-005
      30.0   1.8970669057E-005
      40.0   1.8966838352E-005
      50.0   1.8955312812E-005
      60.0   1.8924882545E-005
      80.0   1.8833567921E-005
     100.0   1.8751367802E-005
     120.0   1.8744342856E-005
     140.0   1.8685426722E-005
     160.0   1.8426153217E-005
     180.0   1.8225643685E-005
     200.0   1.7820012281E-005
     220.0   1.7265677698E-005
     240.0   1.5985272979E-005
     260.0   1.5128255057E-005
     280.0   1.6226670044E-005
     300.0   1.8724324082E-005
     400.0   1.9013934757E-005
     500.0   1.9023361863E-005
    1000.0   1.9069688350E-005
