   -1000.0   2.4222117538E-005
    -500.0   2.7106551303E-005
    -400.0   2.9283748021E-005
    -300.0   3.4137816840E-005
    -280.0   3.5829074227E-005
    -260.0   3.7961299395E-005
    -240.0   4.0706052935E-005
    -220.0   4.4329491711E-005
    -200.0   4.9264894351E-005
    -180.0   5.6262949842E-005
    -160.0   6.6741138617E-005
    -140.0   8.3760562960E-005
    -120.0   1.1611090464E-004
    -100.0   2.2862096794E-004
     -80.0   4.9185554652E-004
     -60.0   1.2026456082E-003
     -50.0   2.1009553598E-003
     -40.0   2.8257051727E-003
     -30.0   3.8136551645E-003
     -20.0   3.7049765794E-003
     -10.0   2.7938674207E-003
       0.0   1.7624522941E-003
      10.0   1.8751733906E-003
      20.0   2.3572727035E-003
      30.0   2.3795377411E-003
      40.0   2.0186350442E-003
      50.0   1.4591162809E-003
      60.0   9.7688942207E-004
      80.0   4.5882472876E-004
     100.0   3.1531432897E-004
     120.0   2.3219189166E-004
     140.0   1.6895433941E-004
     160.0   1.2588689059E-004
     180.0   9.6095360153E-005
     200.0   7.5502686078E-005
     220.0   5.8548413931E-005
     240.0   4.7235482859E-005
     260.0   4.0081887766E-005
     280.0   3.6685623094E-005
     300.0   3.4566143992E-005
     400.0   2.9371628020E-005
     500.0   2.7229112662E-005
    1000.0   2.4559889242E-005
