   -1000.0   5.4931947619E-006
    -500.0   5.5149047144E-006
    -400.0   5.5191944407E-006
    -300.0   5.5235136150E-006
    -280.0   5.5243856694E-006
    -260.0   5.5252631311E-006
    -240.0   5.5261487267E-006
    -220.0   5.5270478039E-006
    -200.0   5.5279735764E-006
    -180.0   5.5289958896E-006
    -160.0   5.5555960879E-006
    -140.0   5.5928246696E-006
    -120.0   5.6477426839E-006
    -100.0   5.7159649783E-006
     -80.0   5.9639889615E-006
     -60.0   7.2901740917E-006
     -50.0   7.7051262381E-006
     -40.0   8.3059954127E-006
     -30.0   8.8517768009E-006
     -20.0   9.2357484709E-006
     -10.0   1.0721919758E-005
       0.0   8.7071972869E-006
      10.0   9.3062215682E-006
      20.0   8.0531312983E-006
      30.0   7.3628401615E-006
      40.0   7.2474726551E-006
      50.0   6.9338928190E-006
      60.0   6.6802824272E-006
      80.0   5.9907017547E-006
     100.0   5.7357848897E-006
     120.0   5.6815411131E-006
     140.0   5.6342681183E-006
     160.0   5.5940422293E-006
     180.0   5.5775089884E-006
     200.0   5.2295738342E-006
     220.0   4.0173862111E-006
     240.0   3.5848294002E-006
     260.0   3.3208148087E-006
     280.0   3.7822168518E-006
     300.0   4.3357162284E-006
     400.0   5.5526863750E-006
     500.0   5.5575907062E-006
    1000.0   5.5793834590E-006
