   -1000.0   2.1739968787E-005
    -500.0   2.1806448320E-005
    -400.0   2.1822044819E-005
    -300.0   2.1841747322E-005
    -280.0   2.1846824672E-005
    -260.0   2.1852613651E-005
    -240.0   2.1859404968E-005
    -220.0   2.1867657582E-005
    -200.0   2.1878134757E-005
    -180.0   2.1892186311E-005
    -160.0   2.1912411924E-005
    -140.0   2.1944484901E-005
    -120.0   2.2003512238E-005
    -100.0   2.2217231164E-005
     -80.0   2.6158057893E-005
     -60.0   3.4070505209E-005
     -50.0   3.7904383886E-005
     -40.0   4.0110232166E-005
     -30.0   4.0705825258E-005
     -20.0   3.9797292082E-005
     -10.0   3.7080711064E-005
       0.0   3.3080122230E-005
      10.0   3.2571053249E-005
      20.0   3.3402267674E-005
      30.0   3.4412483734E-005
      40.0   3.4556157398E-005
      50.0   3.3108124335E-005
      60.0   3.0206898626E-005
      80.0   2.4175630801E-005
     100.0   2.0258230380E-005
     120.0   1.8777277248E-005
     140.0   1.6162042446E-005
     160.0   1.7193060211E-005
     180.0   1.9045601769E-005
     200.0   2.1740895863E-005
     220.0   2.1852838337E-005
     240.0   2.1878664044E-005
     260.0   2.1890806334E-005
     280.0   2.1897889762E-005
     300.0   2.1902721321E-005
     400.0   2.1917439220E-005
     500.0   2.1929371273E-005
    1000.0   2.1990096812E-005
