   -1000.0   2.3606284268E-004
    -500.0   2.4214098474E-004
    -400.0   2.4995164607E-004
    -300.0   2.5812214124E-004
    -280.0   2.6091655951E-004
    -260.0   2.6910738319E-004
    -240.0   2.7207757395E-004
    -220.0   2.7395517726E-004
    -200.0   2.7819802010E-004
    -180.0   2.8714317663E-004
    -160.0   3.0142244287E-004
    -140.0   3.1505306022E-004
    -120.0   3.3562778373E-004
    -100.0   3.5121437431E-004
     -80.0   3.6810006440E-004
     -60.0   3.8500027128E-004
     -50.0   3.9860067291E-004
     -40.0   4.1017375703E-004
     -30.0   4.1647068699E-004
     -20.0   4.1744741378E-004
     -10.0   4.1487366198E-004
       0.0   4.0566120668E-004
      10.0   3.8080937317E-004
      20.0   3.6143486710E-004
      30.0   3.3998186983E-004
      40.0   3.2351826432E-004
      50.0   3.0901210632E-004
      60.0   3.0858910039E-004
      80.0   3.1269999323E-004
     100.0   3.1463744281E-004
     120.0   3.1471389912E-004
     140.0   3.1473328890E-004
     160.0   3.1242471104E-004
     180.0   3.0828261146E-004
     200.0   2.9813624431E-004
     220.0   2.9283992315E-004
     240.0   2.8832250171E-004
     260.0   2.8080958657E-004
     280.0   2.7731204825E-004
     300.0   2.7300729141E-004
     400.0   2.5067995831E-004
     500.0   2.4276642077E-004
    1000.0   2.3503396226E-004
