   -1000.0   3.3197959616E-005
    -500.0   3.3224095835E-005
    -400.0   3.3229274798E-005
    -300.0   3.3234448864E-005
    -280.0   3.3235482923E-005
    -260.0   3.3236516681E-005
    -240.0   3.3237550115E-005
    -220.0   3.3238583212E-005
    -200.0   3.3239615994E-005
    -180.0   3.3240648648E-005
    -160.0   3.3242383702E-005
    -140.0   3.3246286405E-005
    -120.0   3.3251666031E-005
    -100.0   3.3257578240E-005
     -80.0   3.3320730053E-005
     -60.0   3.3376956933E-005
     -50.0   3.3396637428E-005
     -40.0   3.3406354336E-005
     -30.0   3.3405799889E-005
     -20.0   3.3427346566E-005
     -10.0   3.3678832017E-005
       0.0   3.3793400410E-005
      10.0   3.3518839537E-005
      20.0   3.3429527436E-005
      30.0   3.3421643738E-005
      40.0   3.3263927556E-005
      50.0   3.2630068580E-005
      60.0   3.2091723623E-005
      80.0   3.2153983280E-005
     100.0   3.2401981875E-005
     120.0   3.2139833447E-005
     140.0   3.1660636462E-005
     160.0   3.1193360778E-005
     180.0   3.1023456070E-005
     200.0   2.9564623420E-005
     220.0   2.6911578283E-005
     240.0   2.5475177232E-005
     260.0   2.6436115737E-005
     280.0   2.7847647163E-005
     300.0   2.9753932936E-005
     400.0   3.3270416052E-005
     500.0   3.3275737839E-005
    1000.0   3.3301573678E-005
