   -1000.0   2.7869224558E-005
    -500.0   2.7976923570E-005
    -400.0   2.8054672517E-005
    -300.0   2.8261734128E-005
    -280.0   2.8346156840E-005
    -260.0   2.8464657647E-005
    -240.0   2.8643563787E-005
    -220.0   2.8947068292E-005
    -200.0   2.9427568455E-005
    -180.0   3.0243384143E-005
    -160.0   3.1597612365E-005
    -140.0   3.4111695433E-005
    -120.0   4.2827513536E-005
    -100.0   5.8072947049E-005
     -80.0   7.3224759699E-005
     -60.0   8.5216389043E-005
     -50.0   9.3144882354E-005
     -40.0   1.0217010989E-004
     -30.0   1.1587215694E-004
     -20.0   1.3011751185E-004
     -10.0   1.2983801140E-004
       0.0   1.2236010514E-004
      10.0   1.0811503357E-004
      20.0   8.9773501926E-005
      30.0   7.6073890337E-005
      40.0   6.3759488475E-005
      50.0   5.6718740194E-005
      60.0   5.2628492220E-005
      80.0   4.5855657830E-005
     100.0   3.8933943433E-005
     120.0   3.2977797793E-005
     140.0   2.8792927208E-005
     160.0   2.7450342730E-005
     180.0   2.7364648190E-005
     200.0   2.7601030728E-005
     220.0   2.7489474322E-005
     240.0   2.7390446862E-005
     260.0   2.7361432232E-005
     280.0   2.7533604896E-005
     300.0   2.7690510736E-005
     400.0   2.7936540407E-005
     500.0   2.7897498611E-005
    1000.0   2.7807789810E-005
