   -1000.0   2.4203410725E-005
    -500.0   2.4654616297E-005
    -400.0   2.4935894663E-005
    -300.0   2.5632179482E-005
    -280.0   2.5897240672E-005
    -260.0   2.6249452106E-005
    -240.0   2.6734682404E-005
    -220.0   2.7439251208E-005
    -200.0   2.8464929017E-005
    -180.0   3.0121932929E-005
    -160.0   3.3022797783E-005
    -140.0   3.9460635811E-005
    -120.0   4.9389095131E-005
    -100.0   6.0038781952E-005
     -80.0   7.0417854762E-005
     -60.0   8.2590020695E-005
     -50.0   9.0757854078E-005
     -40.0   1.0123021694E-004
     -30.0   1.1185704585E-004
     -20.0   1.1573517186E-004
     -10.0   1.1364329948E-004
       0.0   1.1038721240E-004
      10.0   1.0391455128E-004
      20.0   8.8192583080E-005
      30.0   7.7621995054E-005
      40.0   6.8327994508E-005
      50.0   6.0188239040E-005
      60.0   5.4445244792E-005
      80.0   4.7096153302E-005
     100.0   4.1358200770E-005
     120.0   3.6525555845E-005
     140.0   3.2423615343E-005
     160.0   2.8799353620E-005
     180.0   2.7223644951E-005
     200.0   2.6318280668E-005
     220.0   2.5742499663E-005
     240.0   2.5429546216E-005
     260.0   2.5200182680E-005
     280.0   2.4988528354E-005
     300.0   2.4823942437E-005
     400.0   2.4599427338E-005
     500.0   2.4474134373E-005
    1000.0   2.4203805134E-005
