   -1000.0   1.7564093729E-005
    -500.0   1.7609691153E-005
    -400.0   1.7618810722E-005
    -300.0   1.7627943026E-005
    -280.0   1.7629772853E-005
    -260.0   1.7631604723E-005
    -240.0   1.7633439410E-005
    -220.0   1.7635278108E-005
    -200.0   1.7637122797E-005
    -180.0   1.7638978212E-005
    -160.0   1.7641551808E-005
    -140.0   1.7644238601E-005
    -120.0   1.7646941650E-005
    -100.0   1.7650826702E-005
     -80.0   1.7654273820E-005
     -60.0   1.7694265645E-005
     -50.0   1.7708587657E-005
     -40.0   1.7725111203E-005
     -30.0   1.7723041812E-005
     -20.0   1.7757750556E-005
     -10.0   1.8024006035E-005
       0.0   2.1373249492E-005
      10.0   1.7834013862E-005
      20.0   1.7712354084E-005
      30.0   1.7697213942E-005
      40.0   1.7693964046E-005
      50.0   1.7690323460E-005
      60.0   1.7196385432E-005
      80.0   1.6741810397E-005
     100.0   1.6753104202E-005
     120.0   1.6777835754E-005
     140.0   1.6868386078E-005
     160.0   1.6934647973E-005
     180.0   1.6986077925E-005
     200.0   1.7215690210E-005
     220.0   1.6733603443E-005
     240.0   1.6376026977E-005
     260.0   1.7487314556E-005
     280.0   1.7325867342E-005
     300.0   1.7146262595E-005
     400.0   1.7691430347E-005
     500.0   1.7700764864E-005
    1000.0   1.7746468678E-005
