   -1000.0   3.1407064005E-005
    -500.0   3.1428293875E-005
    -400.0   3.1432472505E-005
    -300.0   3.1436627508E-005
    -280.0   3.1437454821E-005
    -260.0   3.1438281310E-005
    -240.0   3.1439108878E-005
    -220.0   3.1440095401E-005
    -200.0   3.1454255050E-005
    -180.0   3.1495519357E-005
    -160.0   3.1520692640E-005
    -140.0   3.1518621701E-005
    -120.0   3.1521503978E-005
    -100.0   3.1520884220E-005
     -80.0   3.1522487656E-005
     -60.0   3.1519829464E-005
     -50.0   3.1516924653E-005
     -40.0   3.1511526846E-005
     -30.0   3.1514671625E-005
     -20.0   3.1516914330E-005
     -10.0   3.1505025761E-005
       0.0   3.1422080811E-005
      10.0   3.1127628859E-005
      20.0   3.0661398457E-005
      30.0   3.0251527627E-005
      40.0   3.0036583852E-005
      50.0   3.0009957605E-005
      60.0   2.9980148221E-005
      80.0   2.9957368091E-005
     100.0   2.9743809717E-005
     120.0   2.8742718713E-005
     140.0   2.5808083084E-005
     160.0   2.3460274677E-005
     180.0   2.4198979876E-005
     200.0   2.5133151787E-005
     220.0   2.6491618732E-005
     240.0   2.8164722805E-005
     260.0   3.0001055276E-005
     280.0   3.1390523575E-005
     300.0   3.1458189946E-005
     400.0   3.1465318227E-005
     500.0   3.1469929122E-005
    1000.0   3.1491050322E-005
