   -1000.0   3.3596417625E-005
    -500.0   3.3735989080E-005
    -400.0   3.3760486210E-005
    -300.0   3.3795679084E-005
    -280.0   3.3805950700E-005
    -260.0   3.3818574390E-005
    -240.0   3.3835294159E-005
    -220.0   3.3863291720E-005
    -200.0   3.4303126341E-005
    -180.0   3.5312037066E-005
    -160.0   3.6134311438E-005
    -140.0   3.7403814608E-005
    -120.0   4.0807829940E-005
    -100.0   5.5924710473E-005
     -80.0   9.8795206632E-005
     -60.0   1.4193845189E-004
     -50.0   1.6604721381E-004
     -40.0   1.9167701941E-004
     -30.0   2.1320801155E-004
     -20.0   2.1934301394E-004
     -10.0   2.2068389764E-004
       0.0   2.4247693042E-004
      10.0   1.8268446028E-004
      20.0   1.3559496648E-004
      30.0   1.0848975806E-004
      40.0   9.0735016868E-005
      50.0   7.8394463992E-005
      60.0   7.0894192037E-005
      80.0   6.2217778712E-005
     100.0   4.6932234627E-005
     120.0   3.5556727341E-005
     140.0   3.1306792994E-005
     160.0   3.3377037710E-005
     180.0   3.3453764150E-005
     200.0   3.2264137583E-005
     220.0   3.1321587746E-005
     240.0   3.3084625083E-005
     260.0   3.3347704209E-005
     280.0   3.3333846093E-005
     300.0   3.3877202494E-005
     400.0   3.3890640839E-005
     500.0   3.3902245546E-005
    1000.0   3.3978714318E-005
