   -1000.0   2.7893120333E-005
    -500.0   3.8479707083E-005
    -400.0   4.6688508219E-005
    -300.0   6.5522055279E-005
    -280.0   7.2305037732E-005
    -260.0   8.1073984176E-005
    -240.0   9.2806725025E-005
    -220.0   1.0951812476E-004
    -200.0   1.3355541991E-004
    -180.0   1.7221667993E-004
    -160.0   2.3716394415E-004
    -140.0   3.5196586529E-004
    -120.0   5.8905103374E-004
    -100.0   1.3264016420E-003
     -80.0   1.9237268078E-003
     -60.0   2.6572338936E-003
     -50.0   3.0694921732E-003
     -40.0   3.5947943467E-003
     -30.0   4.3208611175E-003
     -20.0   5.3242629659E-003
     -10.0   5.9609291446E-003
       0.0   5.5172128509E-003
      10.0   4.8305820131E-003
      20.0   4.0678609217E-003
      30.0   3.2008446593E-003
      40.0   2.5906401971E-003
      50.0   2.0924019301E-003
      60.0   1.7413880773E-003
      80.0   1.2626008983E-003
     100.0   9.1910019357E-004
     120.0   5.2473629853E-004
     140.0   3.5032121278E-004
     160.0   2.4098138499E-004
     180.0   1.7820081376E-004
     200.0   1.3848536298E-004
     220.0   1.1549355198E-004
     240.0   1.0002749779E-004
     260.0   8.7143097970E-005
     280.0   7.4685944170E-005
     300.0   6.5592857646E-005
     400.0   4.5976359763E-005
     500.0   3.8219298649E-005
    1000.0   2.8399685875E-005
