   -1000.0   2.7033941905E-005
    -500.0   2.7069710169E-005
    -400.0   2.7076833180E-005
    -300.0   2.7083955739E-005
    -280.0   2.7085381110E-005
    -260.0   2.7086807383E-005
    -240.0   2.7088235188E-005
    -220.0   2.7089665640E-005
    -200.0   2.7091100874E-005
    -180.0   2.7092545770E-005
    -160.0   2.7094018714E-005
    -140.0   2.7101162667E-005
    -120.0   2.7118715404E-005
    -100.0   2.7133129755E-005
     -80.0   2.7162358772E-005
     -60.0   2.7200725440E-005
     -50.0   2.7231185643E-005
     -40.0   2.7547263143E-005
     -30.0   2.7997487002E-005
     -20.0   2.8465041303E-005
     -10.0   2.8032145714E-005
       0.0   2.8178113764E-005
      10.0   2.7850767967E-005
      20.0   2.7966595406E-005
      30.0   2.7732022570E-005
      40.0   2.7464296398E-005
      50.0   2.7239449237E-005
      60.0   2.7211578554E-005
      80.0   2.7180563378E-005
     100.0   2.7143447491E-005
     120.0   2.7028971750E-005
     140.0   2.5102101043E-005
     160.0   2.4261023624E-005
     180.0   2.5506882971E-005
     200.0   2.6072685803E-005
     220.0   2.6424270150E-005
     240.0   2.6458538861E-005
     260.0   2.6770963687E-005
     280.0   2.6587335483E-005
     300.0   2.6818015767E-005
     400.0   2.7133251911E-005
     500.0   2.7140755995E-005
    1000.0   2.7176564268E-005
