   -1000.0   3.0283924246E-006
    -500.0   3.0413147223E-006
    -400.0   3.0439022933E-006
    -300.0   3.0464923148E-006
    -280.0   3.0470106381E-006
    -260.0   3.0475291035E-006
    -240.0   3.0480477645E-006
    -220.0   3.0485667954E-006
    -200.0   3.0491370779E-006
    -180.0   3.0497540829E-006
    -160.0   3.0506813969E-006
    -140.0   3.0544588159E-006
    -120.0   3.0565552379E-006
    -100.0   3.0693704697E-006
     -80.0   3.1155738988E-006
     -60.0   3.1656875604E-006
     -50.0   3.1890092303E-006
     -40.0   3.1840916739E-006
     -30.0   3.1878733887E-006
     -20.0   3.2234736261E-006
     -10.0   3.2382291164E-006
       0.0   3.1896336030E-006
      10.0   3.2203622086E-006
      20.0   3.1740211922E-006
      30.0   3.1028371041E-006
      40.0   3.0770140532E-006
      50.0   3.0579649276E-006
      60.0   3.0437174079E-006
      80.0   3.0310121227E-006
     100.0   2.9769818599E-006
     120.0   1.3658164979E-006
     140.0   2.2746414163E-006
     160.0   2.1161533510E-006
     180.0   2.3534632544E-006
     200.0   2.3566836084E-006
     220.0   2.5395926727E-006
     240.0   2.8548847443E-006
     260.0   3.0534400160E-006
     280.0   3.0574940544E-006
     300.0   3.0613155427E-006
     400.0   3.0646757945E-006
     500.0   3.0673152315E-006
    1000.0   3.0804489313E-006
