   -1000.0   3.0685748485E-005
    -500.0   3.0658956141E-005
    -400.0   3.0653569473E-005
    -300.0   3.0648176730E-005
    -280.0   3.0647097453E-005
    -260.0   3.0646017932E-005
    -240.0   3.0644938169E-005
    -220.0   3.0643858162E-005
    -200.0   3.0642777913E-005
    -180.0   3.0641697421E-005
    -160.0   3.0640616686E-005
    -140.0   3.0639535711E-005
    -120.0   3.0638455216E-005
    -100.0   3.0637380589E-005
     -80.0   3.0646670390E-005
     -60.0   3.0635248918E-005
     -50.0   3.0634769955E-005
     -40.0   3.0634287801E-005
     -30.0   3.0633768707E-005
     -20.0   3.0668611137E-005
     -10.0   3.0632651459E-005
       0.0   3.0632098914E-005
      10.0   3.0631562966E-005
      20.0   3.0666428142E-005
      30.0   3.0630486871E-005
      40.0   3.0629914614E-005
      50.0   3.0629328177E-005
      60.0   3.0628745359E-005
      80.0   3.0638007902E-005
     100.0   3.0626554004E-005
     120.0   3.0625465197E-005
     140.0   3.0624379775E-005
     160.0   3.0623294392E-005
     180.0   3.0622208932E-005
     200.0   3.0621123406E-005
     220.0   3.0620037341E-005
     240.0   3.0618951017E-005
     260.0   3.0617864429E-005
     280.0   3.0616778722E-005
     300.0   3.0615692403E-005
     400.0   3.0610257091E-005
     500.0   3.0604815692E-005
    1000.0   3.0577517332E-005
