   -1000.0   3.2133452667E-005
    -500.0   3.2154585179E-005
    -400.0   3.2158514635E-005
    -300.0   3.2162860673E-005
    -280.0   3.2163852299E-005
    -260.0   3.2164924788E-005
    -240.0   3.2166116133E-005
    -220.0   3.2167491812E-005
    -200.0   3.2169177715E-005
    -180.0   3.2171475224E-005
    -160.0   3.2185494113E-005
    -140.0   3.2413965784E-005
    -120.0   3.2967826165E-005
    -100.0   3.3895537876E-005
     -80.0   3.6218578106E-005
     -60.0   4.5365213267E-005
     -50.0   4.9737713117E-005
     -40.0   5.4888033851E-005
     -30.0   5.9079083460E-005
     -20.0   5.8459947688E-005
     -10.0   5.7236146118E-005
       0.0   5.4612522753E-005
      10.0   5.2328930673E-005
      20.0   5.2051791075E-005
      30.0   5.1252607390E-005
      40.0   4.8005077369E-005
      50.0   4.4967787603E-005
      60.0   4.2122667414E-005
      80.0   3.6183728702E-005
     100.0   3.1594569750E-005
     120.0   2.8668887786E-005
     140.0   2.7747486154E-005
     160.0   2.8209141714E-005
     180.0   2.9457799959E-005
     200.0   3.0205716685E-005
     220.0   3.0549647024E-005
     240.0   3.0404998444E-005
     260.0   2.8993328168E-005
     280.0   2.8571810439E-005
     300.0   2.9308153304E-005
     400.0   3.2182981408E-005
     500.0   3.2189446947E-005
    1000.0   3.2208342338E-005
