   -1000.0   5.2579274895E-005
    -500.0   7.3564763339E-005
    -400.0   8.9538879133E-005
    -300.0   1.2413575066E-004
    -280.0   1.3566191481E-004
    -260.0   1.4960525569E-004
    -240.0   1.6114015015E-004
    -220.0   1.7022034991E-004
    -200.0   1.8349272574E-004
    -180.0   2.0960009454E-004
    -160.0   2.4634140070E-004
    -140.0   2.8423814196E-004
    -120.0   3.2530614309E-004
    -100.0   3.3500709386E-004
     -80.0   3.5904794774E-004
     -60.0   3.8952607528E-004
     -50.0   4.1325312011E-004
     -40.0   4.4756500276E-004
     -30.0   4.6269312719E-004
     -20.0   4.6324614465E-004
     -10.0   4.5449711935E-004
       0.0   4.4606594397E-004
      10.0   4.3805775098E-004
      20.0   3.8510147722E-004
      30.0   3.3906360443E-004
      40.0   3.2017289834E-004
      50.0   3.2113844489E-004
      60.0   3.2030886916E-004
      80.0   3.0941527237E-004
     100.0   2.9811930981E-004
     120.0   2.8176777361E-004
     140.0   2.5353330172E-004
     160.0   2.2582498150E-004
     180.0   1.9754433950E-004
     200.0   1.7285796635E-004
     220.0   1.5291610683E-004
     240.0   1.3625555609E-004
     260.0   1.2296711102E-004
     280.0   1.1219130276E-004
     300.0   1.0398524283E-004
     400.0   8.1853191828E-005
     500.0   6.9959193948E-005
    1000.0   5.2358774142E-005
