   -1000.0   1.8427378287E-005
    -500.0   1.8471288580E-005
    -400.0   1.8480073902E-005
    -300.0   1.8488867405E-005
    -280.0   1.8490628222E-005
    -260.0   1.8492390319E-005
    -240.0   1.8494154190E-005
    -220.0   1.8495920604E-005
    -200.0   1.8497690835E-005
    -180.0   1.8499467237E-005
    -160.0   1.8501255762E-005
    -140.0   1.8507068133E-005
    -120.0   1.8512464294E-005
    -100.0   1.8522849405E-005
     -80.0   1.8536060065E-005
     -60.0   1.8616200346E-005
     -50.0   1.8781507019E-005
     -40.0   1.8809363108E-005
     -30.0   1.8870426805E-005
     -20.0   1.8977547559E-005
     -10.0   1.9360672994E-005
       0.0   2.1139785310E-005
      10.0   1.9007553469E-005
      20.0   1.8862860184E-005
      30.0   1.8770091530E-005
      40.0   1.8718126479E-005
      50.0   1.8696915830E-005
      60.0   1.8631588533E-005
      80.0   1.8550108132E-005
     100.0   1.7973764109E-005
     120.0   1.7811476471E-005
     140.0   1.7754142654E-005
     160.0   1.7790990387E-005
     180.0   1.7958833183E-005
     200.0   1.8087719241E-005
     220.0   1.8167822974E-005
     240.0   1.8349646700E-005
     260.0   1.8431341034E-005
     280.0   1.8524990320E-005
     300.0   1.8520991273E-005
     400.0   1.8550292545E-005
     500.0   1.8559112268E-005
    1000.0   1.8603084962E-005
