   -1000.0   4.1828587602E-005
    -500.0   4.3316562806E-005
    -400.0   4.4394555429E-005
    -300.0   4.6797516858E-005
    -280.0   4.7637486459E-005
    -260.0   4.8699929773E-005
    -240.0   5.0075015343E-005
    -220.0   5.1907375100E-005
    -200.0   5.4446813407E-005
    -180.0   5.8179898196E-005
    -160.0   6.4315274016E-005
    -140.0   7.9582737923E-005
    -120.0   1.8484018392E-004
    -100.0   2.9830501561E-004
     -80.0   4.3583592306E-004
     -60.0   7.2474790271E-004
     -50.0   1.3005592219E-003
     -40.0   2.7210851690E-003
     -30.0   4.4550627995E-003
     -20.0   5.6087715329E-003
     -10.0   4.7867358754E-003
       0.0   2.4297195903E-003
      10.0   2.7649383078E-003
      20.0   3.2746661994E-003
      30.0   2.9793442792E-003
      40.0   1.9268874091E-003
      50.0   1.0872347407E-003
      60.0   6.2424507556E-004
      80.0   4.0305682694E-004
     100.0   2.8375692018E-004
     120.0   2.0395815061E-004
     140.0   1.5422119443E-004
     160.0   1.2275972180E-004
     180.0   9.9039361235E-005
     200.0   8.2262247052E-005
     220.0   7.1704365234E-005
     240.0   6.3104059618E-005
     260.0   5.7359044927E-005
     280.0   5.2403810286E-005
     300.0   4.7892976521E-005
     400.0   4.4535665250E-005
     500.0   4.3453250372E-005
    1000.0   4.2152924829E-005
