   -1000.0   1.1483608031E-006
    -500.0   1.2603676251E-006
    -400.0   1.3462001957E-006
    -300.0   1.5621524886E-006
    -280.0   1.6543974956E-006
    -260.0   1.8031309407E-006
    -240.0   2.2294035126E-006
    -220.0   4.3468646880E-006
    -200.0   5.4328360992E-006
    -180.0   8.0532332646E-006
    -160.0   7.4197546339E-006
    -140.0   8.4604737859E-006
    -120.0   3.1286276730E-005
    -100.0   3.7292307181E-005
     -80.0   5.7003912096E-005
     -60.0   7.6955334109E-005
     -50.0   9.3701224592E-005
     -40.0   1.1595502682E-004
     -30.0   1.4845681166E-004
     -20.0   2.0447358909E-004
     -10.0   2.8331057846E-004
       0.0   3.1173100040E-004
      10.0   2.3536694400E-004
      20.0   1.4149546220E-004
      30.0   9.7552817365E-005
      40.0   7.1259668958E-005
      50.0   5.5738192464E-005
      60.0   4.6428356733E-005
      80.0   3.0228164981E-005
     100.0   1.8784747686E-005
     120.0   1.5414303940E-005
     140.0   1.2504317005E-005
     160.0   1.1641319653E-005
     180.0   1.0449994444E-005
     200.0   8.1227541498E-006
     220.0   6.1456662047E-006
     240.0   3.6635586594E-006
     260.0   1.9229318687E-006
     280.0   1.6814550623E-006
     300.0   1.5721910632E-006
     400.0   1.3535987032E-006
     500.0   1.2735668205E-006
    1000.0   1.1817647161E-006
