   -1000.0   7.0048425410E-006
    -500.0   8.3051475410E-006
    -400.0   9.2938632311E-006
    -300.0   1.1514226785E-005
    -280.0   1.2295647102E-005
    -260.0   1.3288824996E-005
    -240.0   1.4583746762E-005
    -220.0   1.6330096565E-005
    -200.0   1.8802901190E-005
    -180.0   2.2603056347E-005
    -160.0   2.9628014207E-005
    -140.0   5.5430384472E-005
    -120.0   1.1161993349E-004
    -100.0   1.6246004269E-004
     -80.0   2.3663018675E-004
     -60.0   4.0212803855E-004
     -50.0   6.2615970533E-004
     -40.0   1.2147873992E-003
     -30.0   1.9380738690E-003
     -20.0   2.3969681592E-003
     -10.0   1.6553909770E-003
       0.0   1.1429785979E-003
      10.0   1.3909955117E-003
      20.0   1.7413798922E-003
      30.0   1.6366042995E-003
      40.0   1.0727633355E-003
      50.0   5.3959265321E-004
      60.0   3.5401863026E-004
      80.0   2.1038054257E-004
     100.0   1.4674857875E-004
     120.0   1.0540708733E-004
     140.0   7.9568121510E-005
     160.0   6.1074001294E-005
     180.0   4.6937671942E-005
     200.0   3.6472445450E-005
     220.0   2.8531125429E-005
     240.0   2.2871356324E-005
     260.0   1.8795061885E-005
     280.0   1.5601640672E-005
     300.0   1.3635845122E-005
     400.0   9.5190306468E-006
     500.0   8.4148730684E-006
    1000.0   7.1093232895E-006
