   -1000.0   4.1041724933E-006
    -500.0   4.1370224908E-006
    -400.0   4.1536514171E-006
    -300.0   4.1910141580E-006
    -280.0   4.2054286041E-006
    -260.0   4.2254304884E-006
    -240.0   4.2563104166E-006
    -220.0   4.3273704130E-006
    -200.0   4.4555132866E-006
    -180.0   5.5398293867E-006
    -160.0   7.4567222796E-006
    -140.0   9.4807065936E-006
    -120.0   1.0733929365E-005
    -100.0   1.1794006520E-005
     -80.0   1.4278544380E-005
     -60.0   1.8428165147E-005
     -50.0   2.1735956165E-005
     -40.0   2.5571673923E-005
     -30.0   2.9983422480E-005
     -20.0   2.9920319896E-005
     -10.0   3.0613884261E-005
       0.0   3.0815954798E-005
      10.0   3.0422774682E-005
      20.0   3.0003430845E-005
      30.0   2.6960614131E-005
      40.0   2.1762177946E-005
      50.0   1.7804458407E-005
      60.0   1.3688616457E-005
      80.0   8.7369791121E-006
     100.0   6.0508039453E-006
     120.0   4.4584239177E-006
     140.0   5.3428183968E-006
     160.0   4.8243713220E-006
     180.0   4.6709984152E-006
     200.0   4.6390985784E-006
     220.0   4.7003809044E-006
     240.0   4.7297854247E-006
     260.0   4.5115312503E-006
     280.0   4.3317079101E-006
     300.0   4.2227633192E-006
     400.0   4.1777440821E-006
     500.0   4.1691345637E-006
    1000.0   4.1720781603E-006
