   -1000.0   3.5965018633E-005
    -500.0   3.5986285301E-005
    -400.0   3.5990516920E-005
    -300.0   3.5994745198E-005
    -280.0   3.5995590447E-005
    -260.0   3.5996435559E-005
    -240.0   3.5997280533E-005
    -220.0   3.5998125366E-005
    -200.0   3.5998970058E-005
    -180.0   3.5999814606E-005
    -160.0   3.6000659006E-005
    -140.0   3.6001503253E-005
    -120.0   3.6002347343E-005
    -100.0   3.6003197757E-005
     -80.0   3.6004062926E-005
     -60.0   3.6004919135E-005
     -50.0   3.6005522217E-005
     -40.0   3.6005988631E-005
     -30.0   3.6006544795E-005
     -20.0   3.6006882883E-005
     -10.0   3.6007243488E-005
       0.0   3.6007588817E-005
      10.0   3.6008006834E-005
      20.0   3.6008462361E-005
      30.0   3.6008940721E-005
      40.0   3.6009265355E-005
      50.0   3.6009644554E-005
      60.0   3.6009962151E-005
      80.0   3.5981176626E-005
     100.0   3.5837817793E-005
     120.0   3.5833136892E-005
     140.0   3.5893052456E-005
     160.0   3.5912782892E-005
     180.0   3.5911167906E-005
     200.0   3.5904362088E-005
     220.0   3.5894985867E-005
     240.0   3.5798892231E-005
     260.0   3.6018309761E-005
     280.0   3.6019188994E-005
     300.0   3.6020037935E-005
     400.0   3.6024249683E-005
     500.0   3.6028452475E-005
    1000.0   3.6049411724E-005
