   -1000.0   1.6835525062E-005
    -500.0   1.6877854948E-005
    -400.0   1.6886324227E-005
    -300.0   1.6894794150E-005
    -280.0   1.6896488136E-005
    -260.0   1.6898182105E-005
    -240.0   1.6899876050E-005
    -220.0   1.6901569975E-005
    -200.0   1.6903263902E-005
    -180.0   1.6904957915E-005
    -160.0   1.6906661590E-005
    -140.0   1.6908632690E-005
    -120.0   1.6910871753E-005
    -100.0   1.6913394824E-005
     -80.0   1.6916125706E-005
     -60.0   1.6924182733E-005
     -50.0   1.6932006212E-005
     -40.0   1.6942115932E-005
     -30.0   1.6945842280E-005
     -20.0   1.6945455706E-005
     -10.0   1.6942178338E-005
       0.0   1.6940602941E-005
      10.0   1.6940136819E-005
      20.0   1.6939958808E-005
      30.0   1.6940402192E-005
      40.0   1.6939734194E-005
      50.0   1.6937103933E-005
      60.0   1.6934836610E-005
      80.0   1.6932243112E-005
     100.0   1.6900900583E-005
     120.0   1.6707323097E-005
     140.0   1.6539705367E-005
     160.0   1.6495628118E-005
     180.0   1.6642081633E-005
     200.0   1.6746659358E-005
     220.0   1.6801684358E-005
     240.0   1.6640871127E-005
     260.0   1.5526115419E-005
     280.0   1.4988167493E-005
     300.0   1.5905062690E-005
     400.0   1.6953966930E-005
     500.0   1.6962599741E-005
    1000.0   1.7005136882E-005
