   -1000.0   2.6591293371E-005
    -500.0   2.6667228590E-005
    -400.0   2.6682339412E-005
    -300.0   2.6697389068E-005
    -280.0   2.6700390056E-005
    -260.0   2.6703389843E-005
    -240.0   2.6706392623E-005
    -220.0   2.6709409996E-005
    -200.0   2.6712478729E-005
    -180.0   2.6715775745E-005
    -160.0   2.6759387753E-005
    -140.0   2.6929601760E-005
    -120.0   2.7201622872E-005
    -100.0   2.7469998755E-005
     -80.0   2.7804227094E-005
     -60.0   2.8148177809E-005
     -50.0   2.8252924389E-005
     -40.0   2.8276240763E-005
     -30.0   2.8250680077E-005
     -20.0   2.7925642884E-005
     -10.0   2.6554923082E-005
       0.0   2.6030946572E-005
      10.0   2.6214049408E-005
      20.0   2.7232692982E-005
      30.0   2.6678934497E-005
      40.0   2.6454188183E-005
      50.0   2.6213406836E-005
      60.0   2.6057558855E-005
      80.0   2.4962898388E-005
     100.0   2.4254693919E-005
     120.0   2.3771821890E-005
     140.0   1.8797457453E-005
     160.0   1.2774351273E-005
     180.0   1.0300279793E-005
     200.0   1.1067378477E-005
     220.0   1.3620270397E-005
     240.0   1.6050965179E-005
     260.0   1.9399004945E-005
     280.0   2.3116185995E-005
     300.0   2.6315555824E-005
     400.0   2.6801099721E-005
     500.0   2.6818322925E-005
    1000.0   2.6895742285E-005
