   -1000.0   9.3130471658E-005
    -500.0   9.3450506592E-005
    -400.0   9.3510850444E-005
    -300.0   9.3590857580E-005
    -280.0   9.3612834873E-005
    -260.0   9.3639022262E-005
    -240.0   9.3671881161E-005
    -220.0   9.3716519450E-005
    -200.0   9.3786359497E-005
    -180.0   9.3942517386E-005
    -160.0   1.0330007210E-004
    -140.0   1.2431731441E-004
    -120.0   1.4792834538E-004
    -100.0   1.7848808447E-004
     -80.0   2.1770429798E-004
     -60.0   2.5789243711E-004
     -50.0   2.7880521176E-004
     -40.0   3.0045861960E-004
     -30.0   3.1540746662E-004
     -20.0   3.3214946948E-004
     -10.0   3.8792704829E-004
       0.0   4.0853962109E-004
      10.0   3.0021984749E-004
      20.0   2.3772021821E-004
      30.0   1.9738601340E-004
      40.0   1.7430566206E-004
      50.0   1.5862177289E-004
      60.0   1.4591613855E-004
      80.0   1.3016627111E-004
     100.0   1.2166337920E-004
     120.0   1.1460809457E-004
     140.0   1.1103719612E-004
     160.0   1.0670415448E-004
     180.0   1.0356947606E-004
     200.0   9.9503022800E-005
     220.0   9.6712661493E-005
     240.0   9.5298417453E-005
     260.0   9.4137649213E-005
     280.0   9.3869981808E-005
     300.0   9.3866760681E-005
     400.0   9.3884022202E-005
     500.0   9.3918659880E-005
    1000.0   9.4137121304E-005
