   -1000.0   1.2966895441E-004
    -500.0   1.6148476891E-004
    -400.0   1.8352760687E-004
    -300.0   2.1991835248E-004
    -280.0   2.2915039914E-004
    -260.0   2.3804373742E-004
    -240.0   2.4809949175E-004
    -220.0   2.5961953116E-004
    -200.0   2.7494500713E-004
    -180.0   2.9529054783E-004
    -160.0   3.1355906795E-004
    -140.0   3.3194085321E-004
    -120.0   3.4997189582E-004
    -100.0   3.5238741027E-004
     -80.0   3.6297462676E-004
     -60.0   3.6636685611E-004
     -50.0   3.6412550614E-004
     -40.0   3.6406640900E-004
     -30.0   3.6633457826E-004
     -20.0   3.7474679975E-004
     -10.0   3.7789970629E-004
       0.0   3.7870803351E-004
      10.0   3.7680331375E-004
      20.0   3.7023624947E-004
      30.0   3.6111628017E-004
      40.0   3.6051035738E-004
      50.0   3.6172463176E-004
      60.0   3.6122721758E-004
      80.0   3.5761837067E-004
     100.0   3.5235250092E-004
     120.0   3.4183249631E-004
     140.0   3.2371162953E-004
     160.0   3.1209474285E-004
     180.0   2.9206984411E-004
     200.0   2.7580769584E-004
     220.0   2.6385810603E-004
     240.0   2.5051624858E-004
     260.0   2.3502960306E-004
     280.0   2.2231720843E-004
     300.0   2.1215607462E-004
     400.0   1.7687559544E-004
     500.0   1.5785876004E-004
    1000.0   1.3007544648E-004
