   -1000.0   4.1365868370E-005
    -500.0   4.1583284196E-005
    -400.0   4.1710040414E-005
    -300.0   4.2031197864E-005
    -280.0   4.2162432897E-005
    -260.0   4.2348595760E-005
    -240.0   4.2637349243E-005
    -220.0   4.3128982081E-005
    -200.0   4.3907274926E-005
    -180.0   4.5312845665E-005
    -160.0   4.7971496005E-005
    -140.0   5.1989697207E-005
    -120.0   5.9454882452E-005
    -100.0   7.7502117096E-005
     -80.0   9.1059080501E-005
     -60.0   1.0030536723E-004
     -50.0   1.0825815801E-004
     -40.0   1.2101266551E-004
     -30.0   1.4257136392E-004
     -20.0   1.7312013405E-004
     -10.0   2.1075965573E-004
       0.0   2.1385094745E-004
      10.0   1.7835744941E-004
      20.0   1.3035979910E-004
      30.0   1.0049536761E-004
      40.0   8.7850120537E-005
      50.0   8.1965992983E-005
      60.0   7.8866899154E-005
      80.0   7.5520311789E-005
     100.0   6.8467451969E-005
     120.0   5.6583456042E-005
     140.0   5.0053913006E-005
     160.0   4.7855742871E-005
     180.0   4.6082279013E-005
     200.0   4.4938819156E-005
     220.0   4.4311716183E-005
     240.0   4.4030806505E-005
     260.0   4.3598496353E-005
     280.0   4.2922858020E-005
     300.0   4.2515606994E-005
     400.0   4.1793682095E-005
     500.0   4.1648301589E-005
    1000.0   4.1513825312E-005
