   -1000.0   4.3427419623E-006
    -500.0   4.4238866318E-006
    -400.0   4.4781449945E-006
    -300.0   4.6055965330E-006
    -280.0   4.6546100671E-006
    -260.0   4.7237802704E-006
    -240.0   4.9081389709E-006
    -220.0   5.3504350858E-006
    -200.0   5.8262040115E-006
    -180.0   6.0851341297E-006
    -160.0   6.7088366975E-006
    -140.0   1.1572320542E-005
    -120.0   1.9311979644E-005
    -100.0   2.8331591596E-005
     -80.0   3.5440620861E-005
     -60.0   4.8290316250E-005
     -50.0   5.7888836472E-005
     -40.0   6.7926330973E-005
     -30.0   7.5129337108E-005
     -20.0   6.1823087811E-005
     -10.0   6.5546647187E-005
       0.0   6.6298394280E-005
      10.0   6.4384440945E-005
      20.0   6.3179899829E-005
      30.0   6.1473821203E-005
      40.0   5.0772958615E-005
      50.0   3.9397169731E-005
      60.0   3.0096515521E-005
      80.0   1.8715968294E-005
     100.0   1.4751274011E-005
     120.0   1.0974299538E-005
     140.0   9.1233276485E-006
     160.0   7.8832046549E-006
     180.0   7.4062496953E-006
     200.0   6.3260432075E-006
     220.0   5.5997923604E-006
     240.0   5.0090911269E-006
     260.0   4.7519166937E-006
     280.0   4.6668564058E-006
     300.0   4.6184043487E-006
     400.0   4.5017858569E-006
     500.0   4.4573520813E-006
    1000.0   4.4161935740E-006
