   -1000.0   2.9743639797E-005
    -500.0   2.9772213963E-005
    -400.0   2.9777920792E-005
    -300.0   2.9783625740E-005
    -280.0   2.9784766502E-005
    -260.0   2.9785907188E-005
    -240.0   2.9787047797E-005
    -220.0   2.9788188342E-005
    -200.0   2.9789330566E-005
    -180.0   2.9790477797E-005
    -160.0   2.9791622839E-005
    -140.0   2.9792766564E-005
    -120.0   2.9793909920E-005
    -100.0   2.9795053041E-005
     -80.0   2.9796196867E-005
     -60.0   2.9797341173E-005
     -50.0   2.9797913364E-005
     -40.0   2.9798485586E-005
     -30.0   2.9799058101E-005
     -20.0   2.9799629623E-005
     -10.0   2.9800497110E-005
       0.0   2.9800475422E-005
      10.0   2.9794248845E-005
      20.0   2.9800967988E-005
      30.0   2.9801276166E-005
      40.0   2.9801651004E-005
      50.0   2.9802003949E-005
      60.0   2.9802422937E-005
      80.0   2.9803329631E-005
     100.0   2.9804230399E-005
     120.0   2.9804244929E-005
     140.0   2.9799599053E-005
     160.0   2.9794484613E-005
     180.0   2.9798424858E-005
     200.0   2.9803387278E-005
     220.0   2.9807108996E-005
     240.0   2.9810643312E-005
     260.0   2.9814337227E-005
     280.0   2.9816658159E-005
     300.0   2.9817813627E-005
     400.0   2.9823506750E-005
     500.0   2.9829196740E-005
    1000.0   2.9857616541E-005
