   -1000.0   5.6983541953E-005
    -500.0   5.7077564809E-005
    -400.0   5.7141678858E-005
    -300.0   5.7294684017E-005
    -280.0   5.7349733097E-005
    -260.0   5.7420002112E-005
    -240.0   5.7511631343E-005
    -220.0   5.7634268073E-005
    -200.0   5.7803842076E-005
    -180.0   5.8048280731E-005
    -160.0   5.8420679570E-005
    -140.0   5.9034587776E-005
    -120.0   6.0182041636E-005
    -100.0   6.3448309535E-005
     -80.0   9.5985450150E-005
     -60.0   1.5643688122E-004
     -50.0   1.7872161858E-004
     -40.0   1.8688414549E-004
     -30.0   1.9311447240E-004
     -20.0   1.9479084967E-004
     -10.0   1.9053671892E-004
       0.0   1.7491356967E-004
      10.0   1.4073618177E-004
      20.0   1.1992041827E-004
      30.0   1.1996666238E-004
      40.0   1.1994976040E-004
      50.0   1.1612212454E-004
      60.0   1.0538477853E-004
      80.0   7.5069395987E-005
     100.0   5.4997230589E-005
     120.0   5.1567026659E-005
     140.0   4.8350180772E-005
     160.0   4.7127625798E-005
     180.0   4.7349683652E-005
     200.0   5.0653049722E-005
     220.0   5.4659734931E-005
     240.0   5.6687618381E-005
     260.0   5.6948281756E-005
     280.0   5.7026015084E-005
     300.0   5.7053335632E-005
     400.0   5.7039317497E-005
     500.0   5.7004052071E-005
    1000.0   5.6925336262E-005
