   -1000.0   2.8213689762E-005
    -500.0   2.8315895378E-005
    -400.0   2.8367810488E-005
    -300.0   2.8478478626E-005
    -280.0   2.8517000888E-005
    -260.0   2.8566029612E-005
    -240.0   2.8630305506E-005
    -220.0   2.8718039115E-005
    -200.0   2.8845382287E-005
    -180.0   2.9053330737E-005
    -160.0   3.0187267698E-005
    -140.0   3.5970006159E-005
    -120.0   4.4748110715E-005
    -100.0   5.4028395259E-005
     -80.0   6.5865785442E-005
     -60.0   1.1490075915E-004
     -50.0   2.1514887002E-004
     -40.0   3.4846157892E-004
     -30.0   4.2072013875E-004
     -20.0   4.4345050867E-004
     -10.0   4.0657743212E-004
       0.0   3.4381542963E-004
      10.0   3.2579908062E-004
      20.0   3.4949981872E-004
      30.0   3.3711630315E-004
      40.0   2.8622319825E-004
      50.0   1.8656668318E-004
      60.0   1.1442385923E-004
      80.0   6.6129172396E-005
     100.0   5.3234446734E-005
     120.0   4.2948190127E-005
     140.0   3.3316695667E-005
     160.0   2.7653622541E-005
     180.0   2.7206835923E-005
     200.0   2.7588027146E-005
     220.0   2.7876450927E-005
     240.0   2.8054518131E-005
     260.0   2.8195669307E-005
     280.0   2.8315756024E-005
     300.0   2.8376009229E-005
     400.0   2.8409775633E-005
     500.0   2.8373174881E-005
    1000.0   2.8346267052E-005
