   -1000.0   2.8009497024E-005
    -500.0   2.8042409312E-005
    -400.0   2.8048970747E-005
    -300.0   2.8055530476E-005
    -280.0   2.8056842184E-005
    -260.0   2.8058153803E-005
    -240.0   2.8059465328E-005
    -220.0   2.8060776758E-005
    -200.0   2.8062088093E-005
    -180.0   2.8063399353E-005
    -160.0   2.8064710642E-005
    -140.0   2.8066501432E-005
    -120.0   2.8069044677E-005
    -100.0   2.8072196246E-005
     -80.0   2.8075670960E-005
     -60.0   2.8093061473E-005
     -50.0   2.8115548962E-005
     -40.0   2.8127335135E-005
     -30.0   2.8139742408E-005
     -20.0   2.8201086360E-005
     -10.0   2.8252835636E-005
       0.0   2.8171535995E-005
      10.0   2.8135465271E-005
      20.0   2.8127402339E-005
      30.0   2.8112766639E-005
      40.0   2.8106082280E-005
      50.0   2.8102182383E-005
      60.0   2.8097289785E-005
      80.0   2.8083805523E-005
     100.0   2.7487764321E-005
     120.0   2.7339967184E-005
     140.0   2.7199381957E-005
     160.0   2.7034651751E-005
     180.0   2.7382074065E-005
     200.0   2.7558337208E-005
     220.0   2.7657326371E-005
     240.0   2.7597915572E-005
     260.0   2.7648876205E-005
     280.0   2.6772269999E-005
     300.0   2.6199330448E-005
     400.0   2.8101370071E-005
     500.0   2.8107959876E-005
    1000.0   2.8140710616E-005
