   -1000.0   2.4693887810E-005
    -500.0   2.4739243571E-005
    -400.0   2.4746871690E-005
    -300.0   2.4754501074E-005
    -280.0   2.4756027536E-005
    -260.0   2.4757554486E-005
    -240.0   2.4759082189E-005
    -220.0   2.4760611268E-005
    -200.0   2.4762143227E-005
    -180.0   2.4763685340E-005
    -160.0   2.4797770746E-005
    -140.0   2.4864436017E-005
    -120.0   2.4900598101E-005
    -100.0   2.4979516349E-005
     -80.0   2.5235683838E-005
     -60.0   2.6541407681E-005
     -50.0   2.6682412958E-005
     -40.0   2.7123326245E-005
     -30.0   2.7497553963E-005
     -20.0   2.7832805164E-005
     -10.0   3.2209210822E-005
       0.0   2.8316633370E-005
      10.0   2.8468300419E-005
      20.0   2.6156716941E-005
      30.0   2.5696359133E-005
      40.0   2.5797439244E-005
      50.0   2.5474202419E-005
      60.0   2.5396322154E-005
      80.0   2.5253606089E-005
     100.0   2.4660130658E-005
     120.0   2.4261057459E-005
     140.0   2.4028411043E-005
     160.0   2.3772609928E-005
     180.0   2.3763253121E-005
     200.0   2.3309336075E-005
     220.0   2.1378269811E-005
     240.0   2.0515669599E-005
     260.0   2.0923999685E-005
     280.0   2.1579773766E-005
     300.0   2.2229636321E-005
     400.0   2.4807713881E-005
     500.0   2.4815473001E-005
    1000.0   2.4853648468E-005
