   -1000.0   2.0190979293E-005
    -500.0   2.0234030264E-005
    -400.0   2.0242409240E-005
    -300.0   2.0250849116E-005
    -280.0   2.0252559242E-005
    -260.0   2.0254287757E-005
    -240.0   2.0256050385E-005
    -220.0   2.0257896611E-005
    -200.0   2.0265044766E-005
    -180.0   2.0299276702E-005
    -160.0   2.0347732735E-005
    -140.0   2.0440037360E-005
    -120.0   2.0497662110E-005
    -100.0   2.1281950372E-005
     -80.0   2.1855771708E-005
     -60.0   2.2244768849E-005
     -50.0   2.2818592223E-005
     -40.0   2.3309174079E-005
     -30.0   2.4127560382E-005
     -20.0   2.3881790441E-005
     -10.0   2.4233600108E-005
       0.0   2.4811289150E-005
      10.0   2.3527315960E-005
      20.0   2.1441513124E-005
      30.0   2.0351215559E-005
      40.0   1.9975974388E-005
      50.0   1.9911389612E-005
      60.0   1.9696862359E-005
      80.0   1.9575333211E-005
     100.0   1.9277256962E-005
     120.0   1.7084716092E-005
     140.0   1.5155660641E-005
     160.0   1.5214713214E-005
     180.0   1.7503202694E-005
     200.0   1.7907016028E-005
     220.0   1.8108302935E-005
     240.0   1.9291262250E-005
     260.0   1.9876235542E-005
     280.0   1.9769561619E-005
     300.0   1.9957270953E-005
     400.0   2.0308410764E-005
     500.0   2.0317276018E-005
    1000.0   2.0359356759E-005
