   -1000.0   1.4751210960E-004
    -500.0   1.5659011463E-004
    -400.0   1.6345499289E-004
    -300.0   1.7924863245E-004
    -280.0   1.8494170255E-004
    -260.0   1.9226664140E-004
    -240.0   2.0192887019E-004
    -220.0   2.1507023379E-004
    -200.0   2.3319881677E-004
    -180.0   2.5816495666E-004
    -160.0   2.9292077283E-004
    -140.0   3.4044618748E-004
    -120.0   4.0955001047E-004
    -100.0   5.1213282712E-004
     -80.0   7.1691765503E-004
     -60.0   9.9654025748E-004
     -50.0   1.1559268758E-003
     -40.0   1.3107223519E-003
     -30.0   1.3793839456E-003
     -20.0   1.3881060477E-003
     -10.0   1.3546471576E-003
       0.0   1.3133309918E-003
      10.0   1.2787050529E-003
      20.0   1.2265611652E-003
      30.0   1.2085342346E-003
      40.0   1.1663516422E-003
      50.0   1.0216095461E-003
      60.0   8.6373735778E-004
      80.0   6.0743577918E-004
     100.0   4.4038076312E-004
     120.0   3.6281586313E-004
     140.0   3.1307715275E-004
     160.0   2.7715468682E-004
     180.0   2.5166841930E-004
     200.0   2.3283961806E-004
     220.0   2.1921677903E-004
     240.0   2.0791806026E-004
     260.0   1.9937403082E-004
     280.0   1.9207680812E-004
     300.0   1.8584845381E-004
     400.0   1.6738162758E-004
     500.0   1.5902720765E-004
    1000.0   1.4899465930E-004
