   -1000.0   3.5839854712E-005
    -500.0   3.5813797092E-005
    -400.0   3.5807181138E-005
    -300.0   3.5801548776E-005
    -280.0   3.5800781757E-005
    -260.0   3.5800306644E-005
    -240.0   3.5800337481E-005
    -220.0   3.5801359150E-005
    -200.0   3.5804833368E-005
    -180.0   3.5823675348E-005
    -160.0   3.6034643298E-005
    -140.0   3.6562072486E-005
    -120.0   3.6916285487E-005
    -100.0   3.7229085423E-005
     -80.0   3.7625791399E-005
     -60.0   3.8069953755E-005
     -50.0   3.8272193469E-005
     -40.0   3.8453642001E-005
     -30.0   3.8587354605E-005
     -20.0   3.8658763699E-005
     -10.0   3.8370984686E-005
       0.0   3.7452922064E-005
      10.0   3.6506634103E-005
      20.0   3.5938134758E-005
      30.0   3.5619271344E-005
      40.0   3.5447037087E-005
      50.0   3.5348146713E-005
      60.0   3.5267726330E-005
      80.0   3.5115356908E-005
     100.0   3.4937388199E-005
     120.0   3.4786991288E-005
     140.0   3.4631760524E-005
     160.0   3.4080023058E-005
     180.0   3.3270256204E-005
     200.0   3.3205198201E-005
     220.0   3.3554000931E-005
     240.0   3.4130933878E-005
     260.0   3.4807376794E-005
     280.0   3.5392709757E-005
     300.0   3.5689468588E-005
     400.0   3.5744190420E-005
     500.0   3.5740399045E-005
    1000.0   3.5706585649E-005
