   -1000.0   5.1498497390E-005
    -500.0   5.1500738651E-005
    -400.0   5.1501161384E-005
    -300.0   5.1501577202E-005
    -280.0   5.1501659535E-005
    -260.0   5.1501741591E-005
    -240.0   5.1501823370E-005
    -220.0   5.1501904872E-005
    -200.0   5.1501986097E-005
    -180.0   5.1502067045E-005
    -160.0   5.1502147715E-005
    -140.0   5.1502228109E-005
    -120.0   5.1502308227E-005
    -100.0   5.1502389233E-005
     -80.0   5.1502479036E-005
     -60.0   5.1502564211E-005
     -50.0   5.1502605545E-005
     -40.0   5.1505050633E-005
     -30.0   5.1502689366E-005
     -20.0   5.1502730226E-005
     -10.0   5.1512500729E-005
       0.0   5.1502792902E-005
      10.0   5.0928307718E-005
      20.0   5.1502848944E-005
      30.0   5.1502868134E-005
      40.0   5.1502883073E-005
      50.0   5.1502899824E-005
      60.0   5.1502922671E-005
      80.0   5.1502979487E-005
     100.0   5.1503053763E-005
     120.0   5.1503131038E-005
     140.0   5.1503205025E-005
     160.0   5.1503264539E-005
     180.0   5.1503293546E-005
     200.0   5.1503287567E-005
     220.0   5.1503470832E-005
     240.0   5.1503638417E-005
     260.0   5.1503772080E-005
     280.0   5.1503852035E-005
     300.0   5.1503926338E-005
     400.0   5.1504293579E-005
     500.0   5.1504653834E-005
    1000.0   5.1506350313E-005
