   -1000.0   3.8960240229E-006
    -500.0   3.9200712886E-006
    -400.0   3.9294653328E-006
    -300.0   3.9477172519E-006
    -280.0   3.9542087880E-006
    -260.0   3.9629723893E-006
    -240.0   3.9776053176E-006
    -220.0   4.0467241850E-006
    -200.0   4.1574434018E-006
    -180.0   4.3267963141E-006
    -160.0   4.7282961976E-006
    -140.0   5.3708173996E-006
    -120.0   7.6532300408E-006
    -100.0   1.4057478096E-005
     -80.0   2.0722880973E-005
     -60.0   2.6833460801E-005
     -50.0   3.0984834586E-005
     -40.0   3.7356102349E-005
     -30.0   4.9079970142E-005
     -20.0   5.7215233984E-005
     -10.0   5.6545793090E-005
       0.0   5.3423955593E-005
      10.0   4.6490935161E-005
      20.0   3.7082735662E-005
      30.0   3.4877294882E-005
      40.0   2.5709116422E-005
      50.0   2.0786735781E-005
      60.0   1.8089873718E-005
      80.0   1.3323603164E-005
     100.0   8.4200359910E-006
     120.0   4.5982334289E-006
     140.0   2.5104850086E-006
     160.0   3.2179391649E-006
     180.0   3.3919812949E-006
     200.0   3.2362364044E-006
     220.0   3.0538001959E-006
     240.0   3.4135630656E-006
     260.0   3.8961984774E-006
     280.0   4.0429522233E-006
     300.0   3.9954282186E-006
     400.0   3.9515244711E-006
     500.0   3.9513480112E-006
    1000.0   3.9625428670E-006
