   -1000.0   3.9402942725E-005
    -500.0   3.9412096316E-005
    -400.0   3.9413623093E-005
    -300.0   3.9415634862E-005
    -280.0   3.9416176318E-005
    -260.0   3.9416807758E-005
    -240.0   3.9417569382E-005
    -220.0   3.9418528360E-005
    -200.0   3.9419807648E-005
    -180.0   3.9421672229E-005
    -160.0   3.9430918197E-005
    -140.0   3.9589493872E-005
    -120.0   4.0002209441E-005
    -100.0   4.0842053033E-005
     -80.0   4.3705621749E-005
     -60.0   5.2448231297E-005
     -50.0   5.6431318544E-005
     -40.0   5.9166257899E-005
     -30.0   5.9918673343E-005
     -20.0   6.1821381715E-005
     -10.0   6.0753242002E-005
       0.0   5.8426737467E-005
      10.0   5.6919825444E-005
      20.0   5.6485225784E-005
      30.0   5.5487773104E-005
      40.0   5.3139502355E-005
      50.0   5.0660931978E-005
      60.0   4.7823761491E-005
      80.0   4.1949493564E-005
     100.0   3.7295270631E-005
     120.0   3.4836278993E-005
     140.0   3.4475179003E-005
     160.0   3.5142100736E-005
     180.0   3.6407926289E-005
     200.0   3.7141752064E-005
     220.0   3.7399971704E-005
     240.0   3.6145571453E-005
     260.0   3.5186908686E-005
     280.0   3.6532744971E-005
     300.0   3.8180873743E-005
     400.0   3.9421783327E-005
     500.0   3.9423120622E-005
    1000.0   3.9428565634E-005
