   -1000.0   3.0398216694E-005
    -500.0   3.0426202269E-005
    -400.0   3.0431774841E-005
    -300.0   3.0437340795E-005
    -280.0   3.0438453386E-005
    -260.0   3.0439566017E-005
    -240.0   3.0440678973E-005
    -220.0   3.0441792765E-005
    -200.0   3.0442908321E-005
    -180.0   3.0444027406E-005
    -160.0   3.0445153639E-005
    -140.0   3.0446295716E-005
    -120.0   3.0447493877E-005
    -100.0   3.0459383657E-005
     -80.0   3.0468923600E-005
     -60.0   3.0478408146E-005
     -50.0   3.0542190169E-005
     -40.0   3.0628737964E-005
     -30.0   3.0712616048E-005
     -20.0   3.0737057112E-005
     -10.0   3.0953299041E-005
       0.0   3.1427996565E-005
      10.0   3.0622190448E-005
      20.0   3.0647330124E-005
      30.0   3.0635673818E-005
      40.0   3.0576891006E-005
      50.0   3.0528632767E-005
      60.0   3.0482554610E-005
      80.0   3.0470907449E-005
     100.0   2.9477499121E-005
     120.0   2.7121975437E-005
     140.0   2.8168584016E-005
     160.0   2.9034659189E-005
     180.0   2.9640089235E-005
     200.0   2.9922040666E-005
     220.0   2.9961446206E-005
     240.0   2.9945359963E-005
     260.0   2.9487326776E-005
     280.0   3.0461207591E-005
     300.0   3.0467726092E-005
     400.0   3.0475906195E-005
     500.0   3.0481763681E-005
    1000.0   3.0509741103E-005
