   -1000.0   2.9105058203E-005
    -500.0   2.9136606268E-005
    -400.0   2.9142901626E-005
    -300.0   2.9149195472E-005
    -280.0   2.9150454057E-005
    -260.0   2.9151712580E-005
    -240.0   2.9152971039E-005
    -220.0   2.9154229435E-005
    -200.0   2.9155487766E-005
    -180.0   2.9156746032E-005
    -160.0   2.9158004230E-005
    -140.0   2.9159262365E-005
    -120.0   2.9160543037E-005
    -100.0   2.9161811397E-005
     -80.0   2.9163074601E-005
     -60.0   2.9164345419E-005
     -50.0   2.9164983042E-005
     -40.0   2.9166111657E-005
     -30.0   2.9166788409E-005
     -20.0   2.9167746848E-005
     -10.0   2.9169078175E-005
       0.0   2.9170976982E-005
      10.0   2.9169105466E-005
      20.0   2.9169885064E-005
      30.0   2.9170361219E-005
      40.0   2.9170875845E-005
      50.0   2.9171268844E-005
      60.0   2.9171887476E-005
      80.0   2.9173128537E-005
     100.0   2.9174369724E-005
     120.0   2.9130308412E-005
     140.0   2.8984634591E-005
     160.0   2.9035020252E-005
     180.0   2.9064551418E-005
     200.0   2.9106779043E-005
     220.0   2.9122310810E-005
     240.0   2.9149765849E-005
     260.0   2.9152003043E-005
     280.0   2.9049880206E-005
     300.0   2.9186901352E-005
     400.0   2.9193209307E-005
     500.0   2.9199491980E-005
    1000.0   2.9230878041E-005
