   -1000.0   3.2437490990E-005
    -500.0   3.2454425152E-005
    -400.0   3.2457788562E-005
    -300.0   3.2461147279E-005
    -280.0   3.2461818459E-005
    -260.0   3.2462489451E-005
    -240.0   3.2463160256E-005
    -220.0   3.2463830872E-005
    -200.0   3.2464501302E-005
    -180.0   3.2465171546E-005
    -160.0   3.2465841604E-005
    -140.0   3.2466511494E-005
    -120.0   3.2467186904E-005
    -100.0   3.2467910800E-005
     -80.0   3.2469235804E-005
     -60.0   3.2469725554E-005
     -50.0   3.2470996048E-005
     -40.0   3.2472204876E-005
     -30.0   3.2472849194E-005
     -20.0   3.2474468596E-005
     -10.0   3.2473015392E-005
       0.0   3.2473201808E-005
      10.0   3.2473632130E-005
      20.0   3.2475589957E-005
      30.0   3.2474380954E-005
      40.0   3.2474253611E-005
      50.0   3.2473913486E-005
      60.0   3.2473627266E-005
      80.0   3.2474557362E-005
     100.0   3.2473901741E-005
     120.0   3.2473639289E-005
     140.0   3.2474762886E-005
     160.0   3.2475817694E-005
     180.0   3.2476715653E-005
     200.0   3.2477508420E-005
     220.0   3.2478224311E-005
     240.0   3.2478870103E-005
     260.0   3.2479539568E-005
     280.0   3.2480524523E-005
     300.0   3.2481200310E-005
     400.0   3.2484525961E-005
     500.0   3.2487846818E-005
    1000.0   3.2504379393E-005
