   -1000.0   9.9155738110E-006
    -500.0   9.9523350917E-006
    -400.0   9.9628333600E-006
    -300.0   9.9789079388E-006
    -280.0   9.9836943027E-006
    -260.0   9.9894910146E-006
    -240.0   9.9967495755E-006
    -220.0   1.0006232964E-005
    -200.0   1.0019365968E-005
    -180.0   1.0039345628E-005
    -160.0   1.0078544223E-005
    -140.0   1.0446764653E-005
    -120.0   1.1170951759E-005
    -100.0   1.2471471513E-005
     -80.0   2.0917540367E-005
     -60.0   2.8774573488E-005
     -50.0   3.3297391968E-005
     -40.0   3.8082724853E-005
     -30.0   4.0646717813E-005
     -20.0   3.8237440257E-005
     -10.0   4.5567311765E-005
       0.0   3.7458625235E-005
      10.0   3.4331526899E-005
      20.0   3.2450928992E-005
      30.0   2.7252450275E-005
      40.0   2.4938943938E-005
      50.0   2.2662154747E-005
      60.0   2.0912611842E-005
      80.0   1.7613696508E-005
     100.0   1.2964666374E-005
     120.0   1.1772068432E-005
     140.0   1.1421565397E-005
     160.0   1.1120104057E-005
     180.0   1.0812981417E-005
     200.0   1.0346246655E-005
     220.0   9.2594696266E-006
     240.0   7.6063039889E-006
     260.0   6.9323662702E-006
     280.0   6.9054783044E-006
     300.0   7.9881937554E-006
     400.0   9.9987484599E-006
     500.0   1.0011089874E-005
    1000.0   1.0041294799E-005
