   -1000.0   1.3418845915E-004
    -500.0   1.3566792683E-004
    -400.0   1.3648429683E-004
    -300.0   1.3822067227E-004
    -280.0   1.3881740126E-004
    -260.0   1.3956844986E-004
    -240.0   1.4053626168E-004
    -220.0   1.4182108093E-004
    -200.0   1.4359720744E-004
    -180.0   1.4621691681E-004
    -160.0   1.5084030494E-004
    -140.0   1.7770055531E-004
    -120.0   2.4090257885E-004
    -100.0   3.5136247522E-004
     -80.0   5.5298018085E-004
     -60.0   1.4965627253E-003
     -50.0   2.8714917232E-003
     -40.0   4.1632669179E-003
     -30.0   4.7563617943E-003
     -20.0   6.3490822904E-003
     -10.0   7.2521137719E-003
       0.0   5.1504412058E-003
      10.0   3.9235722078E-003
      20.0   3.5543232852E-003
      30.0   2.7854320414E-003
      40.0   2.2452229624E-003
      50.0   1.6604411992E-003
      60.0   1.1452671900E-003
      80.0   5.2971753374E-004
     100.0   3.7512421873E-004
     120.0   2.8094662808E-004
     140.0   2.2478894941E-004
     160.0   1.9656688890E-004
     180.0   1.7973945083E-004
     200.0   1.6702643482E-004
     220.0   1.5898600430E-004
     240.0   1.5261483746E-004
     260.0   1.4645650460E-004
     280.0   1.4247885520E-004
     300.0   1.3979311266E-004
     400.0   1.3708387095E-004
     500.0   1.3643265517E-004
    1000.0   1.3589934901E-004
