   -1000.0   2.5147804466E-005
    -500.0   2.5175317127E-005
    -400.0   2.5187861088E-005
    -300.0   2.5215228043E-005
    -280.0   2.5225232340E-005
    -260.0   2.5238402534E-005
    -240.0   2.5256603119E-005
    -220.0   2.5285898032E-005
    -200.0   2.5376877023E-005
    -180.0   2.5552072049E-005
    -160.0   2.6054229629E-005
    -140.0   3.1106330514E-005
    -120.0   3.6440972071E-005
    -100.0   4.0324708332E-005
     -80.0   4.5466842090E-005
     -60.0   5.4088980857E-005
     -50.0   5.8990061093E-005
     -40.0   6.3203585507E-005
     -30.0   6.4380786327E-005
     -20.0   6.2201515995E-005
     -10.0   6.0529159830E-005
       0.0   5.4416972168E-005
      10.0   5.4836949435E-005
      20.0   5.3977154492E-005
      30.0   5.2003985550E-005
      40.0   4.8752599907E-005
      50.0   4.3575864350E-005
      60.0   3.9366068947E-005
      80.0   3.4428937551E-005
     100.0   3.1606966860E-005
     120.0   2.9570615151E-005
     140.0   2.7847785165E-005
     160.0   2.6477577708E-005
     180.0   2.6164154880E-005
     200.0   2.5536177352E-005
     220.0   2.4949818275E-005
     240.0   2.4783791623E-005
     260.0   2.5129739083E-005
     280.0   2.5229000867E-005
     300.0   2.5222099453E-005
     400.0   2.5203847911E-005
     500.0   2.5197634260E-005
    1000.0   2.5198538003E-005
