   -1000.0   4.4901843524E-005
    -500.0   4.4911669487E-005
    -400.0   4.4913615855E-005
    -300.0   4.4915556815E-005
    -280.0   4.4915944357E-005
    -260.0   4.4916331683E-005
    -240.0   4.4916718792E-005
    -220.0   4.4917105684E-005
    -200.0   4.4917492359E-005
    -180.0   4.4917878817E-005
    -160.0   4.4918265059E-005
    -140.0   4.4918651091E-005
    -120.0   4.4919037266E-005
    -100.0   4.4919423859E-005
     -80.0   4.4919809589E-005
     -60.0   4.4920194930E-005
     -50.0   4.4920387530E-005
     -40.0   4.4920580099E-005
     -30.0   4.4920772666E-005
     -20.0   4.4920965302E-005
     -10.0   4.4921157863E-005
       0.0   4.4921349925E-005
      10.0   4.4921541406E-005
      20.0   4.4921732535E-005
      30.0   4.4921923711E-005
      40.0   4.4922115168E-005
      50.0   4.4922306841E-005
      60.0   4.4922498595E-005
      80.0   4.4922882234E-005
     100.0   4.4923265762E-005
     120.0   4.4923649104E-005
     140.0   4.4924032147E-005
     160.0   4.4924414954E-005
     180.0   4.4924797302E-005
     200.0   4.4925179085E-005
     220.0   4.4925561346E-005
     240.0   4.4925943679E-005
     260.0   4.4926325683E-005
     280.0   4.4926707299E-005
     300.0   4.4927088578E-005
     400.0   4.4928991484E-005
     500.0   4.4930888925E-005
    1000.0   4.4940293923E-005
