   -1000.0   4.6489992851E-005
    -500.0   4.6498801007E-005
    -400.0   4.6500071097E-005
    -300.0   4.6501041525E-005
    -280.0   4.6501176955E-005
    -260.0   4.6501290321E-005
    -240.0   4.6501392701E-005
    -220.0   4.6501546696E-005
    -200.0   4.6509180993E-005
    -180.0   4.6574842592E-005
    -160.0   4.6721082196E-005
    -140.0   4.6885785484E-005
    -120.0   4.7050229757E-005
    -100.0   4.7221882727E-005
     -80.0   4.7416033007E-005
     -60.0   4.7549314625E-005
     -50.0   4.7564640807E-005
     -40.0   4.7551896700E-005
     -30.0   4.7467329642E-005
     -20.0   4.7306700942E-005
     -10.0   4.6709913132E-005
       0.0   3.5133798410E-005
      10.0   4.4271163687E-005
      20.0   4.5411812676E-005
      30.0   4.5150341671E-005
      40.0   4.4596991828E-005
      50.0   4.4164850537E-005
      60.0   4.0885516683E-005
      80.0   2.1178700443E-005
     100.0   1.8481948221E-005
     120.0   1.8585144204E-005
     140.0   1.8866535872E-005
     160.0   1.9643431649E-005
     180.0   2.2463480072E-005
     200.0   2.6493906141E-005
     220.0   3.0254416242E-005
     240.0   3.4542751465E-005
     260.0   3.9339784172E-005
     280.0   4.6275519181E-005
     300.0   4.6482726474E-005
     400.0   4.6508433663E-005
     500.0   4.6513042955E-005
    1000.0   4.6523083202E-005
