   -1000.0   1.9822329431E-005
    -500.0   1.9866287745E-005
    -400.0   1.9875077861E-005
    -300.0   1.9883868324E-005
    -280.0   1.9885626413E-005
    -260.0   1.9887384485E-005
    -240.0   1.9889142526E-005
    -220.0   1.9890900521E-005
    -200.0   1.9892697501E-005
    -180.0   1.9894539554E-005
    -160.0   1.9896208011E-005
    -140.0   1.9897973657E-005
    -120.0   1.9899737382E-005
    -100.0   1.9901542222E-005
     -80.0   1.9903660156E-005
     -60.0   1.9905680194E-005
     -50.0   1.9906693074E-005
     -40.0   1.9907766147E-005
     -30.0   1.9908876903E-005
     -20.0   1.9909923626E-005
     -10.0   1.9911210557E-005
       0.0   1.9981639360E-005
      10.0   1.9912094870E-005
      20.0   1.9863305581E-005
      30.0   1.9488112077E-005
      40.0   1.9419554004E-005
      50.0   1.9410598866E-005
      60.0   1.9403505968E-005
      80.0   1.9461371656E-005
     100.0   1.9188663139E-005
     120.0   1.8846532443E-005
     140.0   1.9187674559E-005
     160.0   1.9386393482E-005
     180.0   1.9454706688E-005
     200.0   1.9302566765E-005
     220.0   1.8896403573E-005
     240.0   1.9417151685E-005
     260.0   1.9655844386E-005
     280.0   1.9875317203E-005
     300.0   1.9931894765E-005
     400.0   1.9945421364E-005
     500.0   1.9954225412E-005
    1000.0   1.9998228261E-005
