   -1000.0   3.0832871642E-005
    -500.0   3.0918722888E-005
    -400.0   3.0935896128E-005
    -300.0   3.0953068751E-005
    -280.0   3.0956502991E-005
    -260.0   3.0959937055E-005
    -240.0   3.0963370887E-005
    -220.0   3.0966804413E-005
    -200.0   3.0970237533E-005
    -180.0   3.0973670111E-005
    -160.0   3.0977101951E-005
    -140.0   3.0980532764E-005
    -120.0   3.0983962101E-005
    -100.0   3.0987389258E-005
     -80.0   3.0990915102E-005
     -60.0   3.0994522845E-005
     -50.0   3.0996245138E-005
     -40.0   3.0996200573E-005
     -30.0   3.0995439994E-005
     -20.0   3.0995062610E-005
     -10.0   3.0821509183E-005
       0.0   3.0781935448E-005
      10.0   3.0496954884E-005
      20.0   3.0259809471E-005
      30.0   3.0120872829E-005
      40.0   2.9741525207E-005
      50.0   2.9804645506E-005
      60.0   2.9916161556E-005
      80.0   2.9480668871E-005
     100.0   2.9145151986E-005
     120.0   2.8903466955E-005
     140.0   2.8852046535E-005
     160.0   2.8731417700E-005
     180.0   2.8863685343E-005
     200.0   2.8099163276E-005
     220.0   2.8676718127E-005
     240.0   2.9638802186E-005
     260.0   3.1047821784E-005
     280.0   3.1052229612E-005
     300.0   3.1055886491E-005
     400.0   3.1073304106E-005
     500.0   3.1090533831E-005
    1000.0   3.1176538782E-005
