   -1000.0   2.7980682216E-005
    -500.0   2.8594109764E-005
    -400.0   2.9072870147E-005
    -300.0   3.0171061030E-005
    -280.0   3.0560674184E-005
    -260.0   3.1056270745E-005
    -240.0   3.1701029972E-005
    -220.0   3.2563468389E-005
    -200.0   3.3756725216E-005
    -180.0   3.5483584517E-005
    -160.0   3.8129946949E-005
    -140.0   4.2352481226E-005
    -120.0   4.8639871826E-005
    -100.0   5.9292531504E-005
     -80.0   7.1213427386E-005
     -60.0   8.3824085350E-005
     -50.0   8.9195264130E-005
     -40.0   9.3554663923E-005
     -30.0   9.4699777837E-005
     -20.0   9.3257377818E-005
     -10.0   8.9779435056E-005
       0.0   8.2558916599E-005
      10.0   7.3229959284E-005
      20.0   7.3429923064E-005
      30.0   7.2837632919E-005
      40.0   7.3564273283E-005
      50.0   7.4044252113E-005
      60.0   7.0942995738E-005
      80.0   6.1621688205E-005
     100.0   5.3113384839E-005
     120.0   4.5873757027E-005
     140.0   3.9843651694E-005
     160.0   3.6209790573E-005
     180.0   3.3879283069E-005
     200.0   3.2382544824E-005
     220.0   3.1370077806E-005
     240.0   3.0717950696E-005
     260.0   3.0386757591E-005
     280.0   3.0079657961E-005
     300.0   2.9804201934E-005
     400.0   2.8905019036E-005
     500.0   2.8468932420E-005
    1000.0   2.7856643267E-005
