   -1000.0   7.2081415726E-005
    -500.0   7.4109132516E-005
    -400.0   7.5514536247E-005
    -300.0   7.8626092426E-005
    -280.0   7.9714045145E-005
    -260.0   8.1093123117E-005
    -240.0   8.2886243111E-005
    -220.0   8.5299994806E-005
    -200.0   8.8735458323E-005
    -180.0   9.4369408090E-005
    -160.0   1.1130330326E-004
    -140.0   1.4216455062E-004
    -120.0   1.8948796076E-004
    -100.0   2.8032781992E-004
     -80.0   7.5516521755E-004
     -60.0   1.5607162002E-003
     -50.0   1.8784007151E-003
     -40.0   2.2543017948E-003
     -30.0   2.8171783890E-003
     -20.0   3.7417908191E-003
     -10.0   5.2421940865E-003
       0.0   4.2330258979E-003
      10.0   4.1695093945E-003
      20.0   2.7886240157E-003
      30.0   1.9307044529E-003
      40.0   1.4813109118E-003
      50.0   1.2289239758E-003
      60.0   1.0587082976E-003
      80.0   6.7572387382E-004
     100.0   3.1166324556E-004
     120.0   2.3476569642E-004
     140.0   1.8588987283E-004
     160.0   1.5151330392E-004
     180.0   1.2991887028E-004
     200.0   1.1096698550E-004
     220.0   9.9610256629E-005
     240.0   9.0605696796E-005
     260.0   8.4680762084E-005
     280.0   8.1309533332E-005
     300.0   7.9037503181E-005
     400.0   7.5810904697E-005
     500.0   7.4502885444E-005
    1000.0   7.2985941555E-005
