   -1000.0   2.2084247781E-005
    -500.0   2.2449870422E-005
    -400.0   2.2469394498E-005
    -300.0   2.2501513161E-005
    -280.0   2.2511550360E-005
    -260.0   2.2523975368E-005
    -240.0   2.2539961241E-005
    -220.0   2.2561673633E-005
    -200.0   2.2593995549E-005
    -180.0   2.2658049987E-005
    -160.0   2.5047007178E-005
    -140.0   2.9428037865E-005
    -120.0   7.5922390468E-005
    -100.0   1.0306610896E-004
     -80.0   1.4086943148E-004
     -60.0   1.9338087125E-004
     -50.0   2.2929547503E-004
     -40.0   2.8253005899E-004
     -30.0   3.4075449980E-004
     -20.0   4.1061097288E-004
     -10.0   5.6040705148E-004
       0.0   5.9291084748E-004
      10.0   3.6249781443E-004
      20.0   1.9791869789E-004
      30.0   1.4621191763E-004
      40.0   1.2126135733E-004
      50.0   1.0415306459E-004
      60.0   9.4313976144E-005
      80.0   7.6700152135E-005
     100.0   7.4767307251E-005
     120.0   6.5092444777E-005
     140.0   3.9731405863E-005
     160.0   3.5585500215E-005
     180.0   3.0345486328E-005
     200.0   2.6582979351E-005
     220.0   2.5712142429E-005
     240.0   2.5844308541E-005
     260.0   2.4850101679E-005
     280.0   2.4102714064E-005
     300.0   2.2569982393E-005
     400.0   2.2549996299E-005
     500.0   2.2550793820E-005
    1000.0   2.2589673775E-005
