   -1000.0   3.5195958682E-005
    -500.0   3.7688184143E-005
    -400.0   3.9552116825E-005
    -300.0   4.3808002686E-005
    -280.0   4.5327310600E-005
    -260.0   4.7268218296E-005
    -240.0   4.9802908778E-005
    -220.0   5.3190427632E-005
    -200.0   5.7121919201E-005
    -180.0   5.9033181758E-005
    -160.0   6.4994496899E-005
    -140.0   7.5684963449E-005
    -120.0   8.6640670413E-005
    -100.0   9.9023057014E-005
     -80.0   1.1030537339E-004
     -60.0   1.1497090911E-004
     -50.0   1.1605097614E-004
     -40.0   1.1992839730E-004
     -30.0   1.2067332385E-004
     -20.0   1.1709905059E-004
     -10.0   1.1211432575E-004
       0.0   1.0717523380E-004
      10.0   1.0077572867E-004
      20.0   9.1580252018E-005
      30.0   9.1615361288E-005
      40.0   1.0143900825E-004
      50.0   1.1035723372E-004
      60.0   1.1527109956E-004
      80.0   1.0969647529E-004
     100.0   9.8691742684E-005
     120.0   8.7798815805E-005
     140.0   7.8167142315E-005
     160.0   6.9339450724E-005
     180.0   6.0585122678E-005
     200.0   5.4437514263E-005
     220.0   4.9997263934E-005
     240.0   4.6734954152E-005
     260.0   4.4283232128E-005
     280.0   4.2668647891E-005
     300.0   4.1730933369E-005
     400.0   3.9251971977E-005
     500.0   3.7800222537E-005
    1000.0   3.5877311601E-005
