   -1000.0   7.6160933330E-006
    -500.0   1.0849832502E-005
    -400.0   1.3321442503E-005
    -300.0   1.8840532020E-005
    -280.0   2.0766511409E-005
    -260.0   2.3198579624E-005
    -240.0   2.6338532810E-005
    -220.0   3.0506802102E-005
    -200.0   3.6248214560E-005
    -180.0   4.4597318640E-005
    -160.0   5.8028814988E-005
    -140.0   8.9271637280E-005
    -120.0   1.6142810715E-004
    -100.0   2.8546741675E-004
     -80.0   5.3233820216E-004
     -60.0   1.4468166261E-003
     -50.0   2.0564986365E-003
     -40.0   2.5216276639E-003
     -30.0   3.0835429668E-003
     -20.0   3.8311133900E-003
     -10.0   3.8349678638E-003
       0.0   2.9504479537E-003
      10.0   3.0347103441E-003
      20.0   3.0250861248E-003
      30.0   2.5080120458E-003
      40.0   1.9662245626E-003
      50.0   1.6388336253E-003
      60.0   1.2210903909E-003
      80.0   4.5681557806E-004
     100.0   2.8851342277E-004
     120.0   2.0591588210E-004
     140.0   1.5360187947E-004
     160.0   1.1784355293E-004
     180.0   9.1062367329E-005
     200.0   7.0477094913E-005
     220.0   5.5030290701E-005
     240.0   4.3183423932E-005
     260.0   3.4101716570E-005
     280.0   2.7917840796E-005
     300.0   2.2196716678E-005
     400.0   1.3536554653E-005
     500.0   1.0939275861E-005
    1000.0   7.7303094741E-006
