   -1000.0   2.2352192115E-005
    -500.0   2.2411310609E-005
    -400.0   2.2423047700E-005
    -300.0   2.2434684948E-005
    -280.0   2.2436991569E-005
    -260.0   2.2439287911E-005
    -240.0   2.2441571785E-005
    -220.0   2.2443846913E-005
    -200.0   2.2446245288E-005
    -180.0   2.2448699479E-005
    -160.0   2.2451143677E-005
    -140.0   2.2453496320E-005
    -120.0   2.2455787316E-005
    -100.0   2.2458533592E-005
     -80.0   2.2460057548E-005
     -60.0   2.2460496537E-005
     -50.0   2.2452119638E-005
     -40.0   2.2366324347E-005
     -30.0   2.2230118189E-005
     -20.0   2.2080277268E-005
     -10.0   2.1918856947E-005
       0.0   2.1825659539E-005
      10.0   2.1804271950E-005
      20.0   2.1817968313E-005
      30.0   2.1822064908E-005
      40.0   2.1764287672E-005
      50.0   2.1488354199E-005
      60.0   2.1110944607E-005
      80.0   1.8740239905E-005
     100.0   1.0727866640E-005
     120.0   7.2243142117E-006
     140.0   6.9257475277E-006
     160.0   6.6671904924E-006
     180.0   6.9565879927E-006
     200.0   9.4190013987E-006
     220.0   1.2002262587E-005
     240.0   1.4163776183E-005
     260.0   1.6463341666E-005
     280.0   2.0237441582E-005
     300.0   2.2435581150E-005
     400.0   2.2515226869E-005
     500.0   2.2528954097E-005
    1000.0   2.2589722250E-005
