   -1000.0   2.2037756835E-005
    -500.0   2.4054849451E-005
    -400.0   2.5567943459E-005
    -300.0   2.8937948550E-005
    -280.0   3.0111947595E-005
    -260.0   3.1592150152E-005
    -240.0   3.3497870898E-005
    -220.0   3.6014363168E-005
    -200.0   3.9443529290E-005
    -180.0   4.4309217977E-005
    -160.0   5.1602674774E-005
    -140.0   6.3471185542E-005
    -120.0   8.6103840087E-005
    -100.0   1.6180784745E-004
     -80.0   3.3843101505E-004
     -60.0   7.9845852272E-004
     -50.0   1.3757838693E-003
     -40.0   1.8328141042E-003
     -30.0   2.4554057789E-003
     -20.0   2.3546135463E-003
     -10.0   1.7163886384E-003
       0.0   1.1455645384E-003
      10.0   1.2223340557E-003
      20.0   1.5219953853E-003
      30.0   1.5451137166E-003
      40.0   1.3186630991E-003
      50.0   9.7092134429E-004
      60.0   6.5583430865E-004
      80.0   3.1558146769E-004
     100.0   2.1873126056E-004
     120.0   1.6233191187E-004
     140.0   1.2008224953E-004
     160.0   9.1130037712E-005
     180.0   7.0871898603E-005
     200.0   5.6719700572E-005
     220.0   4.4903333154E-005
     240.0   3.7133418771E-005
     260.0   3.2858168012E-005
     280.0   3.0694085669E-005
     300.0   2.9256711866E-005
     400.0   2.5664268169E-005
     500.0   2.4177550439E-005
    1000.0   2.2338394588E-005
