   -1000.0   2.1949679406E-005
    -500.0   2.1989819658E-005
    -400.0   2.1999571283E-005
    -300.0   2.2015544695E-005
    -280.0   2.2021857875E-005
    -260.0   2.2037506753E-005
    -240.0   2.2090566045E-005
    -220.0   2.2401851596E-005
    -200.0   2.2855577470E-005
    -180.0   2.3398995626E-005
    -160.0   2.3445598668E-005
    -140.0   2.4501195335E-005
    -120.0   2.9337222372E-005
    -100.0   3.3137234006E-005
     -80.0   3.7198021330E-005
     -60.0   4.2498933189E-005
     -50.0   4.7554179250E-005
     -40.0   5.6777783619E-005
     -30.0   7.5383308035E-005
     -20.0   1.0995697947E-004
     -10.0   1.2861933093E-004
       0.0   1.2243555660E-004
      10.0   1.1081488879E-004
      20.0   7.7687737254E-005
      30.0   4.9587187181E-005
      40.0   4.0288348619E-005
      50.0   3.6235260348E-005
      60.0   3.5156757892E-005
      80.0   3.1329773213E-005
     100.0   2.8223081436E-005
     120.0   2.6511312816E-005
     140.0   2.5022060683E-005
     160.0   2.5512426028E-005
     180.0   2.5328374973E-005
     200.0   2.4844586761E-005
     220.0   2.3693892761E-005
     240.0   2.2366965476E-005
     260.0   2.2079684196E-005
     280.0   2.2058649355E-005
     300.0   2.2054629522E-005
     400.0   2.2051751486E-005
     500.0   2.2055189413E-005
    1000.0   2.2084190495E-005
