   -1000.0   2.3473038708E-006
    -500.0   3.9135306941E-006
    -400.0   5.1101173693E-006
    -300.0   7.7981127623E-006
    -280.0   8.7545888580E-006
    -260.0   9.9983991442E-006
    -240.0   1.1738105057E-005
    -220.0   1.4175811093E-005
    -200.0   1.7124241933E-005
    -180.0   2.1618697583E-005
    -160.0   2.7075941674E-005
    -140.0   3.7581767088E-005
    -120.0   5.9730951092E-005
    -100.0   8.5019444834E-005
     -80.0   1.2002138131E-004
     -60.0   1.6078120752E-004
     -50.0   1.7699695638E-004
     -40.0   1.8867933949E-004
     -30.0   1.9279126105E-004
     -20.0   1.8024673310E-004
     -10.0   1.5426550759E-004
       0.0   1.4273499914E-004
      10.0   1.6394482886E-004
      20.0   1.7347114118E-004
      30.0   1.6301221592E-004
      40.0   1.5192210515E-004
      50.0   1.3316411818E-004
      60.0   1.1489097080E-004
      80.0   8.3135924797E-005
     100.0   5.8744197227E-005
     120.0   4.2871071290E-005
     140.0   3.1344662739E-005
     160.0   2.5564157280E-005
     180.0   2.0354898325E-005
     200.0   1.6829100734E-005
     220.0   1.4041722847E-005
     240.0   1.1604171841E-005
     260.0   9.8189456720E-006
     280.0   8.5525756518E-006
     300.0   7.6072628310E-006
     400.0   5.0235659876E-006
     500.0   3.8793262901E-006
    1000.0   2.3809065716E-006
