   -1000.0   1.0707287029E-005
    -500.0   1.0735232332E-005
    -400.0   1.0740049733E-005
    -300.0   1.0744010197E-005
    -280.0   1.0744625532E-005
    -260.0   1.0745154284E-005
    -240.0   1.0745578392E-005
    -220.0   1.0745878821E-005
    -200.0   1.0746036801E-005
    -180.0   1.0746024810E-005
    -160.0   1.0745800069E-005
    -140.0   1.0745325907E-005
    -120.0   1.0745335577E-005
    -100.0   1.0744936650E-005
     -80.0   1.0744052732E-005
     -60.0   1.0741404316E-005
     -50.0   1.0739280399E-005
     -40.0   1.0735911469E-005
     -30.0   1.0731585961E-005
     -20.0   1.0725229207E-005
     -10.0   1.0703921294E-005
       0.0   1.0618643345E-005
      10.0   1.0512904097E-005
      20.0   1.0399781007E-005
      30.0   1.0283640832E-005
      40.0   1.0170029123E-005
      50.0   1.0088836018E-005
      60.0   1.0070530287E-005
      80.0   9.5112504570E-006
     100.0   3.7539687877E-006
     120.0   2.2258094815E-006
     140.0   1.5988234044E-006
     160.0   1.2237521066E-006
     180.0   1.2666216130E-006
     200.0   1.9900561455E-006
     220.0   3.8890914227E-006
     240.0   5.0339643906E-006
     260.0   6.3490822770E-006
     280.0   7.3177840382E-006
     300.0   8.4314982290E-006
     400.0   1.0757844646E-005
     500.0   1.0783830805E-005
    1000.0   1.0826671158E-005
