   -1000.0   1.2743188061E-005
    -500.0   1.2782199154E-005
    -400.0   1.2790001697E-005
    -300.0   1.2797801203E-005
    -280.0   1.2799360391E-005
    -260.0   1.2800919238E-005
    -240.0   1.2802477697E-005
    -220.0   1.2804035736E-005
    -200.0   1.2805593387E-005
    -180.0   1.2807151102E-005
    -160.0   1.2809089707E-005
    -140.0   1.2811794739E-005
    -120.0   1.2815047132E-005
    -100.0   1.2819220388E-005
     -80.0   1.2842387939E-005
     -60.0   1.2892234309E-005
     -50.0   1.2909241000E-005
     -40.0   1.2921092762E-005
     -30.0   1.2921963565E-005
     -20.0   1.2927411131E-005
     -10.0   1.2946735833E-005
       0.0   1.2922534892E-005
      10.0   1.2908359237E-005
      20.0   1.2905301221E-005
      30.0   1.2892738739E-005
      40.0   1.2881016370E-005
      50.0   1.2854964371E-005
      60.0   1.2822724163E-005
      80.0   1.2803863397E-005
     100.0   1.2792581252E-005
     120.0   1.2779184409E-005
     140.0   1.2772522334E-005
     160.0   1.2597856177E-005
     180.0   1.2311228255E-005
     200.0   9.4482276768E-006
     220.0   6.8546773545E-006
     240.0   6.3969118387E-006
     260.0   7.2555013760E-006
     280.0   8.3291928460E-006
     300.0   9.5781997071E-006
     400.0   1.2851656767E-005
     500.0   1.2860163015E-005
    1000.0   1.2899652706E-005
