   -1000.0   3.2476670812E-006
    -500.0   3.2623209327E-006
    -400.0   3.2659802037E-006
    -300.0   3.2708275099E-006
    -280.0   3.2721106641E-006
    -260.0   3.2735835274E-006
    -240.0   3.2753211854E-006
    -220.0   3.2774640518E-006
    -200.0   3.2805572092E-006
    -180.0   3.2848349162E-006
    -160.0   3.3010560481E-006
    -140.0   3.3144588172E-006
    -120.0   3.3244173185E-006
    -100.0   3.3460178873E-006
     -80.0   3.3822534628E-006
     -60.0   3.4488273199E-006
     -50.0   3.5117517292E-006
     -40.0   3.6161598999E-006
     -30.0   3.8105672699E-006
     -20.0   4.1922163690E-006
     -10.0   4.7361834603E-006
       0.0   4.6440033985E-006
      10.0   4.3104167661E-006
      20.0   3.8898566573E-006
      30.0   3.6024208235E-006
      40.0   3.4561008699E-006
      50.0   3.3746578838E-006
      60.0   3.3041055513E-006
      80.0   1.6495433441E-006
     100.0   8.6146375860E-007
     120.0   2.8832469225E-006
     140.0   2.9741874253E-006
     160.0   2.7748496439E-006
     180.0   2.7771548203E-006
     200.0   3.0417500855E-006
     220.0   3.2514281838E-006
     240.0   3.2694595942E-006
     260.0   3.2775723663E-006
     280.0   3.2818262928E-006
     300.0   3.2832992553E-006
     400.0   3.2864290541E-006
     500.0   3.2887886240E-006
    1000.0   3.3016007834E-006
