   -1000.0   2.9743489932E-005
    -500.0   2.9772931208E-005
    -400.0   2.9778633128E-005
    -300.0   2.9784364966E-005
    -280.0   2.9785532564E-005
    -260.0   2.9786726017E-005
    -240.0   2.9787985697E-005
    -220.0   2.9789882682E-005
    -200.0   2.9805720714E-005
    -180.0   2.9845666971E-005
    -160.0   2.9870049252E-005
    -140.0   2.9886747484E-005
    -120.0   2.9905654474E-005
    -100.0   2.9931274872E-005
     -80.0   2.9972895374E-005
     -60.0   3.0045660204E-005
     -50.0   3.0104022348E-005
     -40.0   3.0191976234E-005
     -30.0   3.0337605135E-005
     -20.0   3.0533522594E-005
     -10.0   3.0474108253E-005
       0.0   3.0072365838E-005
      10.0   2.9627156997E-005
      20.0   2.9492303966E-005
      30.0   2.9518438508E-005
      40.0   2.9547861094E-005
      50.0   2.9559637858E-005
      60.0   2.9552501698E-005
      80.0   2.9524397174E-005
     100.0   2.9440295965E-005
     120.0   2.9185277955E-005
     140.0   2.8319746803E-005
     160.0   2.7362652064E-005
     180.0   2.7447562664E-005
     200.0   2.7884000977E-005
     220.0   2.8267213536E-005
     240.0   2.8767625074E-005
     260.0   2.9368760907E-005
     280.0   2.9779515851E-005
     300.0   2.9809918735E-005
     400.0   2.9822771264E-005
     500.0   2.9829434062E-005
    1000.0   2.9858579468E-005
