   -1000.0   4.3487749952E-005
    -500.0   4.3586539095E-005
    -400.0   4.3599729915E-005
    -300.0   4.3615679421E-005
    -280.0   4.3619619976E-005
    -260.0   4.3624025619E-005
    -240.0   4.3629084674E-005
    -220.0   4.3635097719E-005
    -200.0   4.3642574294E-005
    -180.0   4.3652471790E-005
    -160.0   4.3666971850E-005
    -140.0   4.3698665800E-005
    -120.0   5.1470644005E-005
    -100.0   6.5403087286E-005
     -80.0   8.5830991797E-005
     -60.0   2.0202917302E-004
     -50.0   3.1392219921E-004
     -40.0   4.2097698595E-004
     -30.0   5.0560147430E-004
     -20.0   7.0757661354E-004
     -10.0   7.2413980914E-004
       0.0   3.3673025855E-004
      10.0   3.4252435499E-004
      20.0   3.6328198329E-004
      30.0   2.6569238815E-004
      40.0   2.3109348917E-004
      50.0   2.0149829381E-004
      60.0   1.6399382176E-004
      80.0   9.2034726240E-005
     100.0   7.3866384650E-005
     120.0   6.4159913143E-005
     140.0   5.6172901838E-005
     160.0   5.2047304085E-005
     180.0   4.9588767054E-005
     200.0   4.7984314833E-005
     220.0   4.6883696598E-005
     240.0   4.6125910338E-005
     260.0   4.3812614901E-005
     280.0   4.2407818153E-005
     300.0   4.2969677979E-005
     400.0   4.3695431666E-005
     500.0   4.3704259767E-005
    1000.0   4.3756575198E-005
