   -1000.0   2.4667687037E-005
    -500.0   2.4766622458E-005
    -400.0   2.4810569360E-005
    -300.0   2.4898574087E-005
    -280.0   2.4928159419E-005
    -260.0   2.4965198536E-005
    -240.0   2.5012769604E-005
    -220.0   2.5075906297E-005
    -200.0   2.5163691982E-005
    -180.0   2.5296299675E-005
    -160.0   2.5583162015E-005
    -140.0   3.1927884502E-005
    -120.0   4.0451208117E-005
    -100.0   6.0762975071E-005
     -80.0   9.6261905971E-005
     -60.0   1.8082715595E-004
     -50.0   5.3672674479E-004
     -40.0   8.5705749172E-004
     -30.0   9.9882935327E-004
     -20.0   1.0482865553E-003
     -10.0   1.1700404773E-003
       0.0   1.1464404924E-003
      10.0   9.8472273739E-004
      20.0   8.1068121915E-004
      30.0   6.6949691355E-004
      40.0   5.3389276815E-004
      50.0   3.8625991041E-004
      60.0   1.8668040951E-004
      80.0   9.4921970583E-005
     100.0   6.3440900664E-005
     120.0   4.5057346563E-005
     140.0   3.7754731049E-005
     160.0   3.1255460839E-005
     180.0   2.9461639069E-005
     200.0   2.7618959062E-005
     220.0   2.6250449257E-005
     240.0   2.5226868628E-005
     260.0   2.4810137076E-005
     280.0   2.3693410537E-005
     300.0   2.3422911474E-005
     400.0   2.4874827050E-005
     500.0   2.4851081977E-005
    1000.0   2.4850061675E-005
