   -1000.0   6.9240708936E-006
    -500.0   6.9479586117E-006
    -400.0   6.9526456365E-006
    -300.0   6.9572003769E-006
    -280.0   6.9580805188E-006
    -260.0   6.9589441371E-006
    -240.0   6.9597891167E-006
    -220.0   6.9606069688E-006
    -200.0   6.9614229793E-006
    -180.0   6.9621166723E-006
    -160.0   6.9629074842E-006
    -140.0   6.9635590694E-006
    -120.0   6.9640716111E-006
    -100.0   6.9642804036E-006
     -80.0   6.9641329562E-006
     -60.0   6.9632531268E-006
     -50.0   6.9622206522E-006
     -40.0   6.9603562647E-006
     -30.0   6.9527409474E-006
     -20.0   6.5575095717E-006
     -10.0   5.4744500516E-006
       0.0   5.1472911226E-006
      10.0   4.8975967511E-006
      20.0   5.4064311624E-006
      30.0   5.7626145776E-006
      40.0   4.9768781138E-006
      50.0   2.1699409617E-006
      60.0   2.0278536735E-006
      80.0   2.3002940046E-006
     100.0   2.4934816346E-006
     120.0   6.0551036501E-006
     140.0   6.1928924062E-006
     160.0   6.2224215500E-006
     180.0   6.2197588859E-006
     200.0   6.1952128355E-006
     220.0   6.8580154400E-006
     240.0   6.8935678176E-006
     260.0   6.9350919633E-006
     280.0   6.9728784239E-006
     300.0   6.9840812152E-006
     400.0   6.9908041309E-006
     500.0   6.9962125838E-006
    1000.0   7.0212186031E-006
