   -1000.0   4.3749128636E-005
    -500.0   4.3812766074E-005
    -400.0   4.3861804075E-005
    -300.0   4.4004346781E-005
    -280.0   4.4065662633E-005
    -260.0   4.4152433770E-005
    -240.0   4.4281527921E-005
    -220.0   4.4488243258E-005
    -200.0   4.4894612380E-005
    -180.0   4.6208889537E-005
    -160.0   4.8389657357E-005
    -140.0   5.1107000947E-005
    -120.0   5.4137347917E-005
    -100.0   5.7350964353E-005
     -80.0   6.0430424219E-005
     -60.0   6.2901932979E-005
     -50.0   6.3783876993E-005
     -40.0   6.2860545829E-005
     -30.0   5.7358872296E-005
     -20.0   5.6711178087E-005
     -10.0   5.4655883655E-005
       0.0   5.2243545453E-005
      10.0   5.0587417065E-005
      20.0   4.9749804072E-005
      30.0   4.7551207996E-005
      40.0   4.6363819916E-005
      50.0   4.7049409988E-005
      60.0   4.5519405750E-005
      80.0   4.1685244298E-005
     100.0   3.6799049902E-005
     120.0   2.7510038646E-005
     140.0   2.0712264852E-005
     160.0   1.6724370709E-005
     180.0   1.5141099138E-005
     200.0   1.5711451408E-005
     220.0   1.8113377071E-005
     240.0   2.1421537648E-005
     260.0   2.4918852868E-005
     280.0   2.8888549352E-005
     300.0   3.4135378907E-005
     400.0   4.3010168902E-005
     500.0   4.3525413075E-005
    1000.0   4.3842455224E-005
