   -1000.0   5.6238761885E-006
    -500.0   5.8620371849E-006
    -400.0   6.0417936719E-006
    -300.0   6.4603145993E-006
    -280.0   6.6128475956E-006
    -260.0   6.8107046669E-006
    -240.0   7.0754231388E-006
    -220.0   7.4446085419E-006
    -200.0   7.9898153917E-006
    -180.0   8.8559510240E-006
    -160.0   1.0376469764E-005
    -140.0   1.3921162651E-005
    -120.0   2.2246277008E-005
    -100.0   4.0456779970E-005
     -80.0   6.6039298429E-005
     -60.0   8.8652023244E-005
     -50.0   9.5044581757E-005
     -40.0   9.7763561959E-005
     -30.0   9.8947039633E-005
     -20.0   1.0430474657E-004
     -10.0   7.1571687648E-005
       0.0   7.7273671019E-005
      10.0   9.6439879004E-005
      20.0   9.2313998862E-005
      30.0   8.0207538797E-005
      40.0   6.9116568008E-005
      50.0   5.7738932491E-005
      60.0   4.8258801462E-005
      80.0   3.4544918536E-005
     100.0   2.5219831699E-005
     120.0   1.7663008341E-005
     140.0   1.0980777651E-005
     160.0   7.6434959951E-006
     180.0   5.3749970903E-006
     200.0   4.9467449811E-006
     220.0   5.2111037936E-006
     240.0   4.9675732963E-006
     260.0   4.7663370188E-006
     280.0   4.6353474357E-006
     300.0   5.0361017234E-006
     400.0   5.9149269693E-006
     500.0   5.8374874306E-006
    1000.0   5.6967200630E-006
