   -1000.0   1.8263111205E-005
    -500.0   2.3659646659E-005
    -400.0   2.7851369217E-005
    -300.0   3.7397096624E-005
    -280.0   4.0792864597E-005
    -260.0   4.5135882170E-005
    -240.0   5.0848553577E-005
    -220.0   5.8666143414E-005
    -200.0   7.0417273942E-005
    -180.0   8.8660052935E-005
    -160.0   1.1692580531E-004
    -140.0   1.6206118907E-004
    -120.0   2.3983105601E-004
    -100.0   4.3408625103E-004
     -80.0   6.9450006317E-004
     -60.0   9.7680695722E-004
     -50.0   1.1341122973E-003
     -40.0   1.3659760473E-003
     -30.0   1.4314049047E-003
     -20.0   1.4090588573E-003
     -10.0   1.3736835517E-003
       0.0   1.3447857789E-003
      10.0   1.2860149498E-003
      20.0   1.0498364142E-003
      30.0   9.5232646901E-004
      40.0   1.0045211831E-003
      50.0   8.6203103450E-004
      60.0   7.2165032653E-004
      80.0   5.1010734100E-004
     100.0   3.4833307176E-004
     120.0   2.2151918453E-004
     140.0   1.6203999002E-004
     160.0   1.2145745088E-004
     180.0   9.3426771723E-005
     200.0   7.4028287342E-005
     220.0   6.0453769885E-005
     240.0   5.0660882953E-005
     260.0   4.3561852999E-005
     280.0   3.8296423599E-005
     300.0   3.4553329376E-005
     400.0   2.6908263744E-005
     500.0   2.3313254823E-005
    1000.0   1.8376481206E-005
