   -1000.0   2.1450214680E-005
    -500.0   2.1512233193E-005
    -400.0   2.1524629028E-005
    -300.0   2.1537170052E-005
    -280.0   2.1539736137E-005
    -260.0   2.1542344786E-005
    -240.0   2.1545017429E-005
    -220.0   2.1547788606E-005
    -200.0   2.1550716441E-005
    -180.0   2.1553904507E-005
    -160.0   2.1557552834E-005
    -140.0   2.1562099036E-005
    -120.0   2.1568755160E-005
    -100.0   2.1586593094E-005
     -80.0   2.1696467178E-005
     -60.0   2.1911202743E-005
     -50.0   2.1984558921E-005
     -40.0   2.2026782669E-005
     -30.0   2.2111378451E-005
     -20.0   2.2191992743E-005
     -10.0   2.2218188733E-005
       0.0   2.2453095610E-005
      10.0   2.2196581474E-005
      20.0   2.2023927582E-005
      30.0   2.1939789370E-005
      40.0   2.1853506991E-005
      50.0   2.1771828169E-005
      60.0   2.1663421373E-005
      80.0   2.1262810210E-005
     100.0   2.0792401202E-005
     120.0   2.0629445351E-005
     140.0   2.0552005091E-005
     160.0   2.0283990503E-005
     180.0   2.0051999520E-005
     200.0   1.9842252820E-005
     220.0   1.8811280331E-005
     240.0   1.7529888979E-005
     260.0   1.8986552844E-005
     280.0   2.1053029279E-005
     300.0   2.1477907690E-005
     400.0   2.1607082025E-005
     500.0   2.1630681458E-005
    1000.0   2.1699368475E-005
