   -1000.0   5.1477874719E-006
    -500.0   5.1664192618E-006
    -400.0   5.1701341927E-006
    -300.0   5.1738350942E-006
    -280.0   5.1745729813E-006
    -260.0   5.1753101437E-006
    -240.0   5.1760469256E-006
    -220.0   5.1767952072E-006
    -200.0   5.1777115228E-006
    -180.0   5.1784760293E-006
    -160.0   5.1793140534E-006
    -140.0   5.1803094424E-006
    -120.0   5.1814191813E-006
    -100.0   5.1836209426E-006
     -80.0   5.1877745685E-006
     -60.0   5.1918425223E-006
     -50.0   5.1954128423E-006
     -40.0   5.1973979616E-006
     -30.0   5.2016805584E-006
     -20.0   5.2092747220E-006
     -10.0   5.2360767245E-006
       0.0   5.3458225740E-006
      10.0   5.2277638962E-006
      20.0   5.1875177673E-006
      30.0   5.1305424076E-006
      40.0   5.1188670290E-006
      50.0   5.1051856056E-006
      60.0   5.0901615948E-006
      80.0   5.0689670265E-006
     100.0   1.8911266689E-006
     120.0   6.8827133999E-007
     140.0   2.5012211232E-006
     160.0   3.4828272827E-006
     180.0   3.4854530439E-006
     200.0   3.2772810806E-006
     220.0   2.8932051177E-006
     240.0   4.5027996962E-006
     260.0   4.9699378939E-006
     280.0   5.1751450745E-006
     300.0   5.1883391045E-006
     400.0   5.1990230515E-006
     500.0   5.2035507916E-006
    1000.0   5.2229412823E-006
