   -1000.0   1.2691024830E-005
    -500.0   1.2686921704E-005
    -400.0   1.2700265127E-005
    -300.0   1.2738359988E-005
    -280.0   1.2752733812E-005
    -260.0   1.2771296415E-005
    -240.0   1.2795731426E-005
    -220.0   1.2828687622E-005
    -200.0   1.2874560141E-005
    -180.0   1.2941135231E-005
    -160.0   1.3043420346E-005
    -140.0   1.3214285894E-005
    -120.0   1.3541479887E-005
    -100.0   1.4481664843E-005
     -80.0   2.0639703239E-005
     -60.0   3.0848591286E-005
     -50.0   3.5113346696E-005
     -40.0   3.6961297427E-005
     -30.0   3.5768486937E-005
     -20.0   3.2275095156E-005
     -10.0   2.7478588053E-005
       0.0   2.5304366039E-005
      10.0   2.5781733716E-005
      20.0   2.6447106147E-005
      30.0   2.6831422924E-005
      40.0   2.6227422893E-005
      50.0   2.4672769316E-005
      60.0   2.2269787685E-005
      80.0   1.6004808848E-005
     100.0   1.2606823627E-005
     120.0   1.2070590884E-005
     140.0   1.1862786935E-005
     160.0   1.2101957511E-005
     180.0   1.2374770611E-005
     200.0   1.2741999289E-005
     220.0   1.2743203709E-005
     240.0   1.2727326883E-005
     260.0   1.2711382336E-005
     280.0   1.2697255824E-005
     300.0   1.2685078496E-005
     400.0   1.2644716961E-005
     500.0   1.2622091375E-005
    1000.0   1.2568750588E-005
