   -1000.0   2.3057953112E-005
    -500.0   2.3102559647E-005
    -400.0   2.3115951048E-005
    -300.0   2.3140551249E-005
    -280.0   2.3149458777E-005
    -260.0   2.3162057600E-005
    -240.0   2.3184543290E-005
    -220.0   2.3308537882E-005
    -200.0   2.3522299422E-005
    -180.0   2.3708288642E-005
    -160.0   2.4433168632E-005
    -140.0   2.5763266657E-005
    -120.0   2.8576083390E-005
    -100.0   4.1080073410E-005
     -80.0   5.8577850446E-005
     -60.0   7.0187198749E-005
     -50.0   7.8715023681E-005
     -40.0   9.3729176411E-005
     -30.0   1.1999531890E-004
     -20.0   1.7166549869E-004
     -10.0   1.9185954566E-004
       0.0   1.8615878358E-004
      10.0   1.6404416943E-004
      20.0   1.3124050655E-004
      30.0   8.6205756241E-005
      40.0   6.2038941944E-005
      50.0   5.2127962507E-005
      60.0   4.7402639939E-005
      80.0   4.2060663942E-005
     100.0   3.2278215393E-005
     120.0   2.4884229754E-005
     140.0   2.3932322321E-005
     160.0   2.3490116821E-005
     180.0   2.3324342535E-005
     200.0   2.2945265566E-005
     220.0   2.2617335932E-005
     240.0   2.2602112874E-005
     260.0   2.3086582355E-005
     280.0   2.3145923211E-005
     300.0   2.3161641298E-005
     400.0   2.3162755098E-005
     500.0   2.3163801694E-005
    1000.0   2.3187749083E-005
