   -1000.0   1.5414052330E-004
    -500.0   2.9280157711E-004
    -400.0   3.9496059670E-004
    -300.0   6.0882110419E-004
    -280.0   6.7891124368E-004
    -260.0   7.6344950326E-004
    -240.0   8.6716888063E-004
    -220.0   9.9531378879E-004
    -200.0   1.1501862699E-003
    -180.0   1.3301086812E-003
    -160.0   1.5395943951E-003
    -140.0   1.8290947823E-003
    -120.0   2.1949116135E-003
    -100.0   2.6648347500E-003
     -80.0   3.0562869465E-003
     -60.0   3.3199483585E-003
     -50.0   3.4298598799E-003
     -40.0   3.4795989934E-003
     -30.0   3.4964679832E-003
     -20.0   3.4750050032E-003
     -10.0   3.4092538098E-003
       0.0   3.4613406969E-003
      10.0   3.4115978500E-003
      20.0   3.3628371947E-003
      30.0   3.2736414370E-003
      40.0   3.1986764627E-003
      50.0   3.1928013062E-003
      60.0   3.1800802930E-003
      80.0   3.0041773291E-003
     100.0   2.6234901813E-003
     120.0   2.1836258065E-003
     140.0   1.8180486191E-003
     160.0   1.5058361416E-003
     180.0   1.2723881662E-003
     200.0   1.0906899033E-003
     220.0   9.4807645032E-004
     240.0   8.3172436588E-004
     260.0   7.3912426164E-004
     280.0   6.6089465799E-004
     300.0   5.9778553790E-004
     400.0   3.9270188918E-004
     500.0   2.9347076397E-004
    1000.0   1.5607237542E-004
