   -1000.0   3.0409343806E-005
    -500.0   3.0447600266E-005
    -400.0   3.0453514109E-005
    -300.0   3.0459427091E-005
    -280.0   3.0460610272E-005
    -260.0   3.0461794201E-005
    -240.0   3.0462979475E-005
    -220.0   3.0464167448E-005
    -200.0   3.0465361282E-005
    -180.0   3.0466570629E-005
    -160.0   3.0468288455E-005
    -140.0   3.0684785311E-005
    -120.0   3.1979024357E-005
    -100.0   3.2079923610E-005
     -80.0   3.2495004568E-005
     -60.0   3.3282089568E-005
     -50.0   3.4120953597E-005
     -40.0   3.4707559244E-005
     -30.0   3.3546421962E-005
     -20.0   3.2483154392E-005
     -10.0   3.2717886556E-005
       0.0   3.1796242917E-005
      10.0   3.1991418239E-005
      20.0   3.1753054290E-005
      30.0   3.1297468114E-005
      40.0   3.1215572551E-005
      50.0   3.1136822378E-005
      60.0   3.1116896406E-005
      80.0   3.0173362283E-005
     100.0   2.9735678583E-005
     120.0   2.9421635987E-005
     140.0   2.8874570801E-005
     160.0   2.6942547684E-005
     180.0   2.3498583171E-005
     200.0   2.1414704845E-005
     220.0   2.2592491865E-005
     240.0   2.3811807366E-005
     260.0   2.5391506057E-005
     280.0   2.7174163337E-005
     300.0   3.0250371254E-005
     400.0   3.0500588072E-005
     500.0   3.0506630789E-005
    1000.0   3.0536189235E-005
