   -1000.0   2.7078901474E-005
    -500.0   2.7151937174E-005
    -400.0   2.7226916274E-005
    -300.0   2.7411342714E-005
    -280.0   2.7478149193E-005
    -260.0   2.7563504800E-005
    -240.0   2.7674833762E-005
    -220.0   2.7823764576E-005
    -200.0   2.8029459981E-005
    -180.0   2.8325529619E-005
    -160.0   2.8775704015E-005
    -140.0   2.9515724393E-005
    -120.0   3.0890826823E-005
    -100.0   3.4214113432E-005
     -80.0   4.9004426429E-005
     -60.0   7.3843727280E-005
     -50.0   8.5947767538E-005
     -40.0   9.0452402211E-005
     -30.0   9.0805022335E-005
     -20.0   8.5876496016E-005
     -10.0   7.5256374472E-005
       0.0   6.4207873567E-005
      10.0   5.6958306386E-005
      20.0   5.4589819817E-005
      30.0   5.2951850461E-005
      40.0   5.1765805519E-005
      50.0   5.0082578918E-005
      60.0   4.6478309992E-005
      80.0   3.5390753085E-005
     100.0   2.7030888661E-005
     120.0   2.5355753252E-005
     140.0   2.4501304410E-005
     160.0   2.4327276383E-005
     180.0   2.4493713560E-005
     200.0   2.5388533128E-005
     220.0   2.6515564313E-005
     240.0   2.7111901667E-005
     260.0   2.7191884290E-005
     280.0   2.7198085459E-005
     300.0   2.7184186564E-005
     400.0   2.7086713399E-005
     500.0   2.7020248955E-005
    1000.0   2.6882900028E-005
