   -1000.0   2.4597242845E-005
    -500.0   2.4625398276E-005
    -400.0   2.4631262596E-005
    -300.0   2.4637960888E-005
    -280.0   2.4639536214E-005
    -260.0   2.4641263829E-005
    -240.0   2.4643213085E-005
    -220.0   2.4645503348E-005
    -200.0   2.4648364712E-005
    -180.0   2.4652335805E-005
    -160.0   2.4661173483E-005
    -140.0   2.5219001952E-005
    -120.0   2.7624906071E-005
    -100.0   2.9616879081E-005
     -80.0   3.0891685022E-005
     -60.0   3.8967164001E-005
     -50.0   5.7430035871E-005
     -40.0   8.6165540811E-005
     -30.0   1.0876015559E-004
     -20.0   1.1245319620E-004
     -10.0   9.7199854742E-005
       0.0   7.9373844882E-005
      10.0   8.2326298704E-005
      20.0   9.3767495457E-005
      30.0   9.2731800970E-005
      40.0   7.5584352084E-005
      50.0   5.3578070984E-005
      60.0   3.8422926557E-005
      80.0   3.1150206464E-005
     100.0   2.9212146480E-005
     120.0   2.6033069635E-005
     140.0   2.2513480957E-005
     160.0   2.2501248365E-005
     180.0   2.3315275055E-005
     200.0   2.3831857208E-005
     220.0   2.4195687109E-005
     240.0   2.4415985101E-005
     260.0   2.4569033774E-005
     280.0   2.4576060485E-005
     300.0   2.4611924172E-005
     400.0   2.4672336758E-005
     500.0   2.4677205120E-005
    1000.0   2.4702438025E-005
