   -1000.0   2.8931826224E-005
    -500.0   2.8910587450E-005
    -400.0   2.8906117627E-005
    -300.0   2.8901640874E-005
    -280.0   2.8900744972E-005
    -260.0   2.8899849127E-005
    -240.0   2.8898953631E-005
    -220.0   2.8898059072E-005
    -200.0   2.8897166819E-005
    -180.0   2.8896282981E-005
    -160.0   2.8895780061E-005
    -140.0   2.8898474802E-005
    -120.0   2.8903028524E-005
    -100.0   2.8913802909E-005
     -80.0   2.8945929015E-005
     -60.0   2.8973085273E-005
     -50.0   2.8989795667E-005
     -40.0   2.9008253091E-005
     -30.0   2.9024749473E-005
     -20.0   2.9037742768E-005
     -10.0   2.9048551982E-005
       0.0   2.9045556986E-005
      10.0   2.9029363971E-005
      20.0   2.8994029262E-005
      30.0   2.8946208279E-005
      40.0   2.8882750808E-005
      50.0   2.8808461020E-005
      60.0   2.8747453020E-005
      80.0   2.8679142272E-005
     100.0   2.8633712663E-005
     120.0   2.8593703273E-005
     140.0   2.8532169418E-005
     160.0   2.8518142800E-005
     180.0   2.8580628091E-005
     200.0   2.8616212186E-005
     220.0   2.8607087860E-005
     240.0   2.8499165585E-005
     260.0   2.8438502630E-005
     280.0   2.8497820321E-005
     300.0   2.8652034408E-005
     400.0   2.8869803243E-005
     500.0   2.8865535890E-005
    1000.0   2.8842953287E-005
