   -1000.0   2.3799765618E-005
    -500.0   2.3840177156E-005
    -400.0   2.3848238398E-005
    -300.0   2.3856299301E-005
    -280.0   2.3857911420E-005
    -260.0   2.3859523512E-005
    -240.0   2.3861135573E-005
    -220.0   2.3862747602E-005
    -200.0   2.3864359597E-005
    -180.0   2.3865971570E-005
    -160.0   2.3867659779E-005
    -140.0   2.3869507623E-005
    -120.0   2.3871486457E-005
    -100.0   2.3873528050E-005
     -80.0   2.3876051011E-005
     -60.0   2.3878546037E-005
     -50.0   2.3892633284E-005
     -40.0   2.3902835653E-005
     -30.0   2.3907496789E-005
     -20.0   2.3916649786E-005
     -10.0   2.4014107387E-005
       0.0   2.4016701807E-005
      10.0   2.3913863424E-005
      20.0   2.3905140697E-005
      30.0   2.3899560579E-005
      40.0   2.3896554294E-005
      50.0   2.3894495292E-005
      60.0   2.3888213164E-005
      80.0   2.3888736566E-005
     100.0   2.3655384807E-005
     120.0   2.3415521335E-005
     140.0   2.3297470851E-005
     160.0   2.3194626961E-005
     180.0   2.3209125757E-005
     200.0   2.3395223385E-005
     220.0   2.3530279276E-005
     240.0   2.3611115766E-005
     260.0   2.3677374879E-005
     280.0   2.3238227061E-005
     300.0   2.2362641108E-005
     400.0   2.3912686583E-005
     500.0   2.3920780192E-005
    1000.0   2.3961094625E-005
