   -1000.0   3.5290156503E-005
    -500.0   3.9179110961E-005
    -400.0   4.2138308063E-005
    -300.0   4.9111178175E-005
    -280.0   5.1754655117E-005
    -260.0   5.5418642888E-005
    -240.0   6.1505217542E-005
    -220.0   7.4135293165E-005
    -200.0   9.0463552608E-005
    -180.0   1.0592118979E-004
    -160.0   1.2038233284E-004
    -140.0   1.6763592936E-004
    -120.0   3.5564427803E-004
    -100.0   5.9911427761E-004
     -80.0   8.8077955160E-004
     -60.0   1.3143490640E-003
     -50.0   1.5609983143E-003
     -40.0   1.8075847020E-003
     -30.0   2.0573253343E-003
     -20.0   2.2696462453E-003
     -10.0   2.2295079659E-003
       0.0   2.3332856748E-003
      10.0   2.1468090113E-003
      20.0   1.9198536692E-003
      30.0   1.5179519646E-003
      40.0   1.2045916054E-003
      50.0   9.7574188374E-004
      60.0   7.8806691430E-004
      80.0   5.2317137049E-004
     100.0   3.7774428192E-004
     120.0   2.8427109644E-004
     140.0   2.0839462512E-004
     160.0   1.5552751378E-004
     180.0   1.2346172712E-004
     200.0   9.8259655044E-005
     220.0   7.6841447333E-005
     240.0   6.4472787205E-005
     260.0   5.6034034296E-005
     280.0   5.1638080081E-005
     300.0   4.8858219429E-005
     400.0   4.2039186948E-005
     500.0   3.9234049203E-005
    1000.0   3.5742500987E-005
