   -1000.0   5.2539877761E-005
    -500.0   1.2460381600E-004
    -400.0   1.7934270769E-004
    -300.0   2.9780739192E-004
    -280.0   3.3821877894E-004
    -260.0   3.8457551385E-004
    -240.0   4.4135022560E-004
    -220.0   5.0999603910E-004
    -200.0   5.9584622938E-004
    -180.0   7.0582854788E-004
    -160.0   8.5273258187E-004
    -140.0   1.0105157337E-003
    -120.0   1.1956976811E-003
    -100.0   1.3584634752E-003
     -80.0   1.5605775959E-003
     -60.0   1.6878645982E-003
     -50.0   1.7182082500E-003
     -40.0   1.7059248829E-003
     -30.0   1.8004042016E-003
     -20.0   1.8856776752E-003
     -10.0   1.9298452960E-003
       0.0   1.9034607801E-003
      10.0   1.9206170124E-003
      20.0   1.9337542493E-003
      30.0   1.8675937495E-003
      40.0   1.8074227590E-003
      50.0   1.7680855546E-003
      60.0   1.6847500745E-003
      80.0   1.4504298304E-003
     100.0   1.2147032719E-003
     120.0   1.0197696998E-003
     140.0   8.4718543894E-004
     160.0   7.1189255751E-004
     180.0   6.0784894176E-004
     200.0   5.1849064542E-004
     220.0   4.5175342282E-004
     240.0   3.9310236634E-004
     260.0   3.4330322244E-004
     280.0   3.0378051673E-004
     300.0   2.6583374349E-004
     400.0   1.7132229218E-004
     500.0   1.2080545243E-004
    1000.0   5.2521155349E-005
