   -1000.0   3.5976827212E-005
    -500.0   3.5980752409E-005
    -400.0   3.5981379549E-005
    -300.0   3.5982040643E-005
    -280.0   3.5982185525E-005
    -260.0   3.5982339546E-005
    -240.0   3.5982507353E-005
    -220.0   3.5982696718E-005
    -200.0   3.5982921440E-005
    -180.0   3.5983208453E-005
    -160.0   3.5983620660E-005
    -140.0   3.5986711666E-005
    -120.0   3.6063362984E-005
    -100.0   3.6321325349E-005
     -80.0   3.7828169839E-005
     -60.0   4.0580535598E-005
     -50.0   4.1644778513E-005
     -40.0   4.2887583905E-005
     -30.0   4.3512299379E-005
     -20.0   4.3828271413E-005
     -10.0   4.2658264861E-005
       0.0   4.2381475288E-005
      10.0   4.1576825149E-005
      20.0   4.1542655883E-005
      30.0   4.1588109163E-005
      40.0   4.0796827755E-005
      50.0   3.9663545855E-005
      60.0   3.8123646215E-005
      80.0   3.4363215888E-005
     100.0   3.1215742201E-005
     120.0   3.0600730793E-005
     140.0   3.1325493648E-005
     160.0   3.2398804168E-005
     180.0   3.3068384200E-005
     200.0   3.3316819787E-005
     220.0   3.3140544205E-005
     240.0   3.2282588807E-005
     260.0   3.1859571345E-005
     280.0   3.3018640269E-005
     300.0   3.5423161482E-005
     400.0   3.5984514275E-005
     500.0   3.5986077572E-005
    1000.0   3.5989295910E-005
