   -1000.0   2.9846022183E-005
    -500.0   2.9874263421E-005
    -400.0   2.9879901419E-005
    -300.0   2.9885537312E-005
    -280.0   2.9886664226E-005
    -260.0   2.9887791049E-005
    -240.0   2.9888917778E-005
    -220.0   2.9890044456E-005
    -200.0   2.9891177933E-005
    -180.0   2.9892332153E-005
    -160.0   2.9893479506E-005
    -140.0   2.9894622062E-005
    -120.0   2.9895762813E-005
    -100.0   2.9896901748E-005
     -80.0   2.9898042596E-005
     -60.0   2.9899184204E-005
     -50.0   2.9899754428E-005
     -40.0   2.9900324059E-005
     -30.0   2.9900893612E-005
     -20.0   2.9901448932E-005
     -10.0   2.9901750720E-005
       0.0   2.9900291651E-005
      10.0   2.9891502641E-005
      20.0   2.9896139789E-005
      30.0   2.9894353681E-005
      40.0   2.9893065386E-005
      50.0   2.9891644088E-005
      60.0   2.9890789293E-005
      80.0   2.9889840089E-005
     100.0   2.9889041961E-005
     120.0   2.9880722589E-005
     140.0   2.9830231112E-005
     160.0   2.9781019483E-005
     180.0   2.9810355104E-005
     200.0   2.9844954967E-005
     220.0   2.9867688475E-005
     240.0   2.9887792172E-005
     260.0   2.9908141831E-005
     280.0   2.9918041905E-005
     300.0   2.9919295114E-005
     400.0   2.9924930645E-005
     500.0   2.9930552960E-005
    1000.0   2.9958624327E-005
