   -1000.0   1.8793288665E-005
    -500.0   1.8835819730E-005
    -400.0   1.8844259029E-005
    -300.0   1.8852696298E-005
    -280.0   1.8854383450E-005
    -260.0   1.8856070599E-005
    -240.0   1.8857758181E-005
    -220.0   1.8859502743E-005
    -200.0   1.8861663860E-005
    -180.0   1.8864279952E-005
    -160.0   1.8873133677E-005
    -140.0   1.8878783340E-005
    -120.0   1.8881907959E-005
    -100.0   1.8885925172E-005
     -80.0   1.8891138409E-005
     -60.0   1.8898291556E-005
     -50.0   1.8902164215E-005
     -40.0   1.8905319710E-005
     -30.0   1.8907364387E-005
     -20.0   1.8906732878E-005
     -10.0   1.8883875125E-005
       0.0   1.8751643584E-005
      10.0   1.8449327317E-005
      20.0   1.8177550271E-005
      30.0   1.8118600211E-005
      40.0   1.8200353031E-005
      50.0   1.8305460358E-005
      60.0   1.8384935573E-005
      80.0   1.8214803670E-005
     100.0   1.7962395422E-005
     120.0   1.8465844638E-005
     140.0   1.8676658637E-005
     160.0   1.8693359982E-005
     180.0   1.8619206606E-005
     200.0   1.8634213688E-005
     220.0   1.8709367600E-005
     240.0   1.8786222403E-005
     260.0   1.8853116381E-005
     280.0   1.8895403718E-005
     300.0   1.8903160722E-005
     400.0   1.8911762703E-005
     500.0   1.8920228131E-005
    1000.0   1.8962457062E-005
