   -1000.0   4.0481135497E-006
    -500.0   4.2576949781E-006
    -400.0   4.4065531963E-006
    -300.0   4.7321293232E-006
    -280.0   4.8445836920E-006
    -260.0   4.9860316753E-006
    -240.0   5.1679536415E-006
    -220.0   5.4086392200E-006
    -200.0   5.7396292773E-006
    -180.0   6.2237871055E-006
    -160.0   7.2560326683E-006
    -140.0   1.0435225117E-005
    -120.0   1.5264382207E-005
    -100.0   2.1894774318E-005
     -80.0   3.2556531786E-005
     -60.0   7.6004876156E-005
     -50.0   1.2551033949E-004
     -40.0   1.7942687262E-004
     -30.0   2.0541816513E-004
     -20.0   2.1081917619E-004
     -10.0   1.9933850033E-004
       0.0   1.8132089013E-004
      10.0   1.6422850139E-004
      20.0   1.7270891097E-004
      30.0   1.7044131975E-004
      40.0   1.5549304643E-004
      50.0   1.1206058904E-004
      60.0   7.1036792353E-005
      80.0   2.7569140720E-005
     100.0   1.7872053103E-005
     120.0   1.2754720312E-005
     140.0   9.8627909262E-006
     160.0   8.1188261360E-006
     180.0   6.9693360385E-006
     200.0   6.2410904940E-006
     220.0   5.7296745610E-006
     240.0   5.3789786840E-006
     260.0   5.1196520746E-006
     280.0   4.9357410522E-006
     300.0   4.7921883957E-006
     400.0   4.4417461745E-006
     500.0   4.2983592551E-006
    1000.0   4.1270182488E-006
