   -1000.0   2.9973459031E-005
    -500.0   3.0004136387E-005
    -400.0   3.0010217705E-005
    -300.0   3.0016295665E-005
    -280.0   3.0017510741E-005
    -260.0   3.0018725610E-005
    -240.0   3.0019940257E-005
    -220.0   3.0021154673E-005
    -200.0   3.0022368869E-005
    -180.0   3.0023582986E-005
    -160.0   3.0025309254E-005
    -140.0   3.0028013287E-005
    -120.0   3.0030605598E-005
    -100.0   3.0034091247E-005
     -80.0   3.0062931940E-005
     -60.0   3.0127408812E-005
     -50.0   3.0132344141E-005
     -40.0   3.0137971850E-005
     -30.0   3.0140196164E-005
     -20.0   3.0157308265E-005
     -10.0   3.0584908676E-005
       0.0   3.0756560138E-005
      10.0   3.0173266421E-005
      20.0   3.0139853579E-005
      30.0   3.0119743177E-005
      40.0   3.0110253570E-005
      50.0   2.9813469965E-005
      60.0   2.9192965747E-005
      80.0   2.9191405146E-005
     100.0   2.9228236017E-005
     120.0   2.8901988280E-005
     140.0   2.8680298121E-005
     160.0   2.8544556412E-005
     180.0   2.8458249307E-005
     200.0   2.7064832834E-005
     220.0   2.4976721702E-005
     240.0   2.4069806975E-005
     260.0   2.5206363598E-005
     280.0   2.5974795208E-005
     300.0   2.7025575314E-005
     400.0   3.0058656515E-005
     500.0   3.0064846573E-005
    1000.0   3.0095216811E-005
