   -1000.0   3.0941769173E-005
    -500.0   3.1258237915E-005
    -400.0   3.1488209787E-005
    -300.0   3.2084932592E-005
    -280.0   3.2338627045E-005
    -260.0   3.2721832760E-005
    -240.0   3.3647837357E-005
    -220.0   3.4650966489E-005
    -200.0   3.5752182337E-005
    -180.0   3.7738796585E-005
    -160.0   4.0915578410E-005
    -140.0   4.6299295994E-005
    -120.0   6.0806891060E-005
    -100.0   1.2339082113E-004
     -80.0   2.0156482840E-004
     -60.0   2.9193961875E-004
     -50.0   3.4245781591E-004
     -40.0   4.0167705065E-004
     -30.0   5.1354766934E-004
     -20.0   5.8774498522E-004
     -10.0   6.0063019221E-004
       0.0   5.8824620637E-004
      10.0   5.4749227133E-004
      20.0   4.4539662126E-004
      30.0   3.2262196881E-004
      40.0   2.3812066194E-004
      50.0   1.9056116246E-004
      60.0   1.5551357972E-004
      80.0   1.0751880505E-004
     100.0   7.5371580007E-005
     120.0   5.0143416704E-005
     140.0   4.0503633911E-005
     160.0   3.7745751956E-005
     180.0   3.5553936190E-005
     200.0   3.3892607184E-005
     220.0   3.3098188453E-005
     240.0   3.2903437681E-005
     260.0   3.1949029412E-005
     280.0   3.2058253370E-005
     300.0   3.1912742570E-005
     400.0   3.1441873855E-005
     500.0   3.1257547012E-005
    1000.0   3.1032798893E-005
