   -1000.0   3.2735688644E-005
    -500.0   3.2774496746E-005
    -400.0   3.2780338036E-005
    -300.0   3.2786179641E-005
    -280.0   3.2787348372E-005
    -260.0   3.2788517417E-005
    -240.0   3.2789686968E-005
    -220.0   3.2790857417E-005
    -200.0   3.2792029369E-005
    -180.0   3.2793204219E-005
    -160.0   3.2794385723E-005
    -140.0   3.2795591928E-005
    -120.0   3.2956992917E-005
    -100.0   3.3156818134E-005
     -80.0   3.3284476051E-005
     -60.0   3.3602875399E-005
     -50.0   3.3887855427E-005
     -40.0   3.4095870911E-005
     -30.0   3.4267956692E-005
     -20.0   3.5508665055E-005
     -10.0   3.5994954694E-005
       0.0   3.3694218403E-005
      10.0   3.4360454625E-005
      20.0   3.3678171867E-005
      30.0   3.3145417827E-005
      40.0   3.2901466202E-005
      50.0   3.2805985574E-005
      60.0   3.2758401295E-005
      80.0   3.2664880774E-005
     100.0   3.2678086251E-005
     120.0   3.2651308637E-005
     140.0   3.2475382235E-005
     160.0   3.2521118961E-005
     180.0   3.2470677812E-005
     200.0   3.2328272118E-005
     220.0   3.1892025406E-005
     240.0   3.2133354199E-005
     260.0   3.2818927527E-005
     280.0   3.2820210947E-005
     300.0   3.2821402300E-005
     400.0   3.2827249888E-005
     500.0   3.2833075800E-005
    1000.0   3.2862164795E-005
