   -1000.0   2.3462765130E-005
    -500.0   2.3506198493E-005
    -400.0   2.3514313491E-005
    -300.0   2.3521918720E-005
    -280.0   2.3523355076E-005
    -260.0   2.3524760455E-005
    -240.0   2.3526138097E-005
    -220.0   2.3527498760E-005
    -200.0   2.3528870586E-005
    -180.0   2.3530329188E-005
    -160.0   2.3532449331E-005
    -140.0   2.3536247527E-005
    -120.0   2.3551340459E-005
    -100.0   2.3626609745E-005
     -80.0   2.3727178026E-005
     -60.0   2.3811828088E-005
     -50.0   2.3810445011E-005
     -40.0   2.3775186779E-005
     -30.0   2.3724314195E-005
     -20.0   2.3716292304E-005
     -10.0   2.3724524610E-005
       0.0   2.3729079469E-005
      10.0   2.3682172236E-005
      20.0   2.3594111971E-005
      30.0   2.3472613730E-005
      40.0   2.3339539748E-005
      50.0   2.3207055559E-005
      60.0   2.3067357593E-005
      80.0   2.2801792538E-005
     100.0   2.2507432613E-005
     120.0   2.2095242219E-005
     140.0   2.1745879977E-005
     160.0   2.1247699887E-005
     180.0   1.9655014367E-005
     200.0   1.5830463961E-005
     220.0   1.3309363478E-005
     240.0   1.2520600374E-005
     260.0   1.3240906351E-005
     280.0   1.4911339536E-005
     300.0   1.6836422385E-005
     400.0   2.3521542565E-005
     500.0   2.3575691295E-005
    1000.0   2.3642120154E-005
