   -1000.0   2.9755508870E-005
    -500.0   2.9831040256E-005
    -400.0   2.9870337017E-005
    -300.0   2.9948585378E-005
    -280.0   2.9974360456E-005
    -260.0   3.0006127177E-005
    -240.0   3.0046017487E-005
    -220.0   3.0097213327E-005
    -200.0   3.0164656126E-005
    -180.0   3.0256469330E-005
    -160.0   3.0387814710E-005
    -140.0   3.0754887739E-005
    -120.0   3.1549721384E-005
    -100.0   3.2161163851E-005
     -80.0   3.3218853130E-005
     -60.0   3.5589805661E-005
     -50.0   3.8021192565E-005
     -40.0   4.2645636264E-005
     -30.0   4.9239098387E-005
     -20.0   5.1175273164E-005
     -10.0   7.9978904511E-005
       0.0   4.5461808342E-004
      10.0   1.1666639403E-004
      20.0   6.2476252514E-005
      30.0   4.8220198129E-005
      40.0   4.0847388382E-005
      50.0   3.6262621667E-005
      60.0   3.4530731715E-005
      80.0   3.2719940100E-005
     100.0   3.1887737421E-005
     120.0   3.0916713215E-005
     140.0   2.7596549943E-005
     160.0   2.7475939109E-005
     180.0   2.8585610749E-005
     200.0   2.9100893958E-005
     220.0   2.9376600794E-005
     240.0   2.9510677308E-005
     260.0   2.9597485563E-005
     280.0   2.8772737132E-005
     300.0   2.9392123642E-005
     400.0   2.9911004798E-005
     500.0   2.9890442726E-005
    1000.0   2.9882095722E-005
