   -1000.0   1.7499393946E-005
    -500.0   1.7556500364E-005
    -400.0   1.7580575576E-005
    -300.0   1.7632286108E-005
    -280.0   1.7651296189E-005
    -260.0   1.7676394520E-005
    -240.0   1.7710859018E-005
    -220.0   1.7760790250E-005
    -200.0   1.7844801086E-005
    -180.0   1.7992540219E-005
    -160.0   1.8290567760E-005
    -140.0   1.9474500892E-005
    -120.0   2.1505947609E-005
    -100.0   2.3932895611E-005
     -80.0   2.6637405537E-005
     -60.0   2.9511355859E-005
     -50.0   3.0981287379E-005
     -40.0   3.2116111741E-005
     -30.0   3.0404976011E-005
     -20.0   2.8681452139E-005
     -10.0   2.7805199851E-005
       0.0   2.6802755044E-005
      10.0   2.5771078790E-005
      20.0   2.4796236202E-005
      30.0   2.4430971253E-005
      40.0   2.2974620076E-005
      50.0   2.1684705026E-005
      60.0   2.0422414827E-005
      80.0   1.8690244877E-005
     100.0   1.7148377707E-005
     120.0   1.2944580731E-005
     140.0   1.0520194683E-005
     160.0   9.8911919333E-006
     180.0   9.9247788773E-006
     200.0   1.0010610962E-005
     220.0   1.0114245923E-005
     240.0   1.0821643770E-005
     260.0   1.1865206192E-005
     280.0   1.3208502895E-005
     300.0   1.4369723581E-005
     400.0   1.7476145199E-005
     500.0   1.7569046319E-005
    1000.0   1.7650249088E-005
