   -1000.0   3.6735159588E-005
    -500.0   3.7252853282E-005
    -400.0   3.7593846968E-005
    -300.0   3.8337496859E-005
    -280.0   3.8595723724E-005
    -260.0   3.8921629009E-005
    -240.0   3.9342205344E-005
    -220.0   3.9899809199E-005
    -200.0   4.0664449046E-005
    -180.0   4.1760077720E-005
    -160.0   4.3429061792E-005
    -140.0   4.6234242586E-005
    -120.0   5.2442461730E-005
    -100.0   8.1295824777E-005
     -80.0   1.3264687103E-004
     -60.0   3.0449271931E-004
     -50.0   4.8247900499E-004
     -40.0   5.9987956181E-004
     -30.0   8.2846471969E-004
     -20.0   7.6452561127E-004
     -10.0   4.5484176136E-004
       0.0   3.5681843628E-004
      10.0   3.4433135954E-004
      20.0   3.4839743000E-004
      30.0   3.6240098196E-004
      40.0   3.5433616387E-004
      50.0   3.0282420423E-004
      60.0   2.3827275339E-004
      80.0   1.3941667099E-004
     100.0   1.0628122409E-004
     120.0   8.2193655112E-005
     140.0   6.5607141848E-005
     160.0   5.3753908047E-005
     180.0   4.5367282079E-005
     200.0   3.8821339461E-005
     220.0   3.5236484787E-005
     240.0   3.5814237663E-005
     260.0   3.7479181776E-005
     280.0   3.8299396284E-005
     300.0   3.8252275656E-005
     400.0   3.7708640866E-005
     500.0   3.7438756986E-005
    1000.0   3.7157624016E-005
