   -1000.0   7.5598769640E-005
    -500.0   1.0371225526E-004
    -400.0   1.2459136204E-004
    -300.0   1.6903107167E-004
    -280.0   1.8379398114E-004
    -260.0   2.0174109395E-004
    -240.0   2.2387917870E-004
    -220.0   2.4861610452E-004
    -200.0   2.7082121277E-004
    -180.0   2.9759033897E-004
    -160.0   3.3698107550E-004
    -140.0   3.9220424914E-004
    -120.0   4.5367379220E-004
    -100.0   5.1594101747E-004
     -80.0   5.4992158341E-004
     -60.0   5.7529885271E-004
     -50.0   5.8771707682E-004
     -40.0   6.1896131521E-004
     -30.0   6.5973863704E-004
     -20.0   6.7347814340E-004
     -10.0   6.7291246931E-004
       0.0   6.6419300151E-004
      10.0   6.4954212163E-004
      20.0   6.1026746996E-004
      30.0   5.5762074904E-004
      40.0   5.3451516696E-004
      50.0   5.2902470023E-004
      60.0   5.1485620936E-004
      80.0   4.9953647999E-004
     100.0   4.7473710098E-004
     120.0   4.3892483675E-004
     140.0   3.9274195372E-004
     160.0   3.3952333217E-004
     180.0   2.9352206449E-004
     200.0   2.5966582134E-004
     220.0   2.3198807212E-004
     240.0   2.0877688301E-004
     260.0   1.8944458052E-004
     280.0   1.7323946058E-004
     300.0   1.5976627215E-004
     400.0   1.1962695011E-004
     500.0   1.0165852616E-004
    1000.0   7.6653570470E-005
