   -1000.0   2.0839139134E-005
    -500.0   2.0893878449E-005
    -400.0   2.0903251203E-005
    -300.0   2.0912632765E-005
    -280.0   2.0914511315E-005
    -260.0   2.0916391263E-005
    -240.0   2.0918273072E-005
    -220.0   2.0920157891E-005
    -200.0   2.0922047231E-005
    -180.0   2.0923944566E-005
    -160.0   2.0925859077E-005
    -140.0   2.0927843203E-005
    -120.0   2.1072195346E-005
    -100.0   2.1173703560E-005
     -80.0   2.1246421103E-005
     -60.0   2.1374577866E-005
     -50.0   2.1569085553E-005
     -40.0   3.2080935472E-005
     -30.0   3.7853678262E-005
     -20.0   4.9646265258E-005
     -10.0   3.3252243397E-005
       0.0   2.8894043806E-005
      10.0   2.8491767247E-005
      20.0   3.2398896177E-005
      30.0   3.0318834795E-005
      40.0   2.8654221133E-005
      50.0   2.5699015855E-005
      60.0   2.4017133256E-005
      80.0   2.2849572753E-005
     100.0   2.2501315322E-005
     120.0   2.1359632529E-005
     140.0   2.0251026902E-005
     160.0   2.0526929123E-005
     180.0   2.0696469845E-005
     200.0   2.0795912593E-005
     220.0   2.0899885760E-005
     240.0   2.0904834611E-005
     260.0   2.0952403861E-005
     280.0   2.0946145814E-005
     300.0   2.0968687933E-005
     400.0   2.0978262255E-005
     500.0   2.0987640464E-005
    1000.0   2.1034533559E-005
