   -1000.0   1.7229695359E-005
    -500.0   1.7358932634E-005
    -400.0   1.7377531206E-005
    -300.0   1.7409728306E-005
    -280.0   1.7420479961E-005
    -260.0   1.7434330873E-005
    -240.0   1.7453066741E-005
    -220.0   1.7480151127E-005
    -200.0   1.7523494232E-005
    -180.0   1.7609335552E-005
    -160.0   1.7917848343E-005
    -140.0   1.9723990727E-005
    -120.0   2.3554642546E-005
    -100.0   2.8495279985E-005
     -80.0   3.3699565885E-005
     -60.0   3.8994107835E-005
     -50.0   4.0122178383E-005
     -40.0   3.9413833515E-005
     -30.0   3.7176002478E-005
     -20.0   3.7041399628E-005
     -10.0   3.1683901593E-005
       0.0   3.4002258965E-005
      10.0   3.4730059328E-005
      20.0   3.4537202355E-005
      30.0   3.0725023878E-005
      40.0   2.7876604808E-005
      50.0   2.5676174994E-005
      60.0   2.4075106781E-005
      80.0   2.1623672380E-005
     100.0   2.0334941200E-005
     120.0   1.8908820139E-005
     140.0   1.4319705436E-005
     160.0   8.0350422842E-006
     180.0   6.0246986210E-006
     200.0   6.0020163637E-006
     220.0   7.4457250618E-006
     240.0   8.9528211493E-006
     260.0   1.0440844240E-005
     280.0   1.2432985331E-005
     300.0   1.5868612012E-005
     400.0   1.7397623522E-005
     500.0   1.7438517766E-005
    1000.0   1.7501314495E-005
