   -1000.0   2.6009344748E-005
    -500.0   2.6134055780E-005
    -400.0   2.6201055700E-005
    -300.0   2.6343103636E-005
    -280.0   2.6392148888E-005
    -260.0   2.6454211645E-005
    -240.0   2.6534908706E-005
    -220.0   2.6643684734E-005
    -200.0   2.6798259876E-005
    -180.0   2.7039608358E-005
    -160.0   2.7762893074E-005
    -140.0   3.3630730895E-005
    -120.0   4.3159728860E-005
    -100.0   5.3194049496E-005
     -80.0   6.5818616006E-005
     -60.0   1.1874303732E-004
     -50.0   2.1334258118E-004
     -40.0   3.4718580471E-004
     -30.0   4.1489280872E-004
     -20.0   4.4148111159E-004
     -10.0   3.9633620906E-004
       0.0   3.5218754730E-004
      10.0   3.4642127821E-004
      20.0   3.8552819773E-004
      30.0   3.6646255436E-004
      40.0   2.9989200447E-004
      50.0   1.9206139703E-004
      60.0   1.1070566229E-004
      80.0   5.6792077846E-005
     100.0   4.5117177889E-005
     120.0   3.6396261198E-005
     140.0   2.9953457943E-005
     160.0   2.6858658367E-005
     180.0   2.6318086220E-005
     200.0   2.6299321865E-005
     220.0   2.6324257129E-005
     240.0   2.6328653855E-005
     260.0   2.6345430770E-005
     280.0   2.6343861151E-005
     300.0   2.6351583584E-005
     400.0   2.6256560328E-005
     500.0   2.6205740302E-005
    1000.0   2.6165823351E-005
