   -1000.0   1.9146280174E-005
    -500.0   1.9194103400E-005
    -400.0   1.9203304558E-005
    -300.0   1.9213077960E-005
    -280.0   1.9215199502E-005
    -260.0   1.9217433315E-005
    -240.0   1.9219836838E-005
    -220.0   1.9222517079E-005
    -200.0   1.9225709047E-005
    -180.0   1.9230139926E-005
    -160.0   1.9249888854E-005
    -140.0   1.9458477464E-005
    -120.0   1.9750903518E-005
    -100.0   1.9992257561E-005
     -80.0   2.0299364369E-005
     -60.0   2.1486831640E-005
     -50.0   2.2672185509E-005
     -40.0   2.4236109280E-005
     -30.0   2.7212252163E-005
     -20.0   3.1812435113E-005
     -10.0   3.3665414538E-005
       0.0   3.0674754295E-005
      10.0   2.7907725569E-005
      20.0   2.6540647551E-005
      30.0   2.4106804521E-005
      40.0   2.2534823167E-005
      50.0   2.1815457726E-005
      60.0   2.1166198695E-005
      80.0   2.0253862100E-005
     100.0   1.9807237768E-005
     120.0   1.9472516651E-005
     140.0   1.9211472353E-005
     160.0   1.9098711880E-005
     180.0   1.9185284231E-005
     200.0   1.9251937878E-005
     220.0   1.9307944000E-005
     240.0   1.9330030312E-005
     260.0   1.9334209795E-005
     280.0   1.9310425118E-005
     300.0   1.9325918725E-005
     400.0   1.9274084912E-005
     500.0   1.9282125912E-005
    1000.0   1.9325430282E-005
