   -1000.0   2.5981409627E-005
    -500.0   2.6016525719E-005
    -400.0   2.6023348643E-005
    -300.0   2.6030168554E-005
    -280.0   2.6031531976E-005
    -260.0   2.6032895133E-005
    -240.0   2.6034257973E-005
    -220.0   2.6035620429E-005
    -200.0   2.6036982427E-005
    -180.0   2.6038414210E-005
    -160.0   2.6039934221E-005
    -140.0   2.6041587982E-005
    -120.0   2.6105148722E-005
    -100.0   2.6219649917E-005
     -80.0   2.6164836588E-005
     -60.0   2.6095621313E-005
     -50.0   2.6097251583E-005
     -40.0   2.6084360916E-005
     -30.0   2.6073510640E-005
     -20.0   2.6065190784E-005
     -10.0   2.6068266136E-005
       0.0   2.9392170175E-005
      10.0   2.5379095845E-005
      20.0   2.5039475918E-005
      30.0   2.5012522378E-005
      40.0   2.5211451532E-005
      50.0   2.5354225486E-005
      60.0   2.5294784162E-005
      80.0   2.5104562395E-005
     100.0   2.5040236919E-005
     120.0   2.4991241598E-005
     140.0   2.2984507793E-005
     160.0   2.2030766509E-005
     180.0   2.1568419688E-005
     200.0   2.0995806255E-005
     220.0   2.1824084827E-005
     240.0   2.3339622901E-005
     260.0   2.3880548983E-005
     280.0   2.4191957650E-005
     300.0   2.5207733428E-005
     400.0   2.6077840174E-005
     500.0   2.6084714615E-005
    1000.0   2.6118823568E-005
