   -1000.0   3.6461331160E-006
    -500.0   4.1673232247E-006
    -400.0   4.5675558504E-006
    -300.0   5.4960543011E-006
    -280.0   5.8374165346E-006
    -260.0   6.2884996051E-006
    -240.0   6.9213383028E-006
    -220.0   7.9364891297E-006
    -200.0   1.0172617228E-005
    -180.0   1.3840817152E-005
    -160.0   2.0879131506E-005
    -140.0   3.3840559422E-005
    -120.0   4.9659775285E-005
    -100.0   1.6450138116E-004
     -80.0   2.2623604217E-004
     -60.0   3.0313576088E-004
     -50.0   3.7515174014E-004
     -40.0   4.7366379023E-004
     -30.0   6.0698712413E-004
     -20.0   8.3456110379E-004
     -10.0   1.2196973877E-003
       0.0   1.1933504302E-003
      10.0   8.2257040789E-004
      20.0   5.0707894792E-004
      30.0   3.4676345337E-004
      40.0   2.6008028005E-004
      50.0   2.2244550294E-004
      60.0   1.8753975712E-004
      80.0   1.5746032968E-004
     100.0   1.2536270017E-004
     120.0   5.4893932353E-005
     140.0   3.9349270900E-005
     160.0   2.7829998048E-005
     180.0   1.9784233455E-005
     200.0   1.5595154681E-005
     220.0   1.3803061204E-005
     240.0   1.2195967407E-005
     260.0   1.0261635182E-005
     280.0   6.9420039909E-006
     300.0   6.2734603200E-006
     400.0   4.5907128482E-006
     500.0   4.1904103168E-006
    1000.0   3.7112035788E-006
