   -1000.0   5.1268834565E-006
    -500.0   5.1456937481E-006
    -400.0   5.1494662707E-006
    -300.0   5.1532425690E-006
    -280.0   5.1539983156E-006
    -260.0   5.1547542460E-006
    -240.0   5.1555103814E-006
    -220.0   5.1562667573E-006
    -200.0   5.1570234367E-006
    -180.0   5.1577805414E-006
    -160.0   5.1585384972E-006
    -140.0   5.1593812302E-006
    -120.0   5.1604806253E-006
    -100.0   5.1617424365E-006
     -80.0   5.1632175748E-006
     -60.0   5.1695052421E-006
     -50.0   5.1772276541E-006
     -40.0   5.1873797855E-006
     -30.0   5.1912832369E-006
     -20.0   5.1913824077E-006
     -10.0   5.1871624219E-006
       0.0   5.1855230835E-006
      10.0   5.1873649456E-006
      20.0   5.1909378376E-006
      30.0   5.1893311594E-006
      40.0   5.1854081897E-006
      50.0   5.1800428657E-006
      60.0   5.1755823416E-006
      80.0   5.1704170290E-006
     100.0   5.1591768884E-006
     120.0   5.0644387860E-006
     140.0   4.9694793637E-006
     160.0   4.9893291514E-006
     180.0   5.0566181999E-006
     200.0   5.1005974543E-006
     220.0   5.1313181370E-006
     240.0   5.1512438693E-006
     260.0   5.1660528828E-006
     280.0   5.1665418219E-006
     300.0   5.1709144360E-006
     400.0   5.1797719786E-006
     500.0   5.1835849223E-006
    1000.0   5.2026789806E-006
