   -1000.0   2.2621662645E-005
    -500.0   2.2605451319E-005
    -400.0   2.2606094712E-005
    -300.0   2.2614782134E-005
    -280.0   2.2618716152E-005
    -260.0   2.2624016620E-005
    -240.0   2.2631241388E-005
    -220.0   2.2641281847E-005
    -200.0   2.2655656953E-005
    -180.0   2.2677228883E-005
    -160.0   2.2713135303E-005
    -140.0   2.2926895080E-005
    -120.0   2.3713039312E-005
    -100.0   2.5438582765E-005
     -80.0   3.0195399005E-005
     -60.0   4.9057457929E-005
     -50.0   5.9873618156E-005
     -40.0   6.8803984766E-005
     -30.0   7.7383697798E-005
     -20.0   7.6926207521E-005
     -10.0   7.1683539002E-005
       0.0   6.9963323761E-005
      10.0   7.1835291715E-005
      20.0   7.4518802214E-005
      30.0   7.0360113819E-005
      40.0   6.2963766314E-005
      50.0   5.4681369398E-005
      60.0   4.6210548721E-005
      80.0   3.0376338325E-005
     100.0   2.3380350022E-005
     120.0   2.0627511820E-005
     140.0   1.9587082915E-005
     160.0   2.0101653871E-005
     180.0   2.1064908602E-005
     200.0   2.1836834148E-005
     220.0   2.2383916897E-005
     240.0   2.2524646825E-005
     260.0   2.2555010476E-005
     280.0   2.2563828856E-005
     300.0   2.2573132192E-005
     400.0   2.2558585035E-005
     500.0   2.2547159641E-005
    1000.0   2.2510571725E-005
