   -1000.0   1.0943341364E-005
    -500.0   1.0917921461E-005
    -400.0   1.0912804674E-005
    -300.0   1.0907699259E-005
    -280.0   1.0906682314E-005
    -260.0   1.0905668675E-005
    -240.0   1.0904660882E-005
    -220.0   1.0903760441E-005
    -200.0   1.0906816829E-005
    -180.0   1.0911792603E-005
    -160.0   1.0927276337E-005
    -140.0   1.0954306949E-005
    -120.0   1.1005465076E-005
    -100.0   1.1383800051E-005
     -80.0   1.1927594450E-005
     -60.0   1.2288620713E-005
     -50.0   1.2463993000E-005
     -40.0   1.2745484985E-005
     -30.0   1.2994848501E-005
     -20.0   1.3356259448E-005
     -10.0   1.3634033763E-005
       0.0   1.3383051161E-005
      10.0   1.2859404616E-005
      20.0   1.1160062640E-005
      30.0   9.3762576230E-006
      40.0   8.3289501631E-006
      50.0   8.0441250552E-006
      60.0   8.1189174243E-006
      80.0   8.6208231274E-006
     100.0   9.0161726555E-006
     120.0   9.2111572699E-006
     140.0   9.5996979500E-006
     160.0   1.0012846512E-005
     180.0   1.0242394050E-005
     200.0   1.0314379703E-005
     220.0   1.0374640516E-005
     240.0   1.0520200412E-005
     260.0   1.0653615190E-005
     280.0   1.0763570140E-005
     300.0   1.0842462597E-005
     400.0   1.0871739736E-005
     500.0   1.0866664349E-005
    1000.0   1.0841083766E-005
