   -1000.0   2.3908656515E-005
    -500.0   2.3951837370E-005
    -400.0   2.3962527605E-005
    -300.0   2.3977875194E-005
    -280.0   2.3982309143E-005
    -260.0   2.3987648107E-005
    -240.0   2.3994325467E-005
    -220.0   2.4003111896E-005
    -200.0   2.4016738262E-005
    -180.0   2.4041881282E-005
    -160.0   2.4086826566E-005
    -140.0   2.4236741662E-005
    -120.0   2.4725526629E-005
    -100.0   2.9151290262E-005
     -80.0   3.9118777666E-005
     -60.0   4.7295550076E-005
     -50.0   4.8134475707E-005
     -40.0   4.8978610447E-005
     -30.0   4.9278352800E-005
     -20.0   5.1244587635E-005
     -10.0   4.7022257518E-005
       0.0   4.8147962562E-005
      10.0   4.8305930476E-005
      20.0   4.4068843364E-005
      30.0   3.8016730244E-005
      40.0   3.3957338426E-005
      50.0   3.1057621018E-005
      60.0   2.8618426125E-005
      80.0   2.5953758252E-005
     100.0   2.4575568204E-005
     120.0   1.9538600086E-005
     140.0   1.5731295338E-005
     160.0   1.4680076792E-005
     180.0   1.5041672342E-005
     200.0   1.6940641569E-005
     220.0   1.9298566027E-005
     240.0   2.1151616504E-005
     260.0   2.1156468175E-005
     280.0   2.1495604003E-005
     300.0   2.2518063645E-005
     400.0   2.4006804830E-005
     500.0   2.4020669848E-005
    1000.0   2.4059461334E-005
