   -1000.0   2.7137800812E-005
    -500.0   2.7166509939E-005
    -400.0   2.7172213641E-005
    -300.0   2.7177913621E-005
    -280.0   2.7179053176E-005
    -260.0   2.7180192589E-005
    -240.0   2.7181331863E-005
    -220.0   2.7182471004E-005
    -200.0   2.7183610022E-005
    -180.0   2.7184748992E-005
    -160.0   2.7185902779E-005
    -140.0   2.7187155899E-005
    -120.0   2.7188614542E-005
    -100.0   2.7190702976E-005
     -80.0   2.7193534455E-005
     -60.0   2.7206660040E-005
     -50.0   2.7222296660E-005
     -40.0   2.7233526640E-005
     -30.0   2.7233974194E-005
     -20.0   2.7236992965E-005
     -10.0   2.7240787796E-005
       0.0   2.7241610204E-005
      10.0   2.7240411835E-005
      20.0   2.7235236965E-005
      30.0   2.7228692359E-005
      40.0   2.7225163535E-005
      50.0   2.7217232494E-005
      60.0   2.7209344704E-005
      80.0   2.7196919776E-005
     100.0   2.7125907324E-005
     120.0   2.7106843936E-005
     140.0   2.7146045512E-005
     160.0   2.7174614656E-005
     180.0   2.7190922285E-005
     200.0   2.7198911822E-005
     220.0   2.7203089245E-005
     240.0   2.7205733530E-005
     260.0   2.7207833685E-005
     280.0   2.7208161402E-005
     300.0   2.7208275723E-005
     400.0   2.7217706353E-005
     500.0   2.7223376054E-005
    1000.0   2.7251665810E-005
