   -1000.0   3.2191344396E-004
    -500.0   3.2531196091E-004
    -400.0   3.2672786147E-004
    -300.0   3.2835020003E-004
    -280.0   3.2924411517E-004
    -260.0   3.2986092960E-004
    -240.0   3.3175986659E-004
    -220.0   3.3737282007E-004
    -200.0   3.4589353923E-004
    -180.0   3.5566832586E-004
    -160.0   3.6348163437E-004
    -140.0   3.6100411000E-004
    -120.0   4.9207488946E-004
    -100.0   6.3422566979E-004
     -80.0   8.4885902751E-004
     -60.0   1.1163211242E-003
     -50.0   1.2625330994E-003
     -40.0   1.4187520265E-003
     -30.0   1.5870337315E-003
     -20.0   1.8358680559E-003
     -10.0   2.0465112247E-003
       0.0   2.1717282518E-003
      10.0   1.9504134257E-003
      20.0   1.5420319480E-003
      30.0   1.2467149271E-003
      40.0   1.0436081890E-003
      50.0   9.0239105182E-004
      60.0   7.6585603880E-004
      80.0   5.9462988054E-004
     100.0   4.8786734880E-004
     120.0   4.3618931076E-004
     140.0   3.8469468292E-004
     160.0   3.8220477719E-004
     180.0   3.5518814093E-004
     200.0   3.4140177436E-004
     220.0   3.3618048713E-004
     240.0   3.3519456359E-004
     260.0   3.3216275997E-004
     280.0   3.3103954134E-004
     300.0   3.3036941687E-004
     400.0   3.2874324884E-004
     500.0   3.2819462040E-004
    1000.0   3.2885449213E-004
