   -1000.0   1.3610306893E-005
    -500.0   1.3647918721E-005
    -400.0   1.3657351013E-005
    -300.0   1.3671626415E-005
    -280.0   1.3676156508E-005
    -260.0   1.3681965794E-005
    -240.0   1.3689866341E-005
    -220.0   1.3701496242E-005
    -200.0   1.3720838238E-005
    -180.0   1.3796543972E-005
    -160.0   1.4294503175E-005
    -140.0   1.5209760576E-005
    -120.0   1.6523938696E-005
    -100.0   1.7892664137E-005
     -80.0   1.9332585076E-005
     -60.0   2.0510423732E-005
     -50.0   2.0766571068E-005
     -40.0   2.0384158693E-005
     -30.0   1.9753998867E-005
     -20.0   1.6837096988E-005
     -10.0   1.4672685521E-005
       0.0   1.5133884589E-005
      10.0   1.5722744160E-005
      20.0   1.7730606247E-005
      30.0   1.7414118831E-005
      40.0   1.0452859470E-005
      50.0   8.7652407199E-006
      60.0   8.1661629944E-006
      80.0   6.6962713018E-006
     100.0   5.8217907102E-006
     120.0   5.1777649835E-006
     140.0   4.5793638123E-006
     160.0   5.5637679525E-006
     180.0   8.5881990231E-006
     200.0   8.2847143526E-006
     220.0   7.1527292125E-006
     240.0   8.2936337626E-006
     260.0   9.7052136829E-006
     280.0   1.0993419357E-005
     300.0   1.3499212906E-005
     400.0   1.3691403355E-005
     500.0   1.3709308861E-005
    1000.0   1.3751939238E-005
