   -1000.0   2.0056623081E-005
    -500.0   3.6218354120E-005
    -400.0   4.8614093822E-005
    -300.0   7.6365795220E-005
    -280.0   8.6086626589E-005
    -260.0   9.8399475106E-005
    -240.0   1.1440565331E-004
    -220.0   1.3593843758E-004
    -200.0   1.6649646956E-004
    -180.0   2.1362481615E-004
    -160.0   2.8823131099E-004
    -140.0   4.0924247132E-004
    -120.0   6.0970507303E-004
    -100.0   9.8931049504E-004
     -80.0   1.7605207188E-003
     -60.0   3.0389470934E-003
     -50.0   3.6329060254E-003
     -40.0   4.2242768189E-003
     -30.0   5.0258791029E-003
     -20.0   5.8554971583E-003
     -10.0   5.9564568152E-003
       0.0   5.7932045716E-003
      10.0   5.3654243813E-003
      20.0   5.1371385867E-003
      30.0   4.3555393365E-003
      40.0   3.5879682220E-003
      50.0   3.0293288905E-003
      60.0   2.5651177103E-003
      80.0   1.6152969620E-003
     100.0   9.0668626041E-004
     120.0   6.2101107285E-004
     140.0   4.4083871356E-004
     160.0   3.2666277221E-004
     180.0   2.4724839805E-004
     200.0   1.9197710263E-004
     220.0   1.5211699157E-004
     240.0   1.2389303663E-004
     260.0   1.0356760662E-004
     280.0   8.8418176278E-005
     300.0   7.6933494874E-005
     400.0   4.8372016653E-005
     500.0   3.6068663207E-005
    1000.0   2.0371331853E-005
