   -1000.0   2.9620380503E-005
    -500.0   2.9702865591E-005
    -400.0   2.9718387936E-005
    -300.0   2.9732746779E-005
    -280.0   2.9735352001E-005
    -260.0   2.9737813516E-005
    -240.0   2.9740090168E-005
    -220.0   2.9742123966E-005
    -200.0   2.9743831215E-005
    -180.0   2.9745092081E-005
    -160.0   2.9746286204E-005
    -140.0   2.9747269126E-005
    -120.0   2.9748679965E-005
    -100.0   2.9749960470E-005
     -80.0   2.9744934642E-005
     -60.0   2.9720204323E-005
     -50.0   2.9690215583E-005
     -40.0   2.9632792256E-005
     -30.0   2.9505597169E-005
     -20.0   2.9150818711E-005
     -10.0   2.7883446782E-005
       0.0   2.7820839922E-005
      10.0   2.7760461939E-005
      20.0   2.8748529252E-005
      30.0   2.8220637176E-005
      40.0   2.8301967062E-005
      50.0   2.8166204143E-005
      60.0   2.8178905954E-005
      80.0   2.7110651694E-005
     100.0   2.6383411522E-005
     120.0   2.1772275526E-005
     140.0   1.3237808545E-005
     160.0   7.6475018736E-006
     180.0   6.0999362791E-006
     200.0   1.0053968716E-005
     220.0   1.3531260222E-005
     240.0   1.6588038338E-005
     260.0   2.0434906076E-005
     280.0   2.4604861881E-005
     300.0   2.8685170794E-005
     400.0   2.9826328130E-005
     500.0   2.9861425951E-005
    1000.0   2.9957505750E-005
