   -1000.0   3.5509211995E-005
    -500.0   3.5530200704E-005
    -400.0   3.5538781905E-005
    -300.0   3.5571553795E-005
    -280.0   3.5587851598E-005
    -260.0   3.5612115949E-005
    -240.0   3.5649766867E-005
    -220.0   3.5712079919E-005
    -200.0   3.5826344485E-005
    -180.0   3.6098318900E-005
    -160.0   3.6626641511E-005
    -140.0   3.7330657551E-005
    -120.0   3.8158791335E-005
    -100.0   3.8935563075E-005
     -80.0   3.9652541191E-005
     -60.0   4.0140134918E-005
     -50.0   4.0188601187E-005
     -40.0   3.9972015656E-005
     -30.0   3.7420417769E-005
     -20.0   3.6880696571E-005
     -10.0   3.6299997995E-005
       0.0   3.5338520346E-005
      10.0   3.4541353100E-005
      20.0   3.3940895694E-005
      30.0   3.4118301476E-005
      40.0   3.4013624423E-005
      50.0   3.3409652065E-005
      60.0   3.2614735713E-005
      80.0   3.0867351277E-005
     100.0   2.9071459768E-005
     120.0   2.6634312402E-005
     140.0   2.0871785673E-005
     160.0   1.7025392693E-005
     180.0   1.4596128992E-005
     200.0   1.4359196054E-005
     220.0   1.6256619282E-005
     240.0   1.8677905748E-005
     260.0   2.1387174869E-005
     280.0   2.4882067786E-005
     300.0   2.9520459230E-005
     400.0   3.4901006309E-005
     500.0   3.5325339632E-005
    1000.0   3.5617998314E-005
