   -1000.0   3.7428099651E-005
    -500.0   3.7368367782E-005
    -400.0   3.7356363987E-005
    -300.0   3.7344345124E-005
    -280.0   3.7341938659E-005
    -260.0   3.7339531006E-005
    -240.0   3.7337122019E-005
    -220.0   3.7334711571E-005
    -200.0   3.7332299625E-005
    -180.0   3.7329886431E-005
    -160.0   3.7327473051E-005
    -140.0   3.7325063003E-005
    -120.0   3.7322668475E-005
    -100.0   3.7320368651E-005
     -80.0   3.7412694935E-005
     -60.0   3.7857323319E-005
     -50.0   3.8114410806E-005
     -40.0   3.8421385116E-005
     -30.0   3.8300374614E-005
     -20.0   3.8129324772E-005
     -10.0   3.7849935233E-005
       0.0   3.7493604686E-005
      10.0   3.7129134838E-005
      20.0   3.6431643722E-005
      30.0   3.4771450059E-005
      40.0   3.3022179082E-005
      50.0   3.1312493733E-005
      60.0   2.9373411760E-005
      80.0   2.7443812558E-005
     100.0   2.9777895783E-005
     120.0   3.1540379973E-005
     140.0   3.2553025475E-005
     160.0   3.3052238264E-005
     180.0   3.3993419144E-005
     200.0   3.5898215680E-005
     220.0   3.7193061371E-005
     240.0   3.7278259808E-005
     260.0   3.7276359694E-005
     280.0   3.7274192111E-005
     300.0   3.7271928054E-005
     400.0   3.7260170950E-005
     500.0   3.7248219445E-005
    1000.0   3.7188083022E-005
