   -1000.0   2.7285226589E-005
    -500.0   2.7312581821E-005
    -400.0   2.7325213165E-005
    -300.0   2.7355397935E-005
    -280.0   2.7367740180E-005
    -260.0   2.7386799566E-005
    -240.0   2.7567836483E-005
    -220.0   2.7983894335E-005
    -200.0   2.8374930536E-005
    -180.0   2.8490603007E-005
    -160.0   2.9994136226E-005
    -140.0   3.6425554217E-005
    -120.0   4.4360377155E-005
    -100.0   5.0250106315E-005
     -80.0   5.8316307180E-005
     -60.0   7.1072847793E-005
     -50.0   7.9485492785E-005
     -40.0   8.8097228176E-005
     -30.0   9.4235026634E-005
     -20.0   9.6153422388E-005
     -10.0   7.9411594043E-005
       0.0   7.7563511215E-005
      10.0   7.4383302878E-005
      20.0   7.0756766761E-005
      30.0   6.3425315406E-005
      40.0   5.6041925500E-005
      50.0   4.8932640391E-005
      60.0   4.4110493771E-005
      80.0   3.7113196695E-005
     100.0   3.5149054471E-005
     120.0   3.3847246398E-005
     140.0   3.1625205198E-005
     160.0   3.0913835133E-005
     180.0   3.0012072731E-005
     200.0   2.8766881319E-005
     220.0   2.7830835118E-005
     240.0   2.6984043682E-005
     260.0   2.7113959290E-005
     280.0   2.7369496394E-005
     300.0   2.7361403123E-005
     400.0   2.7336399571E-005
     500.0   2.7328005728E-005
    1000.0   2.7323958772E-005
