   -1000.0   2.8311959511E-005
    -500.0   2.8281017986E-005
    -400.0   2.8274797898E-005
    -300.0   2.8268572571E-005
    -280.0   2.8267326877E-005
    -260.0   2.8266080974E-005
    -240.0   2.8264834863E-005
    -220.0   2.8263588542E-005
    -200.0   2.8262342014E-005
    -180.0   2.8261095279E-005
    -160.0   2.8259848340E-005
    -140.0   2.8258601647E-005
    -120.0   2.8257365018E-005
    -100.0   2.8256151988E-005
     -80.0   2.8255062642E-005
     -60.0   2.8254496433E-005
     -50.0   2.8254031377E-005
     -40.0   2.8253442833E-005
     -30.0   2.8252867398E-005
     -20.0   2.8252326609E-005
     -10.0   2.8251724278E-005
       0.0   2.8266460692E-005
      10.0   2.8251919841E-005
      20.0   2.8249708372E-005
      30.0   2.8248902670E-005
      40.0   2.8248130052E-005
      50.0   2.8247403218E-005
      60.0   2.8246660259E-005
      80.0   2.8245033338E-005
     100.0   2.8243658672E-005
     120.0   2.8242378209E-005
     140.0   2.8241120907E-005
     160.0   2.8239871218E-005
     180.0   2.8238620752E-005
     200.0   2.8237369531E-005
     220.0   2.8236117794E-005
     240.0   2.8234865922E-005
     260.0   2.8233612865E-005
     280.0   2.8232359828E-005
     300.0   2.8231109569E-005
     400.0   2.8224848257E-005
     500.0   2.8218580967E-005
    1000.0   2.8187165821E-005
