   -1000.0   3.8401833565E-005
    -500.0   4.1982038454E-005
    -400.0   4.4734896931E-005
    -300.0   5.0469835117E-005
    -280.0   5.2113289190E-005
    -260.0   5.3789624195E-005
    -240.0   5.5691293677E-005
    -220.0   5.7585016299E-005
    -200.0   5.9527410238E-005
    -180.0   6.1349335684E-005
    -160.0   6.3841121885E-005
    -140.0   6.6527685148E-005
    -120.0   6.9535332754E-005
    -100.0   7.2057660189E-005
     -80.0   7.4339798771E-005
     -60.0   7.7378534109E-005
     -50.0   7.9290208134E-005
     -40.0   8.1094105462E-005
     -30.0   8.2852839754E-005
     -20.0   8.5717233085E-005
     -10.0   8.7091959767E-005
       0.0   8.7468782541E-005
      10.0   8.6905713320E-005
      20.0   8.5765275412E-005
      30.0   8.3446814192E-005
      40.0   8.2412962343E-005
      50.0   8.1194522369E-005
      60.0   7.9486773907E-005
      80.0   7.5662566861E-005
     100.0   7.1395625716E-005
     120.0   6.6973546711E-005
     140.0   6.2710177233E-005
     160.0   5.9143880398E-005
     180.0   5.6318840586E-005
     200.0   5.3811785408E-005
     220.0   5.1658468332E-005
     240.0   4.9972779499E-005
     260.0   4.8286041116E-005
     280.0   4.6952920076E-005
     300.0   4.5664632382E-005
     400.0   4.2153052313E-005
     500.0   4.0561919910E-005
    1000.0   3.8178889048E-005
