   -1000.0   2.8991414229E-005
    -500.0   2.9120421004E-005
    -400.0   2.9134825368E-005
    -300.0   2.9149812264E-005
    -280.0   2.9153040687E-005
    -260.0   2.9156547009E-005
    -240.0   2.9161321652E-005
    -220.0   2.9706757014E-005
    -200.0   2.9847923261E-005
    -180.0   3.0063475058E-005
    -160.0   3.0024510111E-005
    -140.0   3.3052752237E-005
    -120.0   3.6401209786E-005
    -100.0   3.8413594831E-005
     -80.0   4.1704752023E-005
     -60.0   4.6504635189E-005
     -50.0   4.7381485375E-005
     -40.0   4.9120911959E-005
     -30.0   5.2073324848E-005
     -20.0   5.7784302418E-005
     -10.0   6.2110750193E-005
       0.0   7.0325287684E-005
      10.0   5.2682113196E-005
      20.0   4.4863447250E-005
      30.0   4.1166617161E-005
      40.0   3.8330892297E-005
      50.0   3.4035717132E-005
      60.0   3.0471593709E-005
      80.0   3.1296462785E-005
     100.0   3.1504786812E-005
     120.0   3.1564982983E-005
     140.0   3.1340411660E-005
     160.0   3.1258505750E-005
     180.0   3.0534802943E-005
     200.0   2.9756257946E-005
     220.0   3.0296796176E-005
     240.0   2.9456189350E-005
     260.0   2.9254564779E-005
     280.0   2.9233081754E-005
     300.0   2.9235315846E-005
     400.0   2.9248484938E-005
     500.0   2.9262272171E-005
    1000.0   2.9332464238E-005
