   -1000.0   1.1176445143E-005
    -500.0   1.3228305787E-005
    -400.0   1.4860784124E-005
    -300.0   1.8767044762E-005
    -280.0   2.0222460876E-005
    -260.0   2.2162216636E-005
    -240.0   2.4754311518E-005
    -220.0   2.8261639614E-005
    -200.0   3.3063280274E-005
    -180.0   4.0311596730E-005
    -160.0   5.1893194033E-005
    -140.0   7.2852503228E-005
    -120.0   1.2760018940E-004
    -100.0   2.1147693238E-004
     -80.0   2.9864908292E-004
     -60.0   4.0647758680E-004
     -50.0   4.6556480233E-004
     -40.0   5.3682144012E-004
     -30.0   6.0225534636E-004
     -20.0   6.3312185069E-004
     -10.0   6.3938882115E-004
       0.0   6.3050492552E-004
      10.0   6.0559648158E-004
      20.0   5.3856335276E-004
      30.0   4.5629821565E-004
      40.0   3.9158925450E-004
      50.0   3.2383912887E-004
      60.0   2.7289739866E-004
      80.0   1.8953692482E-004
     100.0   1.3233804493E-004
     120.0   9.1066937544E-005
     140.0   5.9841352893E-005
     160.0   4.3278169651E-005
     180.0   3.5037941211E-005
     200.0   2.9500585402E-005
     220.0   2.5311928843E-005
     240.0   2.2411920970E-005
     260.0   2.0341050028E-005
     280.0   1.8777040661E-005
     300.0   1.7688909053E-005
     400.0   1.4515335482E-005
     500.0   1.3103670372E-005
    1000.0   1.1312670237E-005
