   -1000.0   3.2487230497E-005
    -500.0   3.2500058391E-005
    -400.0   3.2502862514E-005
    -300.0   3.2507400599E-005
    -280.0   3.2508915133E-005
    -260.0   3.2510901729E-005
    -240.0   3.2513674432E-005
    -220.0   3.2517888948E-005
    -200.0   3.2525641433E-005
    -180.0   3.2615282984E-005
    -160.0   3.3323037042E-005
    -140.0   3.4401873393E-005
    -120.0   3.5480153012E-005
    -100.0   3.6529962041E-005
     -80.0   3.7449506105E-005
     -60.0   3.7849592901E-005
     -50.0   3.7640079294E-005
     -40.0   3.6820317643E-005
     -30.0   3.6504333013E-005
     -20.0   3.6195514539E-005
     -10.0   3.5536702042E-005
       0.0   3.4558037955E-005
      10.0   3.3350020918E-005
      20.0   3.2227934054E-005
      30.0   3.3001254675E-005
      40.0   3.3355101789E-005
      50.0   3.2948358470E-005
      60.0   3.2431282009E-005
      80.0   2.6626292862E-005
     100.0   2.2833326680E-005
     120.0   2.2363918816E-005
     140.0   2.2199210863E-005
     160.0   2.1965760764E-005
     180.0   2.2815303048E-005
     200.0   2.5390865666E-005
     220.0   2.7832841431E-005
     240.0   2.9169282670E-005
     260.0   3.0254611805E-005
     280.0   3.1951610538E-005
     300.0   3.2501574860E-005
     400.0   3.2513739506E-005
     500.0   3.2517103729E-005
    1000.0   3.2527508119E-005
