   -1000.0   2.9636002106E-005
    -500.0   2.9775834080E-005
    -400.0   2.9834050613E-005
    -300.0   2.9949613711E-005
    -280.0   2.9988106729E-005
    -260.0   3.0035991228E-005
    -240.0   3.0096906877E-005
    -220.0   3.0176502233E-005
    -200.0   3.0283988529E-005
    -180.0   3.0435407506E-005
    -160.0   3.0661448336E-005
    -140.0   3.1030833043E-005
    -120.0   3.1769626467E-005
    -100.0   6.4325187969E-005
     -80.0   1.1566085512E-004
     -60.0   1.6518586122E-004
     -50.0   6.2491672745E-004
     -40.0   1.1236988513E-003
     -30.0   1.8304408786E-003
     -20.0   1.8075051948E-003
     -10.0   1.2313771934E-003
       0.0   7.8366114631E-004
      10.0   7.6763390258E-004
      20.0   1.1669629548E-003
      30.0   1.3410836118E-003
      40.0   8.7543867345E-004
      50.0   5.7429274602E-004
      60.0   1.5514090790E-004
      80.0   1.0863267774E-004
     100.0   7.7818784398E-005
     120.0   6.5212133813E-005
     140.0   5.2734327062E-005
     160.0   4.6259194049E-005
     180.0   4.0551551510E-005
     200.0   3.8686414943E-005
     220.0   3.3646333312E-005
     240.0   3.2488113849E-005
     260.0   3.0191156234E-005
     280.0   3.0080294119E-005
     300.0   3.0033159025E-005
     400.0   2.9929444601E-005
     500.0   2.9893495626E-005
    1000.0   2.9890915848E-005
