   -1000.0   2.1164569235E-005
    -500.0   2.1224132912E-005
    -400.0   2.1235713207E-005
    -300.0   2.1246909736E-005
    -280.0   2.1249068111E-005
    -260.0   2.1251186075E-005
    -240.0   2.1253254708E-005
    -220.0   2.1255263251E-005
    -200.0   2.1257227345E-005
    -180.0   2.1259391233E-005
    -160.0   2.1261579760E-005
    -140.0   2.1263631327E-005
    -120.0   2.1265454679E-005
    -100.0   2.1266783561E-005
     -80.0   2.1267432593E-005
     -60.0   2.1265973034E-005
     -50.0   2.1263378909E-005
     -40.0   2.1255199586E-005
     -30.0   2.1060403400E-005
     -20.0   2.1025075723E-005
     -10.0   2.0759247863E-005
       0.0   2.0489574350E-005
      10.0   2.0701140382E-005
      20.0   2.0757695778E-005
      30.0   2.0768452827E-005
      40.0   2.0752391714E-005
      50.0   2.0734505303E-005
      60.0   2.0326422050E-005
      80.0   1.9851314372E-005
     100.0   1.4065052967E-005
     120.0   7.6286508914E-006
     140.0   6.6738306818E-006
     160.0   6.6077940876E-006
     180.0   8.5388165180E-006
     200.0   1.0946534532E-005
     220.0   1.2815570298E-005
     240.0   1.4837781413E-005
     260.0   1.7368159636E-005
     280.0   2.1121469312E-005
     300.0   2.1258287929E-005
     400.0   2.1321771785E-005
     500.0   2.1340812148E-005
    1000.0   2.1406253011E-005
