   -1000.0   2.5144392772E-005
    -500.0   2.5133915723E-005
    -400.0   2.5131718991E-005
    -300.0   2.5129515851E-005
    -280.0   2.5129074451E-005
    -260.0   2.5128632804E-005
    -240.0   2.5128190938E-005
    -220.0   2.5127749893E-005
    -200.0   2.5127338675E-005
    -180.0   2.5126917706E-005
    -160.0   2.5126852669E-005
    -140.0   2.5126591432E-005
    -120.0   2.5126283476E-005
    -100.0   2.5126032363E-005
     -80.0   2.5125779070E-005
     -60.0   2.5125546856E-005
     -50.0   2.5125437794E-005
     -40.0   2.5125329532E-005
     -30.0   2.5125270086E-005
     -20.0   2.5125229519E-005
     -10.0   2.5126540650E-005
       0.0   2.5116754207E-005
      10.0   2.5106209320E-005
      20.0   2.5098033208E-005
      30.0   2.5093193832E-005
      40.0   2.5090751113E-005
      50.0   2.5090177991E-005
      60.0   2.5090915383E-005
      80.0   2.5088345165E-005
     100.0   2.5082786780E-005
     120.0   2.5100921525E-005
     140.0   2.5107144307E-005
     160.0   2.5107839209E-005
     180.0   2.5105983291E-005
     200.0   2.5105430298E-005
     220.0   2.5106646714E-005
     240.0   2.5110370344E-005
     260.0   2.5113033829E-005
     280.0   2.5116155262E-005
     300.0   2.5116141183E-005
     400.0   2.5113915872E-005
     500.0   2.5111665793E-005
    1000.0   2.5100310460E-005
