   -1000.0   2.7364031284E-005
    -500.0   2.7335652356E-005
    -400.0   2.7329951491E-005
    -300.0   2.7324245339E-005
    -280.0   2.7323103474E-005
    -260.0   2.7321961398E-005
    -240.0   2.7320819110E-005
    -220.0   2.7319676611E-005
    -200.0   2.7318533901E-005
    -180.0   2.7317390979E-005
    -160.0   2.7316247977E-005
    -140.0   2.7315107401E-005
    -120.0   2.7313968474E-005
    -100.0   2.7312835803E-005
     -80.0   2.7311743514E-005
     -60.0   2.7310620299E-005
     -50.0   2.7310057463E-005
     -40.0   2.7309496618E-005
     -30.0   2.7308938293E-005
     -20.0   2.7308389527E-005
     -10.0   2.7400225727E-005
       0.0   2.7307254908E-005
      10.0   2.7374429239E-005
      20.0   2.7306056291E-005
      30.0   2.7305457930E-005
      40.0   2.7304871686E-005
      50.0   2.7304289777E-005
      60.0   2.7303710748E-005
      80.0   2.7302554022E-005
     100.0   2.7301386792E-005
     120.0   2.7300233404E-005
     140.0   2.7299083698E-005
     160.0   2.7297934965E-005
     180.0   2.7296787120E-005
     200.0   2.7295639068E-005
     220.0   2.7294490493E-005
     240.0   2.7293340487E-005
     260.0   2.7292190985E-005
     280.0   2.7291042949E-005
     300.0   2.7289895736E-005
     400.0   2.7284153986E-005
     500.0   2.7278405516E-005
    1000.0   2.7249583767E-005
