   -1000.0   3.3892577820E-005
    -500.0   3.3917011094E-005
    -400.0   3.3921886755E-005
    -300.0   3.3926759215E-005
    -280.0   3.3927733265E-005
    -260.0   3.3928707142E-005
    -240.0   3.3929680827E-005
    -220.0   3.3930654292E-005
    -200.0   3.3931627495E-005
    -180.0   3.3932600765E-005
    -160.0   3.3933574427E-005
    -140.0   3.3934548762E-005
    -120.0   3.3935522947E-005
    -100.0   3.3936493807E-005
     -80.0   3.3937466186E-005
     -60.0   3.3938429573E-005
     -50.0   3.3938905181E-005
     -40.0   3.3939371166E-005
     -30.0   3.3939811227E-005
     -20.0   3.3940162945E-005
     -10.0   3.3939904703E-005
       0.0   2.9701506512E-005
      10.0   3.3613269976E-005
      20.0   3.3725978985E-005
      30.0   3.3761551240E-005
      40.0   3.3776810970E-005
      50.0   3.3792491240E-005
      60.0   3.3753915249E-005
      80.0   3.3128498531E-005
     100.0   3.2926674597E-005
     120.0   3.2782333698E-005
     140.0   3.2730964963E-005
     160.0   3.2731385173E-005
     180.0   3.2749770582E-005
     200.0   3.3151869980E-005
     220.0   3.3337314847E-005
     240.0   3.3585333862E-005
     260.0   3.3688785792E-005
     280.0   3.3953769793E-005
     300.0   3.3955910533E-005
     400.0   3.3960793008E-005
     500.0   3.3965648053E-005
    1000.0   3.3989866558E-005
