   -1000.0   1.8504529732E-005
    -500.0   2.5081041177E-005
    -400.0   3.0131305628E-005
    -300.0   4.1474882010E-005
    -280.0   4.5461330985E-005
    -260.0   5.0522581478E-005
    -240.0   5.7113029269E-005
    -220.0   6.5992114629E-005
    -200.0   7.8588262409E-005
    -180.0   9.9771243045E-005
    -160.0   1.4872997783E-004
    -140.0   2.2492428302E-004
    -120.0   3.3702424783E-004
    -100.0   5.0690389368E-004
     -80.0   8.3199273238E-004
     -60.0   1.9677242509E-003
     -50.0   2.5982412290E-003
     -40.0   2.8236799031E-003
     -30.0   2.8392303784E-003
     -20.0   2.7920946273E-003
     -10.0   2.7389601122E-003
       0.0   2.7325620158E-003
      10.0   2.7438381619E-003
      20.0   2.1254603032E-003
      30.0   2.1842974609E-003
      40.0   2.1877070403E-003
      50.0   2.0494107792E-003
      60.0   1.5897091754E-003
      80.0   7.2136781209E-004
     100.0   4.6136233770E-004
     120.0   3.2599207531E-004
     140.0   2.3673590330E-004
     160.0   1.7624235063E-004
     180.0   1.3559652484E-004
     200.0   1.0804645168E-004
     220.0   8.7194176164E-005
     240.0   7.2004818046E-005
     260.0   6.0534869332E-005
     280.0   5.1882590905E-005
     300.0   4.5552026286E-005
     400.0   3.0540186823E-005
     500.0   2.5210753920E-005
    1000.0   1.8665603309E-005
