   -1000.0   5.9339885327E-005
    -500.0   6.5494489137E-005
    -400.0   6.9950830725E-005
    -300.0   7.9457829596E-005
    -280.0   8.2643153677E-005
    -260.0   8.6570670705E-005
    -240.0   9.1486381986E-005
    -220.0   9.7738105714E-005
    -200.0   1.0583742405E-004
    -180.0   1.1653137665E-004
    -160.0   1.3095338259E-004
    -140.0   1.4768225747E-004
    -120.0   1.6723834044E-004
    -100.0   1.9197816235E-004
     -80.0   2.2092941246E-004
     -60.0   2.5726531302E-004
     -50.0   2.7023896517E-004
     -40.0   2.7510808919E-004
     -30.0   2.7748555069E-004
     -20.0   2.7725132426E-004
     -10.0   2.7059156743E-004
       0.0   2.5483371181E-004
      10.0   2.2558813747E-004
      20.0   1.9979381983E-004
      30.0   2.1351908249E-004
      40.0   2.0710505347E-004
      50.0   2.0356832385E-004
      60.0   2.0336571537E-004
      80.0   2.0790693148E-004
     100.0   1.9765284402E-004
     120.0   1.7078438828E-004
     140.0   1.4674878611E-004
     160.0   1.2858496797E-004
     180.0   1.1450030024E-004
     200.0   1.0357941970E-004
     220.0   9.5035035638E-005
     240.0   8.8524321102E-005
     260.0   8.3687946052E-005
     280.0   8.0639946200E-005
     300.0   7.8249133180E-005
     400.0   7.0018359878E-005
     500.0   6.5871629472E-005
    1000.0   6.0357942136E-005
