   -1000.0   3.4742392071E-006
    -500.0   3.4943366624E-006
    -400.0   3.5009880151E-006
    -300.0   3.5122795637E-006
    -280.0   3.5158607594E-006
    -260.0   3.5203171184E-006
    -240.0   3.5260950522E-006
    -220.0   3.5340977471E-006
    -200.0   3.5544268038E-006
    -180.0   3.7818657906E-006
    -160.0   4.2227752400E-006
    -140.0   4.9909975329E-006
    -120.0   6.0937262383E-006
    -100.0   8.8026289734E-006
     -80.0   1.9730747682E-005
     -60.0   3.2343453860E-005
     -50.0   4.0187649638E-005
     -40.0   5.0579613688E-005
     -30.0   6.5392125517E-005
     -20.0   7.3438820637E-005
     -10.0   7.4096293401E-005
       0.0   6.9540531062E-005
      10.0   6.1881447060E-005
      20.0   5.8711116113E-005
      30.0   5.5867445707E-005
      40.0   4.0577569782E-005
      50.0   3.2157936049E-005
      60.0   2.5782438998E-005
      80.0   1.6452010541E-005
     100.0   9.1276597768E-006
     120.0   6.6288270073E-006
     140.0   5.6930645554E-006
     160.0   5.0015466348E-006
     180.0   4.5020685714E-006
     200.0   3.5897405872E-006
     220.0   2.9907649838E-006
     240.0   2.7594367924E-006
     260.0   2.6371819307E-006
     280.0   2.7667767787E-006
     300.0   2.8091155741E-006
     400.0   3.5151474749E-006
     500.0   3.5227973897E-006
    1000.0   3.5369681332E-006
