   -1000.0   6.8729387971E-005
    -500.0   6.8714499068E-005
    -400.0   6.8710926450E-005
    -300.0   6.8707489498E-005
    -280.0   6.8706841772E-005
    -260.0   6.8706219383E-005
    -240.0   6.8705632920E-005
    -220.0   6.8705099052E-005
    -200.0   6.8704645297E-005
    -180.0   6.8704319924E-005
    -160.0   6.8704214543E-005
    -140.0   6.8704523106E-005
    -120.0   6.8705730614E-005
    -100.0   6.8709540506E-005
     -80.0   6.9480592793E-005
     -60.0   8.0169080977E-005
     -50.0   8.8280704601E-005
     -40.0   1.0238357533E-004
     -30.0   1.2123344723E-004
     -20.0   1.1045156777E-004
     -10.0   9.1431128219E-005
       0.0   8.4812211699E-005
      10.0   8.2997860895E-005
      20.0   8.4715600849E-005
      30.0   8.8584336932E-005
      40.0   8.4462236623E-005
      50.0   7.8608632332E-005
      60.0   7.2808921141E-005
      80.0   6.1469141915E-005
     100.0   5.7151080560E-005
     120.0   5.9302282892E-005
     140.0   5.9248214848E-005
     160.0   5.7898266421E-005
     180.0   5.8729092241E-005
     200.0   6.4276519257E-005
     220.0   6.7322432713E-005
     240.0   6.8682170438E-005
     260.0   6.8684455101E-005
     280.0   6.8684517959E-005
     300.0   6.8684131192E-005
     400.0   6.8680816619E-005
     500.0   6.8677091015E-005
    1000.0   6.8658021983E-005
