   -1000.0   2.9803594626E-005
    -500.0   2.9803366759E-005
    -400.0   2.9813057803E-005
    -300.0   2.9850270841E-005
    -280.0   2.9867218533E-005
    -260.0   2.9891722059E-005
    -240.0   2.9929323038E-005
    -220.0   2.9992973416E-005
    -200.0   3.0124175925E-005
    -180.0   3.0664926840E-005
    -160.0   3.2705029694E-005
    -140.0   3.4876884337E-005
    -120.0   3.6289018397E-005
    -100.0   3.7723548667E-005
     -80.0   3.9843301449E-005
     -60.0   4.2379054440E-005
     -50.0   4.3726014187E-005
     -40.0   4.5223326725E-005
     -30.0   4.6744972609E-005
     -20.0   4.6520029312E-005
     -10.0   4.2268565033E-005
       0.0   3.9427303090E-005
      10.0   3.9668129347E-005
      20.0   3.8987952157E-005
      30.0   3.7247599976E-005
      40.0   3.5110637385E-005
      50.0   3.3793380751E-005
      60.0   3.2820011598E-005
      80.0   3.1299390763E-005
     100.0   3.0204848818E-005
     120.0   2.9478391964E-005
     140.0   2.9067156585E-005
     160.0   2.8724050214E-005
     180.0   2.7870173854E-005
     200.0   2.7285968348E-005
     220.0   2.7151061839E-005
     240.0   2.7431086997E-005
     260.0   2.8131438061E-005
     280.0   2.9322219474E-005
     300.0   2.9632490413E-005
     400.0   2.9727699392E-005
     500.0   2.9726700012E-005
    1000.0   2.9692217795E-005
