   -1000.0   3.0279800296E-004
    -500.0   3.0388402537E-004
    -400.0   3.0408576657E-004
    -300.0   3.0430213982E-004
    -280.0   3.0434935002E-004
    -260.0   3.0439899554E-004
    -240.0   3.0445204346E-004
    -220.0   3.0451012678E-004
    -200.0   3.0457600868E-004
    -180.0   3.0465542491E-004
    -160.0   3.0476590754E-004
    -140.0   3.0994225477E-004
    -120.0   3.1679644390E-004
    -100.0   3.3022566781E-004
     -80.0   3.5207853758E-004
     -60.0   4.7621307712E-004
     -50.0   6.5747162004E-004
     -40.0   7.7534557225E-004
     -30.0   9.6860443139E-004
     -20.0   1.2229895554E-003
     -10.0   1.3989575500E-003
       0.0   8.2794261327E-004
      10.0   1.0497113013E-003
      20.0   9.5122809578E-004
      30.0   7.1698927934E-004
      40.0   6.2056446096E-004
      50.0   5.6905901034E-004
      60.0   4.6617130437E-004
      80.0   3.4742122634E-004
     100.0   3.3169330494E-004
     120.0   3.2303026984E-004
     140.0   3.1851691043E-004
     160.0   3.1539918147E-004
     180.0   3.1280988184E-004
     200.0   3.1121887674E-004
     220.0   3.1001583367E-004
     240.0   3.0787238473E-004
     260.0   3.0690519233E-004
     280.0   3.0563167237E-004
     300.0   3.0574873974E-004
     400.0   3.0564170232E-004
     500.0   3.0582049396E-004
    1000.0   3.0676313001E-004
