   -1000.0   3.4468327297E-005
    -500.0   3.5017793375E-005
    -400.0   3.5354455444E-005
    -300.0   3.6136902811E-005
    -280.0   3.6438407674E-005
    -260.0   3.6867677444E-005
    -240.0   3.7654345436E-005
    -220.0   4.1423071412E-005
    -200.0   4.6042542777E-005
    -180.0   4.7116787630E-005
    -160.0   4.8431257209E-005
    -140.0   9.0192784029E-005
    -120.0   1.2358954393E-004
    -100.0   1.7254219835E-004
     -80.0   2.2310611666E-004
     -60.0   2.9878294221E-004
     -50.0   3.4438401226E-004
     -40.0   3.8880856346E-004
     -30.0   4.6310874866E-004
     -20.0   5.8092046177E-004
     -10.0   7.7325882260E-004
       0.0   8.5705812903E-004
      10.0   6.9176877645E-004
      20.0   4.6714572777E-004
      30.0   3.4671836043E-004
      40.0   2.8095302702E-004
      50.0   2.3595367398E-004
      60.0   1.9761575377E-004
      80.0   1.4158173588E-004
     100.0   1.0914324123E-004
     120.0   8.3028146976E-005
     140.0   6.8281512939E-005
     160.0   5.6277307399E-005
     180.0   5.4202953467E-005
     200.0   4.7958855886E-005
     220.0   4.3688686133E-005
     240.0   4.1022052566E-005
     260.0   3.7690907080E-005
     280.0   3.6555957076E-005
     300.0   3.6211146717E-005
     400.0   3.5487904279E-005
     500.0   3.5213431456E-005
    1000.0   3.4947759069E-005
