   -1000.0   1.2445046118E-005
    -500.0   1.2521662903E-005
    -400.0   1.2558660256E-005
    -300.0   1.2633164125E-005
    -280.0   1.2658568943E-005
    -260.0   1.2690733755E-005
    -240.0   1.2732737070E-005
    -220.0   1.2789917980E-005
    -200.0   1.2872719122E-005
    -180.0   1.3006408010E-005
    -160.0   1.3289814580E-005
    -140.0   1.7338534926E-005
    -120.0   2.8190762531E-005
    -100.0   3.4434562260E-005
     -80.0   4.0852963304E-005
     -60.0   5.2643971723E-005
     -50.0   6.7332035830E-005
     -40.0   1.4392233172E-004
     -30.0   2.3790659177E-004
     -20.0   3.4551930156E-004
     -10.0   2.1918766830E-004
       0.0   1.2828915245E-004
      10.0   1.5226360603E-004
      20.0   2.0765405240E-004
      30.0   1.7954024688E-004
      40.0   1.1786473667E-004
      50.0   6.0740086047E-005
      60.0   4.8658060800E-005
      80.0   3.8716604053E-005
     100.0   3.3147874657E-005
     120.0   2.8281925476E-005
     140.0   2.4067718426E-005
     160.0   2.1130744082E-005
     180.0   1.8495271958E-005
     200.0   1.6956818027E-005
     220.0   1.5815730169E-005
     240.0   1.5206960257E-005
     260.0   1.4385929423E-005
     280.0   1.3184384293E-005
     300.0   1.2671046963E-005
     400.0   1.2636900096E-005
     500.0   1.2605244970E-005
    1000.0   1.2601324941E-005
