   -1000.0   2.5571368101E-005
    -500.0   2.5570697422E-005
    -400.0   2.5569392685E-005
    -300.0   2.5569030995E-005
    -280.0   2.5569246641E-005
    -260.0   2.5569661989E-005
    -240.0   2.5570388187E-005
    -220.0   2.5571662017E-005
    -200.0   2.5574008733E-005
    -180.0   2.5588577618E-005
    -160.0   2.5620096827E-005
    -140.0   2.5759860098E-005
    -120.0   2.6586368197E-005
    -100.0   2.8105163676E-005
     -80.0   2.9159828460E-005
     -60.0   2.9933574708E-005
     -50.0   3.0197020125E-005
     -40.0   3.0230615237E-005
     -30.0   3.0102217891E-005
     -20.0   2.9754505046E-005
     -10.0   2.9288952977E-005
       0.0   2.8788157636E-005
      10.0   2.7851953663E-005
      20.0   2.6321293824E-005
      30.0   2.5300484596E-005
      40.0   2.4749665433E-005
      50.0   2.4728978092E-005
      60.0   2.5053542015E-005
      80.0   2.6446032765E-005
     100.0   2.6660905495E-005
     120.0   2.6217740423E-005
     140.0   2.5947308070E-005
     160.0   2.5736806929E-005
     180.0   2.5606309398E-005
     200.0   2.5564518056E-005
     220.0   2.5560969767E-005
     240.0   2.5558983350E-005
     260.0   2.5558267955E-005
     280.0   2.5557330931E-005
     300.0   2.5556480937E-005
     400.0   2.5553278529E-005
     500.0   2.5550762749E-005
    1000.0   2.5539977780E-005
