   -1000.0   1.9809494464E-005
    -500.0   1.9883944041E-005
    -400.0   1.9906319512E-005
    -300.0   1.9945750102E-005
    -280.0   1.9958609960E-005
    -260.0   1.9974886985E-005
    -240.0   1.9996632841E-005
    -220.0   2.0029475349E-005
    -200.0   2.0231932837E-005
    -180.0   2.0925712326E-005
    -160.0   2.2927384674E-005
    -140.0   2.5760948339E-005
    -120.0   3.0073338030E-005
    -100.0   6.6932018455E-005
     -80.0   1.2300538573E-004
     -60.0   1.8559076903E-004
     -50.0   2.1682680740E-004
     -40.0   2.5833844450E-004
     -30.0   3.0231301041E-004
     -20.0   3.1242891129E-004
     -10.0   3.5412917203E-004
       0.0   4.8591385300E-004
      10.0   2.8778356898E-004
      20.0   1.8436442267E-004
      30.0   1.4385967765E-004
      40.0   1.1542806466E-004
      50.0   9.4320574312E-005
      60.0   8.2180127276E-005
      80.0   6.9377278385E-005
     100.0   5.6241411864E-005
     120.0   3.3163974636E-005
     140.0   2.7044117768E-005
     160.0   2.5427957540E-005
     180.0   2.2878970520E-005
     200.0   2.1504059501E-005
     220.0   2.0575338995E-005
     240.0   2.0804479270E-005
     260.0   2.0394844072E-005
     280.0   2.0342066889E-005
     300.0   2.0047682105E-005
     400.0   1.9980993334E-005
     500.0   1.9978934946E-005
    1000.0   2.0012097710E-005
