   -1000.0   4.4100979296E-005
    -500.0   4.4111580282E-005
    -400.0   4.4113459100E-005
    -300.0   4.4115035948E-005
    -280.0   4.4115280410E-005
    -260.0   4.4115485945E-005
    -240.0   4.4115641025E-005
    -220.0   4.4115729799E-005
    -200.0   4.4115820765E-005
    -180.0   4.4116894107E-005
    -160.0   4.4118713937E-005
    -140.0   4.4120433817E-005
    -120.0   4.4121980379E-005
    -100.0   4.4123199977E-005
     -80.0   4.4122438919E-005
     -60.0   4.4118029781E-005
     -50.0   4.4111585508E-005
     -40.0   4.4098148457E-005
     -30.0   4.4068295426E-005
     -20.0   4.3985132209E-005
     -10.0   4.3508398140E-005
       0.0   3.4550989859E-005
      10.0   4.1559495368E-005
      20.0   4.2584484377E-005
      30.0   4.2520791123E-005
      40.0   4.2204632736E-005
      50.0   4.1905510540E-005
      60.0   4.1009133086E-005
      80.0   3.3349472623E-005
     100.0   2.0677396986E-005
     120.0   1.9644383620E-005
     140.0   1.9479192784E-005
     160.0   2.0163053227E-005
     180.0   2.2853056138E-005
     200.0   2.7333038834E-005
     220.0   3.0416134067E-005
     240.0   3.3829356767E-005
     260.0   3.8015600420E-005
     280.0   4.4018004355E-005
     300.0   4.4110010436E-005
     400.0   4.4127804787E-005
     500.0   4.4132045620E-005
    1000.0   4.4144279381E-005
