   -1000.0   6.2886348288E-006
    -500.0   6.3097292304E-006
    -400.0   6.3139410247E-006
    -300.0   6.3181343242E-006
    -280.0   6.3189683782E-006
    -260.0   6.3197999186E-006
    -240.0   6.3206326255E-006
    -220.0   6.3214674778E-006
    -200.0   6.3222797936E-006
    -180.0   6.3231029787E-006
    -160.0   6.3244261456E-006
    -140.0   6.3253341176E-006
    -120.0   6.3266128454E-006
    -100.0   6.3274899583E-006
     -80.0   6.3287460091E-006
     -60.0   6.3292575094E-006
     -50.0   6.3296233384E-006
     -40.0   6.3298177355E-006
     -30.0   6.3284427282E-006
     -20.0   6.2759097677E-006
     -10.0   5.8839101699E-006
       0.0   5.4727460031E-006
      10.0   5.5216909709E-006
      20.0   5.6685403722E-006
      30.0   5.3030614426E-006
      40.0   2.9665580183E-006
      50.0   1.2806779578E-006
      60.0   1.3677940345E-006
      80.0   1.5035558790E-006
     100.0   2.2051691139E-006
     120.0   5.6851272822E-006
     140.0   5.6690555840E-006
     160.0   5.6419641343E-006
     180.0   5.5982430788E-006
     200.0   5.4470819764E-006
     220.0   6.0222170777E-006
     240.0   6.2393872220E-006
     260.0   6.3230522781E-006
     280.0   6.3396356150E-006
     300.0   6.3433290581E-006
     400.0   6.3478531181E-006
     500.0   6.3521994081E-006
    1000.0   6.3736741228E-006
