   -1000.0   2.3662915133E-005
    -500.0   2.3818588810E-005
    -400.0   2.3915097999E-005
    -300.0   2.4124676671E-005
    -280.0   2.4197778929E-005
    -260.0   2.4290570887E-005
    -240.0   2.4411645307E-005
    -220.0   2.4576946402E-005
    -200.0   2.4872435876E-005
    -180.0   2.5404127072E-005
    -160.0   2.6180722476E-005
    -140.0   2.7620959536E-005
    -120.0   3.3361876865E-005
    -100.0   5.8201663931E-005
     -80.0   1.6814792134E-004
     -60.0   2.8402854151E-004
     -50.0   3.1219938139E-004
     -40.0   3.3116335401E-004
     -30.0   3.1915056909E-004
     -20.0   3.4805296916E-004
     -10.0   3.5542995710E-004
       0.0   4.9332751841E-004
      10.0   3.8925200222E-004
      20.0   2.9919797109E-004
      30.0   2.1850327579E-004
      40.0   1.6344125677E-004
      50.0   1.2770065949E-004
      60.0   1.0193935068E-004
      80.0   7.2533691817E-005
     100.0   5.3194303861E-005
     120.0   3.4148082317E-005
     140.0   2.0601835638E-005
     160.0   1.6272506783E-005
     180.0   1.8832482718E-005
     200.0   1.9795183137E-005
     220.0   2.0290649364E-005
     240.0   2.2293934434E-005
     260.0   2.2825205883E-005
     280.0   2.2905010173E-005
     300.0   2.3508429020E-005
     400.0   2.3945735787E-005
     500.0   2.3882381911E-005
    1000.0   2.3820977232E-005
