   -1000.0   6.8055694533E-005
    -500.0   8.8908674686E-005
    -400.0   1.0517318015E-004
    -300.0   1.4301748392E-004
    -280.0   1.5711840976E-004
    -260.0   1.7418814953E-004
    -240.0   1.9619615991E-004
    -220.0   2.2602643630E-004
    -200.0   2.7040783374E-004
    -180.0   3.2449145856E-004
    -160.0   3.9067934517E-004
    -140.0   4.6662327707E-004
    -120.0   5.4819423500E-004
    -100.0   6.3856206317E-004
     -80.0   6.9535365353E-004
     -60.0   7.1731567271E-004
     -50.0   7.2161468204E-004
     -40.0   7.3033202031E-004
     -30.0   7.4686954153E-004
     -20.0   7.7056990305E-004
     -10.0   7.9891220909E-004
       0.0   7.5734130428E-004
      10.0   7.7992179333E-004
      20.0   7.8850931747E-004
      30.0   7.7266016091E-004
      40.0   7.3140781637E-004
      50.0   6.9516352938E-004
      60.0   6.6240682878E-004
      80.0   5.9448374979E-004
     100.0   5.2024575379E-004
     120.0   4.4514512565E-004
     140.0   3.8434383278E-004
     160.0   3.2808417365E-004
     180.0   2.8300725417E-004
     200.0   2.4510318970E-004
     220.0   2.1500793868E-004
     240.0   1.9183736227E-004
     260.0   1.7121003216E-004
     280.0   1.5420877455E-004
     300.0   1.4040105482E-004
     400.0   1.0396817165E-004
     500.0   8.8552542626E-005
    1000.0   6.9159018946E-005
