   -1000.0   2.8009473555E-005
    -500.0   2.8042321437E-005
    -400.0   2.8048886771E-005
    -300.0   2.8055459363E-005
    -280.0   2.8056776321E-005
    -260.0   2.8058094911E-005
    -240.0   2.8059415838E-005
    -220.0   2.8060740196E-005
    -200.0   2.8062069758E-005
    -180.0   2.8063407632E-005
    -160.0   2.8064760660E-005
    -140.0   2.8068476544E-005
    -120.0   2.8074865045E-005
    -100.0   2.8085087863E-005
     -80.0   2.8093543547E-005
     -60.0   2.8138480390E-005
     -50.0   2.8204039762E-005
     -40.0   2.8247727779E-005
     -30.0   2.8279551015E-005
     -20.0   2.8363246164E-005
     -10.0   2.9145164444E-005
       0.0   3.3043349821E-005
      10.0   2.8357020202E-005
      20.0   2.8243208070E-005
      30.0   2.8204203614E-005
      40.0   2.8182228784E-005
      50.0   2.8164769909E-005
      60.0   2.8136558463E-005
      80.0   2.8090279038E-005
     100.0   2.7091653038E-005
     120.0   2.6887566691E-005
     140.0   2.6736125564E-005
     160.0   2.6608610924E-005
     180.0   2.7111458643E-005
     200.0   2.7368975033E-005
     220.0   2.7472295452E-005
     240.0   2.7448439747E-005
     260.0   2.7413194664E-005
     280.0   2.6095951243E-005
     300.0   2.5675234389E-005
     400.0   2.8100742400E-005
     500.0   2.8107715403E-005
    1000.0   2.8140608960E-005
