   -1000.0   2.8723491365E-005
    -500.0   2.8726957808E-005
    -400.0   2.8727670532E-005
    -300.0   2.8728551805E-005
    -280.0   2.8728780036E-005
    -260.0   2.8729043670E-005
    -240.0   2.8729360214E-005
    -220.0   2.8729759678E-005
    -200.0   2.8730297919E-005
    -180.0   2.8731091527E-005
    -160.0   2.8732438762E-005
    -140.0   2.8740955776E-005
    -120.0   2.9123103369E-005
    -100.0   3.1090705684E-005
     -80.0   3.3255579287E-005
     -60.0   3.4029998257E-005
     -50.0   3.4348482150E-005
     -40.0   3.4879756148E-005
     -30.0   3.5730285985E-005
     -20.0   3.5964073523E-005
     -10.0   3.4832080395E-005
       0.0   3.4193672602E-005
      10.0   3.4582064971E-005
      20.0   3.4981753529E-005
      30.0   3.3518657701E-005
      40.0   3.1207638552E-005
      50.0   2.9049056419E-005
      60.0   2.7505630118E-005
      80.0   2.6188066942E-005
     100.0   2.5397623442E-005
     120.0   2.4635402096E-005
     140.0   2.4867750492E-005
     160.0   2.5916466716E-005
     180.0   2.6756685044E-005
     200.0   2.7405117708E-005
     220.0   2.7691574381E-005
     240.0   2.7561254148E-005
     260.0   2.7285476198E-005
     280.0   2.7717503366E-005
     300.0   2.8429281623E-005
     400.0   2.8731891535E-005
     500.0   2.8732500489E-005
    1000.0   2.8735107498E-005
