   -1000.0   4.8660352584E-005
    -500.0   4.9948400535E-005
    -400.0   5.0929468416E-005
    -300.0   5.3207152700E-005
    -280.0   5.4029163998E-005
    -260.0   5.5086602551E-005
    -240.0   5.6481843264E-005
    -220.0   5.8384298432E-005
    -200.0   6.1086295925E-005
    -180.0   6.5132390663E-005
    -160.0   7.1628753376E-005
    -140.0   7.8884525503E-005
    -120.0   9.4852896759E-005
    -100.0   1.1584712397E-004
     -80.0   1.3932652272E-004
     -60.0   1.5869528596E-004
     -50.0   1.6539172877E-004
     -40.0   1.6860672745E-004
     -30.0   1.6897819778E-004
     -20.0   1.6782910392E-004
     -10.0   1.6088594982E-004
       0.0   1.4968507247E-004
      10.0   1.3949747005E-004
      20.0   1.4646107670E-004
      30.0   1.5112459337E-004
      40.0   1.5339551732E-004
      50.0   1.5037814682E-004
      60.0   1.4279376945E-004
      80.0   1.2351763349E-004
     100.0   1.0602571952E-004
     120.0   9.0726853162E-005
     140.0   7.7764991997E-005
     160.0   6.9477231814E-005
     180.0   6.4152596924E-005
     200.0   6.0424171564E-005
     220.0   5.7621582189E-005
     240.0   5.5548175381E-005
     260.0   5.4088433965E-005
     280.0   5.3076602071E-005
     300.0   5.2356321684E-005
     400.0   5.0735282455E-005
     500.0   4.9870272070E-005
    1000.0   4.8733292871E-005
