   -1000.0   3.5905613680E-005
    -500.0   3.5870806986E-005
    -400.0   3.5863766683E-005
    -300.0   3.5856720021E-005
    -280.0   3.5855309927E-005
    -260.0   3.5853899579E-005
    -240.0   3.5852488979E-005
    -220.0   3.5851078129E-005
    -200.0   3.5849667037E-005
    -180.0   3.5848255909E-005
    -160.0   3.5846858278E-005
    -140.0   3.5845489877E-005
    -120.0   3.5844101102E-005
    -100.0   3.5842708385E-005
     -80.0   3.5841317687E-005
     -60.0   3.5839927480E-005
     -50.0   3.5839234352E-005
     -40.0   3.5838541544E-005
     -30.0   3.5837852636E-005
     -20.0   3.5837174506E-005
     -10.0   3.5850042529E-005
       0.0   3.5842543764E-005
      10.0   3.5846029637E-005
      20.0   3.5834148808E-005
      30.0   3.5833403215E-005
      40.0   3.5832675216E-005
      50.0   3.5831955167E-005
      60.0   3.5831239935E-005
      80.0   3.5829814188E-005
     100.0   3.5828389314E-005
     120.0   3.5826969258E-005
     140.0   3.5825550789E-005
     160.0   3.5824099685E-005
     180.0   3.5822609090E-005
     200.0   3.5821193323E-005
     220.0   3.5819806351E-005
     240.0   3.5818433711E-005
     260.0   3.5817072124E-005
     280.0   3.5815699906E-005
     300.0   3.5814304335E-005
     400.0   3.5807214163E-005
     500.0   3.5800116534E-005
    1000.0   3.5764532577E-005
