   -1000.0   2.5336528077E-004
    -500.0   2.7191688089E-004
    -400.0   2.8569866590E-004
    -300.0   3.1595294748E-004
    -280.0   3.2629588860E-004
    -260.0   3.3918124423E-004
    -240.0   3.5553468155E-004
    -220.0   3.7619643662E-004
    -200.0   4.0147229558E-004
    -180.0   4.2853536505E-004
    -160.0   4.5002203341E-004
    -140.0   4.9480453299E-004
    -120.0   5.5750194794E-004
    -100.0   6.1845719626E-004
     -80.0   6.7305058062E-004
     -60.0   7.0334527195E-004
     -50.0   7.1549784128E-004
     -40.0   7.2268816194E-004
     -30.0   7.4923091607E-004
     -20.0   7.4731433371E-004
     -10.0   7.3564481687E-004
       0.0   7.1193943689E-004
      10.0   6.8735271218E-004
      20.0   6.3406282544E-004
      30.0   6.1763118461E-004
      40.0   6.2220295476E-004
      50.0   6.3047405076E-004
      60.0   6.3921481983E-004
      80.0   6.5308117989E-004
     100.0   6.1789778719E-004
     120.0   5.5207276646E-004
     140.0   4.9753329059E-004
     160.0   4.5125809423E-004
     180.0   4.1620213041E-004
     200.0   3.8850053128E-004
     220.0   3.6652401363E-004
     240.0   3.4864883596E-004
     260.0   3.3421251930E-004
     280.0   3.2248415259E-004
     300.0   3.1280767886E-004
     400.0   2.8452907791E-004
     500.0   2.7194729087E-004
    1000.0   2.5551456819E-004
