   -1000.0   6.2718147660E-005
    -500.0   1.4108423797E-004
    -400.0   2.0046955088E-004
    -300.0   3.2841469118E-004
    -280.0   3.7051243024E-004
    -260.0   4.2313300325E-004
    -240.0   4.8871228282E-004
    -220.0   5.7093738946E-004
    -200.0   6.7473711554E-004
    -180.0   8.1116934460E-004
    -160.0   9.6222051539E-004
    -140.0   1.1643976276E-003
    -120.0   1.3905610518E-003
    -100.0   1.6182842767E-003
     -80.0   1.8505407316E-003
     -60.0   2.0057713552E-003
     -50.0   2.0527190550E-003
     -40.0   2.0680267758E-003
     -30.0   2.1455967364E-003
     -20.0   2.1896993060E-003
     -10.0   2.1930467491E-003
       0.0   2.2310826731E-003
      10.0   2.2183970384E-003
      20.0   2.1919128296E-003
      30.0   2.0622591682E-003
      40.0   1.9880100309E-003
      50.0   1.9432693801E-003
      60.0   1.8942260736E-003
      80.0   1.7278727440E-003
     100.0   1.4774573710E-003
     120.0   1.2400641638E-003
     140.0   1.0122164510E-003
     160.0   8.4343442022E-004
     180.0   7.0206548233E-004
     200.0   5.9226546330E-004
     220.0   5.0651731713E-004
     240.0   4.3834117677E-004
     260.0   3.8302825559E-004
     280.0   3.3883881340E-004
     300.0   3.0280753486E-004
     400.0   1.9029867247E-004
     500.0   1.3612955013E-004
    1000.0   6.2651413845E-005
