   -1000.0   3.0370058759E-005
    -500.0   3.0412053774E-005
    -400.0   3.0417783038E-005
    -300.0   3.0423509577E-005
    -280.0   3.0424654485E-005
    -260.0   3.0425799231E-005
    -240.0   3.0426943801E-005
    -220.0   3.0428088179E-005
    -200.0   3.0429232364E-005
    -180.0   3.0430447783E-005
    -160.0   3.0432224913E-005
    -140.0   3.0434553377E-005
    -120.0   3.0442255815E-005
    -100.0   3.0448199371E-005
     -80.0   3.0452319331E-005
     -60.0   3.0458130427E-005
     -50.0   3.0461627599E-005
     -40.0   3.0479080730E-005
     -30.0   3.0469003680E-005
     -20.0   3.0465015896E-005
     -10.0   3.0475024080E-005
       0.0   3.0176858252E-005
      10.0   2.9806638460E-005
      20.0   2.9930035532E-005
      30.0   2.9932351322E-005
      40.0   2.9955631609E-005
      50.0   3.0009470961E-005
      60.0   3.0039985959E-005
      80.0   3.0012898605E-005
     100.0   2.9972071398E-005
     120.0   2.9926608590E-005
     140.0   2.9421906652E-005
     160.0   2.8539455746E-005
     180.0   2.8027291118E-005
     200.0   2.7297813061E-005
     220.0   2.7910739651E-005
     240.0   2.8418669148E-005
     260.0   2.8983261516E-005
     280.0   2.9374994425E-005
     300.0   3.0157027631E-005
     400.0   3.0463522599E-005
     500.0   3.0469259229E-005
    1000.0   3.0497809193E-005
