   -1000.0   2.2620509663E-005
    -500.0   2.2663994789E-005
    -400.0   2.2672182220E-005
    -300.0   2.2680423072E-005
    -280.0   2.2682087210E-005
    -260.0   2.2683762447E-005
    -240.0   2.2685455193E-005
    -220.0   2.2687179388E-005
    -200.0   2.2688979888E-005
    -180.0   2.2716885317E-005
    -160.0   2.2983128047E-005
    -140.0   2.3200151111E-005
    -120.0   2.3588872332E-005
    -100.0   2.3894761900E-005
     -80.0   2.4478009232E-005
     -60.0   2.9826987707E-005
     -50.0   3.2255797262E-005
     -40.0   3.5877459461E-005
     -30.0   4.0771253341E-005
     -20.0   4.0915868247E-005
     -10.0   4.7119350705E-005
       0.0   3.9698837552E-005
      10.0   4.2952325695E-005
      20.0   3.3390773598E-005
      30.0   3.1779007496E-005
      40.0   2.9919668988E-005
      50.0   2.8258909673E-005
      60.0   2.7349325917E-005
      80.0   2.3411270004E-005
     100.0   2.2683039110E-005
     120.0   2.2241874701E-005
     140.0   2.2087467705E-005
     160.0   2.1988646436E-005
     180.0   2.1152464913E-005
     200.0   1.9454841626E-005
     220.0   1.9165585025E-005
     240.0   1.8955580267E-005
     260.0   1.9380499641E-005
     280.0   2.0529912058E-005
     300.0   2.0997291102E-005
     400.0   2.2737011678E-005
     500.0   2.2745400375E-005
    1000.0   2.2786226582E-005
