   -1000.0   8.6554072331E-006
    -500.0   8.7300910697E-006
    -400.0   8.7712229586E-006
    -300.0   8.8581464757E-006
    -280.0   8.8883540059E-006
    -260.0   8.9267668477E-006
    -240.0   8.9770244083E-006
    -220.0   9.0452922405E-006
    -200.0   9.1432570913E-006
    -180.0   9.2990211619E-006
    -160.0   9.7557551305E-006
    -140.0   1.1000225288E-005
    -120.0   1.3061977310E-005
    -100.0   1.7366147540E-005
     -80.0   4.7375322583E-005
     -60.0   8.1402771590E-005
     -50.0   9.6959306464E-005
     -40.0   1.1176935769E-004
     -30.0   1.1713608920E-004
     -20.0   1.1686110274E-004
     -10.0   1.3748679993E-004
       0.0   1.1879033364E-004
      10.0   1.0879517657E-004
      20.0   9.8874059834E-005
      30.0   7.9514247344E-005
      40.0   6.6224115536E-005
      50.0   5.5735934269E-005
      60.0   4.8743755765E-005
      80.0   3.5567749165E-005
     100.0   1.8576193656E-005
     120.0   1.5348055491E-005
     140.0   1.3415164501E-005
     160.0   1.2176665128E-005
     180.0   1.1141334712E-005
     200.0   1.0109551889E-005
     220.0   8.5296763359E-006
     240.0   6.9058279671E-006
     260.0   6.2849972497E-006
     280.0   6.3970768326E-006
     300.0   6.9525254490E-006
     400.0   8.7806485923E-006
     500.0   8.7781989637E-006
    1000.0   8.7742106649E-006
