   -1000.0   2.5463919245E-005
    -500.0   2.5505161464E-005
    -400.0   2.5525604371E-005
    -300.0   2.5572851556E-005
    -280.0   2.5591388157E-005
    -260.0   2.5618392704E-005
    -240.0   2.5708281902E-005
    -220.0   2.6397425838E-005
    -200.0   2.7194034960E-005
    -180.0   2.7277521023E-005
    -160.0   2.7536518952E-005
    -140.0   3.3814852538E-005
    -120.0   4.5576888613E-005
    -100.0   5.5947466378E-005
     -80.0   6.4903944764E-005
     -60.0   8.2067100662E-005
     -50.0   9.5569362963E-005
     -40.0   1.1329204331E-004
     -30.0   1.3126420169E-004
     -20.0   1.4017007212E-004
     -10.0   1.3296734085E-004
       0.0   1.2221391820E-004
      10.0   1.1428249590E-004
      20.0   1.1138222300E-004
      30.0   9.3155630064E-005
      40.0   7.4965980031E-005
      50.0   6.4303173161E-005
      60.0   5.4585238303E-005
      80.0   4.3703802588E-005
     100.0   3.7853913482E-005
     120.0   3.2911135231E-005
     140.0   3.0640472541E-005
     160.0   3.0064081216E-005
     180.0   2.8906501278E-005
     200.0   2.7970265439E-005
     220.0   2.6345373191E-005
     240.0   2.5464628018E-005
     260.0   2.5559561266E-005
     280.0   2.5604024552E-005
     300.0   2.5586080803E-005
     400.0   2.5544919369E-005
     500.0   2.5530604520E-005
    1000.0   2.5522976598E-005
