   -1000.0   3.3319978542E-005
    -500.0   3.3380227880E-005
    -400.0   3.3393146766E-005
    -300.0   3.3414216672E-005
    -280.0   3.3420996963E-005
    -260.0   3.3429650087E-005
    -240.0   3.3441340181E-005
    -220.0   3.3458535574E-005
    -200.0   3.3487900504E-005
    -180.0   3.3560553412E-005
    -160.0   3.6663442471E-005
    -140.0   4.3259826782E-005
    -120.0   5.0126311411E-005
    -100.0   5.9089826879E-005
     -80.0   7.0788632588E-005
     -60.0   8.2302982888E-005
     -50.0   8.7701451609E-005
     -40.0   9.1901257549E-005
     -30.0   9.4149188171E-005
     -20.0   9.5573218630E-005
     -10.0   9.3174487628E-005
       0.0   9.5805771506E-005
      10.0   8.9901410640E-005
      20.0   7.5208412124E-005
      30.0   6.3402906348E-005
      40.0   5.6761637263E-005
      50.0   5.2178241596E-005
      60.0   4.8525571448E-005
      80.0   4.3571937409E-005
     100.0   4.0526852817E-005
     120.0   3.8261800610E-005
     140.0   3.7268110965E-005
     160.0   3.6036860516E-005
     180.0   3.4568533329E-005
     200.0   3.1967979038E-005
     220.0   3.0583558770E-005
     240.0   3.0317306604E-005
     260.0   3.1964455733E-005
     280.0   3.3433657490E-005
     300.0   3.3444407350E-005
     400.0   3.3449440102E-005
     500.0   3.3453443197E-005
    1000.0   3.3485697730E-005
