   -1000.0   4.4564983633E-005
    -500.0   4.6282474175E-005
    -400.0   4.7514449315E-005
    -300.0   5.0242696877E-005
    -280.0   5.1191299111E-005
    -260.0   5.2385666766E-005
    -240.0   5.3920357322E-005
    -220.0   5.5942960183E-005
    -200.0   5.8678439558E-005
    -180.0   6.2488248766E-005
    -160.0   6.6665619279E-005
    -140.0   7.0152592150E-005
    -120.0   7.9028042098E-005
    -100.0   9.3572039128E-005
     -80.0   1.0888309738E-004
     -60.0   1.2000669108E-004
     -50.0   1.2640774216E-004
     -40.0   1.3277517590E-004
     -30.0   1.3221621920E-004
     -20.0   1.2672628916E-004
     -10.0   1.1955660634E-004
       0.0   1.0932733308E-004
      10.0   9.5010063143E-005
      20.0   9.5076343058E-005
      30.0   9.1042654219E-005
      40.0   9.1187429753E-005
      50.0   9.1292472957E-005
      60.0   9.1302237273E-005
      80.0   8.8519434833E-005
     100.0   8.1141339585E-005
     120.0   7.1990493494E-005
     140.0   6.2895621200E-005
     160.0   5.5236287277E-005
     180.0   4.9887239610E-005
     200.0   4.6178097279E-005
     220.0   4.4074600506E-005
     240.0   4.3428397593E-005
     260.0   4.3912739916E-005
     280.0   4.5326075683E-005
     300.0   4.6401830281E-005
     400.0   4.6774559672E-005
     500.0   4.6208835931E-005
    1000.0   4.5260528356E-005
