   -1000.0   2.0931484792E-005
    -500.0   2.0973509110E-005
    -400.0   2.0981917674E-005
    -300.0   2.0990335550E-005
    -280.0   2.0992021631E-005
    -260.0   2.0993709240E-005
    -240.0   2.0995398958E-005
    -220.0   2.0997091671E-005
    -200.0   2.0998788793E-005
    -180.0   2.1000492796E-005
    -160.0   2.1002209949E-005
    -140.0   2.1006183657E-005
    -120.0   2.1010111735E-005
    -100.0   2.1014774915E-005
     -80.0   2.1022510436E-005
     -60.0   2.1028771662E-005
     -50.0   2.1087938963E-005
     -40.0   2.1112936564E-005
     -30.0   2.1127667005E-005
     -20.0   2.1182144928E-005
     -10.0   2.1900857743E-005
       0.0   2.6114870635E-005
      10.0   2.1174541182E-005
      20.0   2.1104006472E-005
      30.0   2.1079288605E-005
      40.0   2.1068355374E-005
      50.0   2.1060794777E-005
      60.0   2.1043865991E-005
      80.0   2.1036105492E-005
     100.0   2.0526488977E-005
     120.0   2.0248934430E-005
     140.0   2.0122101874E-005
     160.0   1.9921706246E-005
     180.0   2.0218292778E-005
     200.0   2.0420176967E-005
     220.0   2.0517458400E-005
     240.0   2.0662635410E-005
     260.0   2.0777390815E-005
     280.0   2.0836828771E-005
     300.0   2.0354911638E-005
     400.0   2.1048944278E-005
     500.0   2.1057496265E-005
    1000.0   2.1099585959E-005
