   -1000.0   1.4300029676E-005
    -500.0   1.6020464430E-005
    -400.0   1.7326475635E-005
    -300.0   2.0253803232E-005
    -280.0   2.1280043412E-005
    -260.0   2.2579507828E-005
    -240.0   2.4262829164E-005
    -220.0   2.6506297965E-005
    -200.0   2.9609896353E-005
    -180.0   3.4133777567E-005
    -160.0   4.1581851447E-005
    -140.0   5.8210283596E-005
    -120.0   8.9705635045E-005
    -100.0   1.5870435719E-004
     -80.0   3.4293837013E-004
     -60.0   5.6814790117E-004
     -50.0   7.0642327350E-004
     -40.0   8.2662880453E-004
     -30.0   8.4781431199E-004
     -20.0   8.2522432504E-004
     -10.0   7.7907180609E-004
       0.0   7.0070205639E-004
      10.0   6.3103458623E-004
      20.0   6.4518053675E-004
      30.0   6.6470346067E-004
      40.0   6.6312729294E-004
      50.0   6.0607516264E-004
      60.0   4.7763321966E-004
      80.0   3.0159404033E-004
     100.0   1.6667462639E-004
     120.0   1.0665360910E-004
     140.0   7.9211170701E-005
     160.0   6.1691243831E-005
     180.0   4.9643036878E-005
     200.0   4.1051719320E-005
     220.0   3.4646251508E-005
     240.0   2.9894598227E-005
     260.0   2.6155477494E-005
     280.0   2.3355964758E-005
     300.0   2.1411222494E-005
     400.0   1.7480535884E-005
     500.0   1.6122376112E-005
    1000.0   1.4460289027E-005
