   -1000.0   2.0634209107E-005
    -500.0   2.0687915183E-005
    -400.0   2.0705177640E-005
    -300.0   2.0736691291E-005
    -280.0   2.0747616291E-005
    -260.0   2.0762042054E-005
    -240.0   2.0782373780E-005
    -220.0   2.0814236496E-005
    -200.0   2.0876856216E-005
    -180.0   2.1294700154E-005
    -160.0   2.3545864388E-005
    -140.0   2.6733063687E-005
    -120.0   3.0681495004E-005
    -100.0   3.5256683527E-005
     -80.0   4.1603857262E-005
     -60.0   4.5152986136E-005
     -50.0   4.6265997215E-005
     -40.0   4.2785498558E-005
     -30.0   4.2814640976E-005
     -20.0   4.2707963234E-005
     -10.0   4.2961324800E-005
       0.0   4.2546183367E-005
      10.0   4.2201680432E-005
      20.0   4.1978938086E-005
      30.0   4.0497689728E-005
      40.0   3.7984933222E-005
      50.0   3.6131269953E-005
      60.0   3.4043574422E-005
      80.0   3.0578220308E-005
     100.0   2.4990570788E-005
     120.0   2.2269437606E-005
     140.0   2.1136387990E-005
     160.0   2.1695636456E-005
     180.0   2.0797400146E-005
     200.0   2.0592192336E-005
     220.0   2.0865472858E-005
     240.0   2.0435402112E-005
     260.0   2.0272020319E-005
     280.0   2.0508071270E-005
     300.0   2.0755864735E-005
     400.0   2.0763549989E-005
     500.0   2.0765621590E-005
    1000.0   2.0797239605E-005
