   -1000.0   3.1771912842E-005
    -500.0   3.1767288985E-005
    -400.0   3.1771370088E-005
    -300.0   3.1789959979E-005
    -280.0   3.1798108583E-005
    -260.0   3.1809332102E-005
    -240.0   3.1825267046E-005
    -220.0   3.1848893098E-005
    -200.0   3.1886282637E-005
    -180.0   3.1952078764E-005
    -160.0   3.2095025051E-005
    -140.0   3.2821630896E-005
    -120.0   3.5930404189E-005
    -100.0   3.9062406250E-005
     -80.0   4.1017228012E-005
     -60.0   4.2406655024E-005
     -50.0   4.3464871042E-005
     -40.0   4.5298990516E-005
     -30.0   4.7198202290E-005
     -20.0   4.8266642649E-005
     -10.0   4.8551058732E-005
       0.0   4.6620673649E-005
      10.0   4.6554627714E-005
      20.0   4.6482153991E-005
      30.0   4.3792209503E-005
      40.0   4.1172486709E-005
      50.0   3.9161438078E-005
      60.0   3.7645576346E-005
      80.0   3.5612885739E-005
     100.0   3.4970961586E-005
     120.0   3.3415020603E-005
     140.0   3.1294096852E-005
     160.0   3.0853046636E-005
     180.0   3.0678746768E-005
     200.0   3.0181144006E-005
     220.0   2.9724829574E-005
     240.0   3.0192166197E-005
     260.0   3.1431759246E-005
     280.0   3.1687553491E-005
     300.0   3.1711306368E-005
     400.0   3.1714766255E-005
     500.0   3.1705276500E-005
    1000.0   3.1669003713E-005
