   -1000.0   3.2300945851E-005
    -500.0   3.2251827944E-005
    -400.0   3.2241966637E-005
    -300.0   3.2232101165E-005
    -280.0   3.2230127575E-005
    -260.0   3.2228153823E-005
    -240.0   3.2226179912E-005
    -220.0   3.2224205846E-005
    -200.0   3.2222231637E-005
    -180.0   3.2220257309E-005
    -160.0   3.2218283002E-005
    -140.0   3.2216346742E-005
    -120.0   3.2215297366E-005
    -100.0   3.2215332109E-005
     -80.0   3.2214064556E-005
     -60.0   3.2212350311E-005
     -50.0   3.2211514345E-005
     -40.0   3.2210738733E-005
     -30.0   3.2210087371E-005
     -20.0   3.2209584748E-005
     -10.0   3.2208992238E-005
       0.0   3.2207828044E-005
      10.0   3.2205946626E-005
      20.0   3.2203638686E-005
      30.0   3.2201436753E-005
      40.0   3.2199576890E-005
      50.0   3.2198020141E-005
      60.0   3.2196640840E-005
      80.0   3.2194222136E-005
     100.0   3.2192071055E-005
     120.0   3.2189928117E-005
     140.0   3.2187802849E-005
     160.0   3.2185899340E-005
     180.0   3.2183842566E-005
     200.0   3.2181543829E-005
     220.0   3.2179604853E-005
     240.0   3.2178056560E-005
     260.0   3.2176486921E-005
     280.0   3.2174727932E-005
     300.0   3.2172817372E-005
     400.0   3.2162924800E-005
     500.0   3.2153025796E-005
    1000.0   3.2103467945E-005
