   -1000.0   2.7734509370E-005
    -500.0   2.7742344710E-005
    -400.0   2.7743887107E-005
    -300.0   2.7745422907E-005
    -280.0   2.7745729275E-005
    -260.0   2.7746035379E-005
    -240.0   2.7746341220E-005
    -220.0   2.7746646797E-005
    -200.0   2.7746952110E-005
    -180.0   2.7747257163E-005
    -160.0   2.7747565175E-005
    -140.0   2.7747908607E-005
    -120.0   2.7748254401E-005
    -100.0   2.7748602971E-005
     -80.0   2.7748960022E-005
     -60.0   2.7749465192E-005
     -50.0   2.7749935112E-005
     -40.0   2.7750294980E-005
     -30.0   2.7750592507E-005
     -20.0   2.7750978068E-005
     -10.0   2.7806957047E-005
       0.0   2.7751134284E-005
      10.0   2.7754864093E-005
      20.0   2.7751324851E-005
      30.0   2.7751237882E-005
      40.0   2.7751254757E-005
      50.0   2.7751287816E-005
      60.0   2.7751238574E-005
      80.0   2.7751346564E-005
     100.0   2.7750727224E-005
     120.0   2.7750010012E-005
     140.0   2.7749800314E-005
     160.0   2.7749511467E-005
     180.0   2.7750426277E-005
     200.0   2.7751298594E-005
     220.0   2.7752037302E-005
     240.0   2.7752699944E-005
     260.0   2.7753271449E-005
     280.0   2.7753721716E-005
     300.0   2.7753505981E-005
     400.0   2.7755988058E-005
     500.0   2.7757470890E-005
    1000.0   2.7764784992E-005
