   -1000.0   7.9458942850E-006
    -500.0   7.9721009285E-006
    -400.0   7.9773358516E-006
    -300.0   7.9825890089E-006
    -280.0   7.9836455484E-006
    -260.0   7.9847069208E-006
    -240.0   7.9857774931E-006
    -220.0   7.9868718589E-006
    -200.0   7.9885731253E-006
    -180.0   8.0687286407E-006
    -160.0   8.1336784062E-006
    -140.0   8.2070910131E-006
    -120.0   8.2972557407E-006
    -100.0   8.3966427422E-006
     -80.0   8.5316676945E-006
     -60.0   8.6462105855E-006
     -50.0   8.6798869633E-006
     -40.0   8.7654800260E-006
     -30.0   8.9104614814E-006
     -20.0   9.1255074305E-006
     -10.0   9.4077590519E-006
       0.0   9.9754816644E-006
      10.0   8.9706324684E-006
      20.0   8.6843469891E-006
      30.0   8.5293366520E-006
      40.0   8.4492103697E-006
      50.0   8.3789801237E-006
      60.0   8.3277434671E-006
      80.0   8.0477452789E-006
     100.0   7.9990952837E-006
     120.0   3.9363914972E-006
     140.0   2.9133553207E-006
     160.0   2.6741353208E-006
     180.0   3.7854821491E-006
     200.0   6.2705139861E-006
     220.0   6.6363550218E-006
     240.0   7.0977403150E-006
     260.0   7.1445156691E-006
     280.0   8.0101351058E-006
     300.0   8.0128634255E-006
     400.0   8.0188651262E-006
     500.0   8.0242086952E-006
    1000.0   8.0505629381E-006
