   -1000.0   5.1862307541E-005
    -500.0   5.1863979666E-005
    -400.0   5.1864285970E-005
    -300.0   5.1864583958E-005
    -280.0   5.1864642441E-005
    -260.0   5.1864700506E-005
    -240.0   5.1864758126E-005
    -220.0   5.1864815262E-005
    -200.0   5.1864871863E-005
    -180.0   5.1864927862E-005
    -160.0   5.1864983170E-005
    -140.0   5.1865037661E-005
    -120.0   5.1865091166E-005
    -100.0   5.1865190436E-005
     -80.0   5.1865387106E-005
     -60.0   5.1880356442E-005
     -50.0   5.1879391587E-005
     -40.0   5.1895364589E-005
     -30.0   5.1974384749E-005
     -20.0   5.1880396431E-005
     -10.0   5.1871508364E-005
       0.0   5.1867533105E-005
      10.0   5.1867382894E-005
      20.0   5.1868074434E-005
      30.0   5.1869763518E-005
      40.0   5.1863171053E-005
      50.0   5.1759647977E-005
      60.0   5.1511766339E-005
      80.0   5.0377850248E-005
     100.0   4.9079383590E-005
     120.0   4.8993689327E-005
     140.0   4.9227247669E-005
     160.0   4.9469312531E-005
     180.0   4.9415854183E-005
     200.0   4.8457493108E-005
     220.0   4.9328415460E-005
     240.0   5.0957291185E-005
     260.0   5.1865425678E-005
     280.0   5.1865920702E-005
     300.0   5.1866088191E-005
     400.0   5.1866464012E-005
     500.0   5.1866730453E-005
    1000.0   5.1867864142E-005
