   -1000.0   3.2105050650E-005
    -500.0   3.2196210138E-005
    -400.0   3.2215417449E-005
    -300.0   3.2237251728E-005
    -280.0   3.2242527325E-005
    -260.0   3.2248498229E-005
    -240.0   3.2255609590E-005
    -220.0   3.2264766834E-005
    -200.0   3.2278166756E-005
    -180.0   3.2314730770E-005
    -160.0   3.2831756809E-005
    -140.0   3.3903208633E-005
    -120.0   3.5020499877E-005
    -100.0   3.6314647059E-005
     -80.0   3.7471284674E-005
     -60.0   3.8348483797E-005
     -50.0   3.8432592986E-005
     -40.0   3.8045408506E-005
     -30.0   3.7867629486E-005
     -20.0   3.7990336532E-005
     -10.0   3.7467338325E-005
       0.0   3.6664898088E-005
      10.0   3.5733138649E-005
      20.0   3.4972812815E-005
      30.0   3.4430241256E-005
      40.0   3.3904001946E-005
      50.0   3.3672960447E-005
      60.0   3.3184604428E-005
      80.0   3.2109612306E-005
     100.0   3.1267298966E-005
     120.0   3.0105654813E-005
     140.0   2.9324661636E-005
     160.0   2.8405368547E-005
     180.0   2.7621004582E-005
     200.0   2.6238659579E-005
     220.0   2.3011950563E-005
     240.0   2.1111172654E-005
     260.0   2.0994797009E-005
     280.0   2.1537946098E-005
     300.0   2.3382511642E-005
     400.0   3.2294712887E-005
     500.0   3.2357871207E-005
    1000.0   3.2464914866E-005
