   -1000.0   3.6037291568E-005
    -500.0   3.6097873685E-005
    -400.0   3.6109964396E-005
    -300.0   3.6122048829E-005
    -280.0   3.6124464876E-005
    -260.0   3.6126880611E-005
    -240.0   3.6129296015E-005
    -220.0   3.6131711064E-005
    -200.0   3.6134125746E-005
    -180.0   3.6136615327E-005
    -160.0   3.6139061596E-005
    -140.0   3.6141548827E-005
    -120.0   3.6144050234E-005
    -100.0   3.6162202335E-005
     -80.0   3.6162679163E-005
     -60.0   3.6159316731E-005
     -50.0   3.6158841635E-005
     -40.0   3.6159297685E-005
     -30.0   3.6163419312E-005
     -20.0   3.6172111807E-005
     -10.0   3.6406011539E-005
       0.0   3.6298630141E-005
      10.0   3.6201832074E-005
      20.0   3.6198879249E-005
      30.0   3.6226881084E-005
      40.0   3.6273471587E-005
      50.0   3.6342628352E-005
      60.0   3.6089000474E-005
      80.0   3.5304115051E-005
     100.0   3.5267339850E-005
     120.0   3.5072482997E-005
     140.0   3.5089233530E-005
     160.0   3.5083621919E-005
     180.0   3.5128887603E-005
     200.0   3.4916138965E-005
     220.0   3.5212785387E-005
     240.0   3.5294740602E-005
     260.0   3.5503210640E-005
     280.0   3.5665584939E-005
     300.0   3.5248156191E-005
     400.0   3.6206354489E-005
     500.0   3.6218527027E-005
    1000.0   3.6278694896E-005
