   -1000.0   6.4153675757E-005
    -500.0   6.4174317179E-005
    -400.0   6.4178381134E-005
    -300.0   6.4182422985E-005
    -280.0   6.4183227794E-005
    -260.0   6.4184031071E-005
    -240.0   6.4184832591E-005
    -220.0   6.4185632061E-005
    -200.0   6.4186429101E-005
    -180.0   6.4187223218E-005
    -160.0   6.4188013793E-005
    -140.0   6.4188919915E-005
    -120.0   6.4190480473E-005
    -100.0   6.4206613348E-005
     -80.0   6.4227525764E-005
     -60.0   6.4248871545E-005
     -50.0   6.4251380152E-005
     -40.0   6.4258165487E-005
     -30.0   6.4285684187E-005
     -20.0   6.4299620069E-005
     -10.0   6.4285260550E-005
       0.0   6.4014643037E-005
      10.0   6.3757329000E-005
      20.0   6.3616423333E-005
      30.0   6.3539342706E-005
      40.0   6.3437884684E-005
      50.0   6.2616691262E-005
      60.0   6.1709314200E-005
      80.0   5.9283576399E-005
     100.0   5.6295638399E-005
     120.0   5.5213811649E-005
     140.0   5.5258239162E-005
     160.0   5.7182519839E-005
     180.0   5.8811363680E-005
     200.0   5.9715236650E-005
     220.0   6.0680713194E-005
     240.0   6.0916411665E-005
     260.0   6.1240991655E-005
     280.0   5.9352951116E-005
     300.0   6.0447795100E-005
     400.0   6.4209765022E-005
     500.0   6.4214350132E-005
    1000.0   6.4234277556E-005
