   -1000.0   3.0255812348E-005
    -500.0   3.8642588669E-005
    -400.0   4.5326530895E-005
    -300.0   6.0953331161E-005
    -280.0   6.6575395759E-005
    -260.0   7.3844950140E-005
    -240.0   8.3459783740E-005
    -220.0   9.6400059172E-005
    -200.0   1.1457540562E-004
    -180.0   1.4072602229E-004
    -160.0   1.7681431150E-004
    -140.0   2.3947547219E-004
    -120.0   3.2462568028E-004
    -100.0   4.1525422660E-004
     -80.0   5.2568150748E-004
     -60.0   6.4545909986E-004
     -50.0   7.2601449586E-004
     -40.0   7.9368780020E-004
     -30.0   8.2216552584E-004
     -20.0   8.2913483598E-004
     -10.0   8.2591070993E-004
       0.0   8.1934322087E-004
      10.0   8.0568991658E-004
      20.0   7.7033751687E-004
      30.0   7.3549324350E-004
      40.0   7.0907921904E-004
      50.0   6.4165507816E-004
      60.0   5.6694301937E-004
      80.0   4.4469265626E-004
     100.0   3.4595959250E-004
     120.0   2.6959840729E-004
     140.0   2.0702775197E-004
     160.0   1.5738016890E-004
     180.0   1.2511146250E-004
     200.0   1.0394175320E-004
     220.0   8.9470967632E-005
     240.0   7.8952433730E-005
     260.0   7.1422584080E-005
     280.0   6.5009338565E-005
     300.0   6.0406704564E-005
     400.0   4.5587348630E-005
     500.0   3.8799770411E-005
    1000.0   3.0854203681E-005
