   -1000.0   5.2229777409E-005
    -500.0   5.2267881325E-005
    -400.0   5.2275452434E-005
    -300.0   5.2283007875E-005
    -280.0   5.2284516558E-005
    -260.0   5.2286024255E-005
    -240.0   5.2287530853E-005
    -220.0   5.2289036218E-005
    -200.0   5.2290540191E-005
    -180.0   5.2292042613E-005
    -160.0   5.2293543470E-005
    -140.0   5.2295583223E-005
    -120.0   5.2298564765E-005
    -100.0   5.2301494781E-005
     -80.0   5.2304907458E-005
     -60.0   5.2332208309E-005
     -50.0   5.2359078559E-005
     -40.0   5.2382479634E-005
     -30.0   5.2407106282E-005
     -20.0   5.2387982371E-005
     -10.0   5.2384946676E-005
       0.0   5.2373439689E-005
      10.0   5.2343621300E-005
      20.0   5.2357133886E-005
      30.0   5.2369266946E-005
      40.0   5.2367518176E-005
      50.0   5.2357217702E-005
      60.0   5.2359759719E-005
      80.0   5.2350640795E-005
     100.0   5.2341017968E-005
     120.0   5.0617756375E-005
     140.0   4.4560662578E-005
     160.0   4.3685735312E-005
     180.0   4.6722386743E-005
     200.0   4.8848329950E-005
     220.0   5.0023022474E-005
     240.0   5.0796802090E-005
     260.0   5.1270055765E-005
     280.0   5.1269267822E-005
     300.0   5.1022996379E-005
     400.0   5.2335208349E-005
     500.0   5.2343121799E-005
    1000.0   5.2380662687E-005
