   -1000.0   5.2905469381E-005
    -500.0   5.3310791821E-005
    -400.0   5.3518441978E-005
    -300.0   5.4102185978E-005
    -280.0   5.4394768326E-005
    -260.0   5.4874816550E-005
    -240.0   5.5611505368E-005
    -220.0   5.6826477686E-005
    -200.0   5.9067645338E-005
    -180.0   6.2530833198E-005
    -160.0   6.6819336344E-005
    -140.0   7.8941621381E-005
    -120.0   9.8578360081E-005
    -100.0   1.1837784706E-004
     -80.0   1.2442482419E-004
     -60.0   1.3856185158E-004
     -50.0   1.5106342660E-004
     -40.0   1.6697111644E-004
     -30.0   1.8799834317E-004
     -20.0   2.2428326410E-004
     -10.0   2.5459791400E-004
       0.0   2.5740948960E-004
      10.0   2.3265573166E-004
      20.0   1.9091060878E-004
      30.0   1.5507780904E-004
      40.0   1.3393494209E-004
      50.0   1.2452844892E-004
      60.0   1.1721910170E-004
      80.0   1.0791483069E-004
     100.0   1.0378884324E-004
     120.0   9.2259016519E-005
     140.0   7.3184111106E-005
     160.0   6.4857856912E-005
     180.0   6.1191096590E-005
     200.0   5.8813123661E-005
     220.0   5.7010496582E-005
     240.0   5.6078345384E-005
     260.0   5.5454450807E-005
     280.0   5.5397213975E-005
     300.0   5.5239221979E-005
     400.0   5.3799013938E-005
     500.0   5.3568152007E-005
    1000.0   5.3476514681E-005
