   -1000.0   5.4537944078E-005
    -500.0   5.4546442701E-005
    -400.0   5.4548101996E-005
    -300.0   5.4549749485E-005
    -280.0   5.4550077566E-005
    -260.0   5.4550405173E-005
    -240.0   5.4550732308E-005
    -220.0   5.4551058970E-005
    -200.0   5.4551385158E-005
    -180.0   5.4551710874E-005
    -160.0   5.4552036130E-005
    -140.0   5.4552361632E-005
    -120.0   5.4552687469E-005
    -100.0   5.4564171448E-005
     -80.0   5.4553335465E-005
     -60.0   5.4553662682E-005
     -50.0   5.4553828110E-005
     -40.0   5.4553993200E-005
     -30.0   5.4554157280E-005
     -20.0   5.4554316615E-005
     -10.0   5.4657532698E-005
       0.0   5.4554631657E-005
      10.0   5.4657849543E-005
      20.0   5.4554951484E-005
      30.0   5.4555113143E-005
      40.0   5.4555272156E-005
      50.0   5.4555430267E-005
      60.0   5.4572960034E-005
      80.0   5.4555905143E-005
     100.0   5.4567385160E-005
     120.0   5.4556540804E-005
     140.0   5.4556854604E-005
     160.0   5.4557170418E-005
     180.0   5.4557487962E-005
     200.0   5.4557805345E-005
     220.0   5.4558121760E-005
     240.0   5.4558437551E-005
     260.0   5.4558752609E-005
     280.0   5.4559066963E-005
     300.0   5.4559379488E-005
     400.0   5.4560950177E-005
     500.0   5.4562502823E-005
    1000.0   5.4570087248E-005
