   -1000.0   4.0559676757E-005
    -500.0   4.0528755771E-005
    -400.0   4.0524646712E-005
    -300.0   4.0534429585E-005
    -280.0   4.0542070841E-005
    -260.0   4.0555532645E-005
    -240.0   4.0583193327E-005
    -220.0   4.0710071479E-005
    -200.0   4.1675837731E-005
    -180.0   4.3100099042E-005
    -160.0   4.3914735927E-005
    -140.0   4.4541174427E-005
    -120.0   4.5790996751E-005
    -100.0   4.6894333914E-005
     -80.0   4.8472407809E-005
     -60.0   5.0591369989E-005
     -50.0   5.2119546173E-005
     -40.0   5.3916483486E-005
     -30.0   5.6544219808E-005
     -20.0   5.7397771989E-005
     -10.0   5.6281720817E-005
       0.0   5.3101928878E-005
      10.0   4.7842529819E-005
      20.0   4.6026092695E-005
      30.0   4.4239469087E-005
      40.0   4.2368528788E-005
      50.0   4.1380266477E-005
      60.0   4.0821348984E-005
      80.0   4.0004207691E-005
     100.0   3.9164038511E-005
     120.0   3.8579017523E-005
     140.0   3.8309093451E-005
     160.0   3.8315817218E-005
     180.0   3.8486163923E-005
     200.0   3.8528555454E-005
     220.0   3.8187174612E-005
     240.0   3.7926368115E-005
     260.0   3.7873143829E-005
     280.0   3.8037674308E-005
     300.0   3.8536957554E-005
     400.0   4.0401144395E-005
     500.0   4.0406298502E-005
    1000.0   4.0354380330E-005
