   -1000.0   1.3550121420E-005
    -500.0   1.3664992150E-005
    -400.0   1.3721508482E-005
    -300.0   1.3843605880E-005
    -280.0   1.3888722249E-005
    -260.0   1.3949262758E-005
    -240.0   1.4035900420E-005
    -220.0   1.4212606826E-005
    -200.0   1.4842527792E-005
    -180.0   1.9944046797E-005
    -160.0   2.7780431441E-005
    -140.0   3.5440292476E-005
    -120.0   4.1831396529E-005
    -100.0   4.5461555738E-005
     -80.0   5.3815240741E-005
     -60.0   6.7636293018E-005
     -50.0   7.7044634542E-005
     -40.0   9.6009685793E-005
     -30.0   1.2183126999E-004
     -20.0   1.3421135176E-004
     -10.0   1.3321035969E-004
       0.0   1.3002750625E-004
      10.0   1.2370295511E-004
      20.0   9.8908567095E-005
      30.0   8.5933473992E-005
      40.0   6.7165703752E-005
      50.0   5.1736425996E-005
      60.0   4.3990449761E-005
      80.0   3.6146137384E-005
     100.0   3.1300803682E-005
     120.0   2.9018096474E-005
     140.0   2.6076948658E-005
     160.0   2.2737471062E-005
     180.0   1.9065685632E-005
     200.0   1.4519433196E-005
     220.0   1.1802730138E-005
     240.0   1.0984953342E-005
     260.0   1.0560183702E-005
     280.0   1.0496935416E-005
     300.0   1.0690473774E-005
     400.0   1.3627985186E-005
     500.0   1.3747249826E-005
    1000.0   1.3789794000E-005
