   -1000.0   3.7754018783E-005
    -500.0   3.7816556058E-005
    -400.0   3.7829038515E-005
    -300.0   3.7841510081E-005
    -280.0   3.7844002660E-005
    -260.0   3.7846494688E-005
    -240.0   3.7849100243E-005
    -220.0   3.7851745328E-005
    -200.0   3.7854466178E-005
    -180.0   3.7856958241E-005
    -160.0   3.7860118401E-005
    -140.0   3.7863259916E-005
    -120.0   3.7872959476E-005
    -100.0   3.7879117102E-005
     -80.0   3.7881190886E-005
     -60.0   3.7886800221E-005
     -50.0   3.7887185101E-005
     -40.0   3.7891066709E-005
     -30.0   3.7891016960E-005
     -20.0   3.7902105191E-005
     -10.0   3.7972186818E-005
       0.0   3.8868083986E-005
      10.0   3.7901383280E-005
      20.0   3.7900111174E-005
      30.0   3.6082810966E-005
      40.0   3.5390780053E-005
      50.0   3.5429918072E-005
      60.0   3.5006859515E-005
      80.0   3.4045770299E-005
     100.0   3.3376168094E-005
     120.0   3.1915332184E-005
     140.0   3.0393013577E-005
     160.0   3.2215309700E-005
     180.0   3.4128605359E-005
     200.0   3.4643264597E-005
     220.0   3.4902782066E-005
     240.0   3.4660754417E-005
     260.0   3.4577725549E-005
     280.0   3.5953778925E-005
     300.0   3.6977689610E-005
     400.0   3.7928413824E-005
     500.0   3.7941112835E-005
    1000.0   3.8003338107E-005
