   -1000.0   4.7457357874E-005
    -500.0   4.7423819186E-005
    -400.0   4.7416576749E-005
    -300.0   4.7424898278E-005
    -280.0   4.7437254359E-005
    -260.0   4.7482166524E-005
    -240.0   4.7871932826E-005
    -220.0   4.8659571102E-005
    -200.0   4.9584025077E-005
    -180.0   4.9919163590E-005
    -160.0   5.0275250457E-005
    -140.0   5.0630683383E-005
    -120.0   5.0908085272E-005
    -100.0   5.1489400267E-005
     -80.0   5.2239256339E-005
     -60.0   5.3153241678E-005
     -50.0   5.3782175623E-005
     -40.0   5.4428088106E-005
     -30.0   5.5352924077E-005
     -20.0   5.6029903054E-005
     -10.0   5.3511692798E-005
       0.0   4.9566029670E-005
      10.0   4.8686191514E-005
      20.0   4.7768982309E-005
      30.0   4.7344672538E-005
      40.0   4.7180187989E-005
      50.0   4.7039533966E-005
      60.0   4.6812543631E-005
      80.0   4.6513929343E-005
     100.0   4.6112469864E-005
     120.0   4.4904530019E-005
     140.0   4.3164922779E-005
     160.0   4.1895685974E-005
     180.0   4.1141142048E-005
     200.0   4.0656963788E-005
     220.0   4.1146392032E-005
     240.0   4.2157141809E-005
     260.0   4.2895083409E-005
     280.0   4.3770269507E-005
     300.0   4.4716944473E-005
     400.0   4.7268226445E-005
     500.0   4.7287014658E-005
    1000.0   4.7239034240E-005
