   -1000.0   3.2994805735E-005
    -500.0   3.2945762988E-005
    -400.0   3.2935525959E-005
    -300.0   3.2927041684E-005
    -280.0   3.2925897606E-005
    -260.0   3.2925153740E-005
    -240.0   3.2925057858E-005
    -220.0   3.2926177135E-005
    -200.0   3.2937830709E-005
    -180.0   3.3059850676E-005
    -160.0   3.3319882310E-005
    -140.0   3.3731784495E-005
    -120.0   3.5324877924E-005
    -100.0   4.0028606112E-005
     -80.0   4.3930044652E-005
     -60.0   4.8018949061E-005
     -50.0   5.0617925632E-005
     -40.0   5.4676986587E-005
     -30.0   6.0990083449E-005
     -20.0   6.9282553977E-005
     -10.0   6.6906057812E-005
       0.0   6.1733082822E-005
      10.0   5.4564909552E-005
      20.0   5.2664061338E-005
      30.0   4.9508373396E-005
      40.0   4.5057959524E-005
      50.0   4.1961812447E-005
      60.0   3.8996804938E-005
      80.0   3.4438015827E-005
     100.0   3.1780329705E-005
     120.0   2.9807781841E-005
     140.0   2.8831638928E-005
     160.0   2.8513788027E-005
     180.0   2.8498994132E-005
     200.0   2.9004264720E-005
     220.0   2.9875865136E-005
     240.0   3.0522041683E-005
     260.0   3.0797018646E-005
     280.0   3.0723556906E-005
     300.0   3.0801926355E-005
     400.0   3.2778068273E-005
     500.0   3.2825499061E-005
    1000.0   3.2773815812E-005
