   -1000.0   5.2267945934E-005
    -500.0   5.2318394214E-005
    -400.0   5.2326634995E-005
    -300.0   5.2335352287E-005
    -280.0   5.2337229551E-005
    -260.0   5.2339191769E-005
    -240.0   5.2341275367E-005
    -220.0   5.2343540219E-005
    -200.0   5.2346093428E-005
    -180.0   5.2349157444E-005
    -160.0   5.2353406206E-005
    -140.0   5.2930043638E-005
    -120.0   5.4469605845E-005
    -100.0   5.6464361582E-005
     -80.0   5.9320958250E-005
     -60.0   7.9188057627E-005
     -50.0   1.0939970671E-004
     -40.0   1.2269177020E-004
     -30.0   1.4178926545E-004
     -20.0   1.2482665984E-004
     -10.0   1.1376154129E-004
       0.0   1.0763787826E-004
      10.0   1.0490106926E-004
      20.0   1.1657623217E-004
      30.0   1.1387070835E-004
      40.0   1.0188225910E-004
      50.0   8.6803324713E-005
      60.0   7.4378039056E-005
      80.0   5.9463655238E-005
     100.0   5.6591198013E-005
     120.0   5.2890662512E-005
     140.0   4.5850755125E-005
     160.0   4.4209639223E-005
     180.0   4.6895874474E-005
     200.0   4.8913102184E-005
     220.0   5.0072191479E-005
     240.0   5.0813357500E-005
     260.0   5.1231856000E-005
     280.0   5.1284130770E-005
     300.0   5.0997674179E-005
     400.0   5.2388241376E-005
     500.0   5.2396372862E-005
    1000.0   5.2435012918E-005
