   -1000.0   9.6486276040E-006
    -500.0   9.6937660108E-006
    -400.0   9.7034951999E-006
    -300.0   9.7143868940E-006
    -280.0   9.7168708609E-006
    -260.0   9.7195380943E-006
    -240.0   9.7224562950E-006
    -220.0   9.7257281975E-006
    -200.0   9.7295164601E-006
    -180.0   9.7340931495E-006
    -160.0   9.7399506309E-006
    -140.0   9.7481378732E-006
    -120.0   9.7719748124E-006
    -100.0   9.8084853914E-006
     -80.0   9.8732556677E-006
     -60.0   1.1726494500E-005
     -50.0   1.2285326093E-005
     -40.0   1.2580843512E-005
     -30.0   1.3204779153E-005
     -20.0   1.3197867789E-005
     -10.0   1.3889149003E-005
       0.0   1.4759643433E-005
      10.0   1.3320857627E-005
      20.0   1.3013162325E-005
      30.0   1.2455073023E-005
      40.0   1.1987905634E-005
      50.0   1.1661597281E-005
      60.0   1.0763103297E-005
      80.0   9.8682571500E-006
     100.0   9.8085509129E-006
     120.0   9.6487472724E-006
     140.0   9.4425967448E-006
     160.0   9.5291885431E-006
     180.0   9.6022722412E-006
     200.0   9.6300109319E-006
     220.0   9.6733944067E-006
     240.0   9.6833675260E-006
     260.0   9.7200921428E-006
     280.0   9.7381797269E-006
     300.0   9.7529605975E-006
     400.0   9.7735483860E-006
     500.0   9.7817230063E-006
    1000.0   9.8250575510E-006
