   -1000.0   5.0767383398E-005
    -500.0   5.1188889362E-005
    -400.0   5.1494397401E-005
    -300.0   5.2240930566E-005
    -280.0   5.2522705873E-005
    -260.0   5.2895546868E-005
    -240.0   5.3407620378E-005
    -220.0   5.4149160618E-005
    -200.0   5.5322814955E-005
    -180.0   5.7597044187E-005
    -160.0   6.1912064185E-005
    -140.0   7.1093006961E-005
    -120.0   8.9912851517E-005
    -100.0   1.1632790972E-004
     -80.0   1.3629322663E-004
     -60.0   1.5209427358E-004
     -50.0   1.6023769768E-004
     -40.0   1.7035245739E-004
     -30.0   1.7785250804E-004
     -20.0   1.7766580214E-004
     -10.0   1.6748311486E-004
       0.0   1.5907041210E-004
      10.0   1.5551200660E-004
      20.0   1.6013743933E-004
      30.0   1.5949594954E-004
      40.0   1.4793444030E-004
      50.0   1.3756188302E-004
      60.0   1.2822584580E-004
      80.0   1.1216017314E-004
     100.0   9.5760017742E-005
     120.0   7.9358138176E-005
     140.0   6.5072331807E-005
     160.0   5.8485078952E-005
     180.0   5.5202394444E-005
     200.0   5.3528605923E-005
     220.0   5.2781669606E-005
     240.0   5.2330126287E-005
     260.0   5.1974327629E-005
     280.0   5.1635599468E-005
     300.0   5.1146373022E-005
     400.0   5.1254256811E-005
     500.0   5.1088121589E-005
    1000.0   5.0747757344E-005
