   -1000.0   4.3878192201E-005
    -500.0   4.4073013056E-005
    -400.0   4.4092968778E-005
    -300.0   4.4120040489E-005
    -280.0   4.4149913271E-005
    -260.0   4.4670068773E-005
    -240.0   4.4785820248E-005
    -220.0   4.5029520269E-005
    -200.0   4.4938513213E-005
    -180.0   4.5665765296E-005
    -160.0   5.1061566982E-005
    -140.0   5.5564536382E-005
    -120.0   6.3189342917E-005
    -100.0   7.2261987846E-005
     -80.0   8.2410158100E-005
     -60.0   8.8094588554E-005
     -50.0   8.9251432817E-005
     -40.0   9.0414151132E-005
     -30.0   9.0220944283E-005
     -20.0   9.0859573595E-005
     -10.0   9.1509182220E-005
       0.0   9.7308075081E-005
      10.0   8.7543948699E-005
      20.0   7.9635626541E-005
      30.0   7.2512818656E-005
      40.0   6.7101674337E-005
      50.0   6.4209899189E-005
      60.0   5.8235345983E-005
      80.0   5.4026373816E-005
     100.0   5.4385587256E-005
     120.0   5.3083463521E-005
     140.0   5.0832387223E-005
     160.0   5.0131651900E-005
     180.0   4.7712986833E-005
     200.0   4.6693409581E-005
     220.0   4.5532865570E-005
     240.0   4.4777531808E-005
     260.0   4.4771155031E-005
     280.0   4.4002574025E-005
     300.0   4.4082684447E-005
     400.0   4.4224714384E-005
     500.0   4.4238510896E-005
    1000.0   4.4317993323E-005
