   -1000.0   1.2663028642E-005
    -500.0   1.2971633633E-005
    -400.0   1.3183724004E-005
    -300.0   1.3668171256E-005
    -280.0   1.3844247031E-005
    -260.0   1.4073433078E-005
    -240.0   1.4383025121E-005
    -220.0   1.4825974861E-005
    -200.0   1.5540874127E-005
    -180.0   1.7698968576E-005
    -160.0   2.2315617132E-005
    -140.0   2.9883047858E-005
    -120.0   4.6744832729E-005
    -100.0   1.0603087173E-004
     -80.0   1.6593755766E-004
     -60.0   2.3524692479E-004
     -50.0   2.7450163652E-004
     -40.0   3.2105227725E-004
     -30.0   3.5960898207E-004
     -20.0   4.0261550610E-004
     -10.0   3.7098250395E-004
       0.0   2.6561193455E-004
      10.0   2.5213924345E-004
      20.0   2.6241874539E-004
      30.0   2.1077468507E-004
      40.0   1.7560633105E-004
      50.0   1.5179086876E-004
      60.0   1.3429636425E-004
      80.0   1.0791119873E-004
     100.0   8.0437091158E-005
     120.0   4.6603731632E-005
     140.0   3.4525811775E-005
     160.0   2.9849533733E-005
     180.0   2.6922058090E-005
     200.0   2.4618157108E-005
     220.0   2.2250986359E-005
     240.0   2.0257085424E-005
     260.0   1.8055212770E-005
     280.0   1.5505515976E-005
     300.0   1.3559500720E-005
     400.0   1.3134404421E-005
     500.0   1.3062923363E-005
    1000.0   1.2879597024E-005
