   -1000.0   4.6119819142E-005
    -500.0   4.6179968293E-005
    -400.0   4.6189365686E-005
    -300.0   4.6198703190E-005
    -280.0   4.6200559294E-005
    -260.0   4.6202410390E-005
    -240.0   4.6204320304E-005
    -220.0   4.6206374642E-005
    -200.0   4.6208825126E-005
    -180.0   4.6212153583E-005
    -160.0   4.6216236304E-005
    -140.0   4.6240552178E-005
    -120.0   4.6308847555E-005
    -100.0   4.6513587919E-005
     -80.0   4.6553009864E-005
     -60.0   4.6600630550E-005
     -50.0   4.6626626814E-005
     -40.0   4.6660633469E-005
     -30.0   4.6720534024E-005
     -20.0   4.6759244814E-005
     -10.0   4.6674839927E-005
       0.0   4.7053555677E-005
      10.0   4.5049287744E-005
      20.0   4.2895371035E-005
      30.0   4.2081638000E-005
      40.0   4.2439626271E-005
      50.0   4.3371772602E-005
      60.0   4.3282595961E-005
      80.0   4.1919297964E-005
     100.0   4.0608377794E-005
     120.0   3.9689568634E-005
     140.0   3.5640516403E-005
     160.0   3.0922140985E-005
     180.0   3.0035880115E-005
     200.0   3.0022624864E-005
     220.0   3.0225632204E-005
     240.0   3.1022108500E-005
     260.0   3.3366399002E-005
     280.0   3.7119068655E-005
     300.0   3.9730159926E-005
     400.0   4.6259668116E-005
     500.0   4.6273196255E-005
    1000.0   4.6321275247E-005
