   -1000.0   1.5350870509E-005
    -500.0   2.4578177740E-005
    -400.0   3.1788310288E-005
    -300.0   4.8374009793E-005
    -280.0   5.4312242108E-005
    -260.0   6.1960213833E-005
    -240.0   7.2063923311E-005
    -220.0   8.5710209745E-005
    -200.0   1.0492137107E-004
    -180.0   1.3415681279E-004
    -160.0   1.7964921385E-004
    -140.0   2.4410880926E-004
    -120.0   3.3902711811E-004
    -100.0   4.6017669272E-004
     -80.0   6.0955555795E-004
     -60.0   7.3834178062E-004
     -50.0   8.0160996135E-004
     -40.0   8.5082537478E-004
     -30.0   8.6243994012E-004
     -20.0   8.1532696926E-004
     -10.0   7.1983661455E-004
       0.0   6.3610861476E-004
      10.0   5.8842328053E-004
      20.0   5.9612947633E-004
      30.0   6.6824677623E-004
      40.0   6.8228635022E-004
      50.0   6.5376636751E-004
      60.0   6.0164826153E-004
      80.0   4.8855492123E-004
     100.0   3.8591125165E-004
     120.0   2.9515394473E-004
     140.0   2.1910444076E-004
     160.0   1.7060690530E-004
     180.0   1.3643531160E-004
     200.0   1.1163436818E-004
     220.0   9.2280525020E-005
     240.0   7.6726515847E-005
     260.0   6.4333079729E-005
     280.0   5.4760331177E-005
     300.0   4.7341256652E-005
     400.0   2.9578519960E-005
     500.0   2.3891043053E-005
    1000.0   1.5480084703E-005
