   -1000.0   4.6184597921E-005
    -500.0   4.6349896634E-005
    -400.0   4.6371290611E-005
    -300.0   4.6392856123E-005
    -280.0   4.6397247336E-005
    -260.0   4.6401846649E-005
    -240.0   4.6545506162E-005
    -220.0   4.6967144402E-005
    -200.0   4.7133071375E-005
    -180.0   4.7427083214E-005
    -160.0   4.9108059157E-005
    -140.0   4.8579480076E-005
    -120.0   4.9039946158E-005
    -100.0   5.7853457700E-005
     -80.0   6.0655507633E-005
     -60.0   6.6006042976E-005
     -50.0   6.9730741009E-005
     -40.0   7.6736076134E-005
     -30.0   8.7246065963E-005
     -20.0   8.9798314599E-005
     -10.0   9.8648283096E-005
       0.0   1.4563414310E-004
      10.0   1.0547108442E-004
      20.0   7.5727196893E-005
      30.0   6.5876799177E-005
      40.0   6.2247992828E-005
      50.0   5.8298885352E-005
      60.0   5.6650059079E-005
      80.0   5.5472080043E-005
     100.0   5.4340409591E-005
     120.0   4.9156857020E-005
     140.0   4.8101393640E-005
     160.0   4.8369489632E-005
     180.0   4.7225965506E-005
     200.0   4.7459408695E-005
     220.0   4.7195848055E-005
     240.0   4.6592813003E-005
     260.0   4.6425095463E-005
     280.0   4.6634193329E-005
     300.0   4.6587158311E-005
     400.0   4.6542240106E-005
     500.0   4.6563462810E-005
    1000.0   4.6669919751E-005
