   -1000.0   1.3868307139E-005
    -500.0   1.4016867568E-005
    -400.0   1.4101289296E-005
    -300.0   1.4280774651E-005
    -280.0   1.4343106445E-005
    -260.0   1.4422172158E-005
    -240.0   1.4525097848E-005
    -220.0   1.4663476849E-005
    -200.0   1.4857486573E-005
    -180.0   1.5145874163E-005
    -160.0   1.5619347149E-005
    -140.0   1.6589007309E-005
    -120.0   1.8999526199E-005
    -100.0   2.6122126643E-005
     -80.0   5.6903803725E-005
     -60.0   8.5088176521E-005
     -50.0   8.6255980174E-005
     -40.0   8.6794197876E-005
     -30.0   8.9555620290E-005
     -20.0   9.4778592414E-005
     -10.0   9.7575270053E-005
       0.0   9.6226238792E-005
      10.0   9.3565031279E-005
      20.0   8.4109213463E-005
      30.0   7.8261579453E-005
      40.0   7.0575386414E-005
      50.0   6.5493877894E-005
      60.0   6.0097159030E-005
      80.0   4.2939902746E-005
     100.0   2.4955726230E-005
     120.0   1.9514284993E-005
     140.0   1.6979872736E-005
     160.0   1.5477525775E-005
     180.0   1.4748396740E-005
     200.0   1.4496187030E-005
     220.0   1.4336395593E-005
     240.0   1.4085664705E-005
     260.0   1.3717016667E-005
     280.0   1.3400911345E-005
     300.0   1.3004066402E-005
     400.0   1.4001104798E-005
     500.0   1.4094841059E-005
    1000.0   1.4087667763E-005
