   -1000.0   5.5954329667E-005
    -500.0   5.5985852604E-005
    -400.0   5.5992107028E-005
    -300.0   5.5998339260E-005
    -280.0   5.5999581769E-005
    -260.0   5.6000822446E-005
    -240.0   5.6002060927E-005
    -220.0   5.6003296724E-005
    -200.0   5.6004529173E-005
    -180.0   5.6005757358E-005
    -160.0   5.6006980008E-005
    -140.0   5.6008195400E-005
    -120.0   5.6009401659E-005
    -100.0   5.6010602361E-005
     -80.0   5.6030334009E-005
     -60.0   5.6051573425E-005
     -50.0   5.6065652788E-005
     -40.0   5.6077521210E-005
     -30.0   5.6066923005E-005
     -20.0   5.6056881198E-005
     -10.0   5.6031338384E-005
       0.0   5.5719821270E-005
      10.0   5.5272159947E-005
      20.0   5.4643988092E-005
      30.0   5.3905381515E-005
      40.0   5.1752186272E-005
      50.0   5.0465525422E-005
      60.0   4.9336031287E-005
      80.0   5.0166067308E-005
     100.0   5.1405903800E-005
     120.0   5.2317289110E-005
     140.0   5.2897114165E-005
     160.0   5.3282483029E-005
     180.0   5.2518363036E-005
     200.0   5.3656710100E-005
     220.0   5.6027394013E-005
     240.0   5.6030623393E-005
     260.0   5.6032434078E-005
     280.0   5.6033940051E-005
     300.0   5.6035330828E-005
     400.0   5.6041793453E-005
     500.0   5.6048048076E-005
    1000.0   5.6078867935E-005
