   -1000.0   4.2596502035E-005
    -500.0   4.2648791823E-005
    -400.0   4.2658587822E-005
    -300.0   4.2668750650E-005
    -280.0   4.2670881634E-005
    -260.0   4.2673072326E-005
    -240.0   4.2675345308E-005
    -220.0   4.2677735153E-005
    -200.0   4.2680297116E-005
    -180.0   4.2683126282E-005
    -160.0   4.2686649692E-005
    -140.0   4.2691264475E-005
    -120.0   4.2697166214E-005
    -100.0   4.2707185301E-005
     -80.0   4.2778120560E-005
     -60.0   4.5306713698E-005
     -50.0   4.8210191771E-005
     -40.0   5.1589713632E-005
     -30.0   5.5462391588E-005
     -20.0   5.6385464272E-005
     -10.0   5.5215896445E-005
       0.0   5.3021621219E-005
      10.0   5.3885174782E-005
      20.0   5.5121862951E-005
      30.0   5.5018205396E-005
      40.0   5.3007879046E-005
      50.0   4.9388670555E-005
      60.0   4.5492262447E-005
      80.0   4.2796550562E-005
     100.0   4.2725567710E-005
     120.0   4.2719097493E-005
     140.0   4.2634481683E-005
     160.0   4.2136214808E-005
     180.0   4.2036876091E-005
     200.0   4.2253141289E-005
     220.0   4.2373137486E-005
     240.0   4.2487365899E-005
     260.0   4.2563199242E-005
     280.0   4.2615960881E-005
     300.0   4.2650954287E-005
     400.0   4.2734148315E-005
     500.0   4.2743280102E-005
    1000.0   4.2789835891E-005
