   -1000.0   1.8811391799E-004
    -500.0   2.4490921936E-004
    -400.0   2.8772096629E-004
    -300.0   3.8220101149E-004
    -280.0   4.1503275101E-004
    -260.0   4.5635029202E-004
    -240.0   5.0982581725E-004
    -220.0   5.8003040562E-004
    -200.0   6.7759556631E-004
    -180.0   8.2088430553E-004
    -160.0   1.0468891820E-003
    -140.0   1.3654413452E-003
    -120.0   1.8691179366E-003
    -100.0   2.4655078957E-003
     -80.0   3.5717544134E-003
     -60.0   5.8030182368E-003
     -50.0   6.3994387688E-003
     -40.0   7.4710479422E-003
     -30.0   7.3659076777E-003
     -20.0   7.5873893548E-003
     -10.0   7.1824867741E-003
       0.0   6.9492906579E-003
      10.0   6.8208848423E-003
      20.0   6.8103179836E-003
      30.0   6.8115223705E-003
      40.0   6.6582546252E-003
      50.0   6.1514212326E-003
      60.0   5.3368369791E-003
      80.0   3.4845527491E-003
     100.0   2.3047494685E-003
     120.0   1.6779921246E-003
     140.0   1.2964975408E-003
     160.0   1.0320303080E-003
     180.0   8.5870292211E-004
     200.0   7.2435922143E-004
     220.0   6.2324151791E-004
     240.0   5.4472059001E-004
     260.0   4.8538702440E-004
     280.0   4.3816833717E-004
     300.0   3.9939403291E-004
     400.0   2.9183450204E-004
     500.0   2.4726369347E-004
    1000.0   1.9241871032E-004
