   -1000.0   5.5965102710E-005
    -500.0   5.5996515835E-005
    -400.0   5.6002764329E-005
    -300.0   5.6009003020E-005
    -280.0   5.6010249580E-005
    -260.0   5.6011495747E-005
    -240.0   5.6012741522E-005
    -220.0   5.6013986903E-005
    -200.0   5.6015231892E-005
    -180.0   5.6016476487E-005
    -160.0   5.6017720688E-005
    -140.0   5.6018964497E-005
    -120.0   5.6020207911E-005
    -100.0   5.6021451032E-005
     -80.0   5.6022697591E-005
     -60.0   5.6023943766E-005
     -50.0   5.6024566730E-005
     -40.0   5.6029293909E-005
     -30.0   5.6025808264E-005
     -20.0   5.6027634034E-005
     -10.0   5.6042564649E-005
       0.0   5.6027664542E-005
      10.0   5.6041258049E-005
      20.0   5.6030103141E-005
      30.0   5.6029507870E-005
      40.0   5.6030114245E-005
      50.0   5.6030722672E-005
      60.0   5.6031333905E-005
      80.0   5.6032572798E-005
     100.0   5.6033816811E-005
     120.0   5.6035061519E-005
     140.0   5.6036302774E-005
     160.0   5.6037542553E-005
     180.0   5.6038771398E-005
     200.0   5.6040026640E-005
     220.0   5.6041284901E-005
     240.0   5.6042521782E-005
     260.0   5.6043757701E-005
     280.0   5.6044993221E-005
     300.0   5.6046228345E-005
     400.0   5.6052398017E-005
     500.0   5.6058557771E-005
    1000.0   5.6089207310E-005
