   -1000.0   1.0015064587E-005
    -500.0   1.0077714142E-005
    -400.0   1.0093750521E-005
    -300.0   1.0119162209E-005
    -280.0   1.0153846004E-005
    -260.0   1.0229701387E-005
    -240.0   1.0261780962E-005
    -220.0   1.0300173242E-005
    -200.0   1.0351196779E-005
    -180.0   1.0863640626E-005
    -160.0   1.1947199774E-005
    -140.0   1.3067234111E-005
    -120.0   1.3844473500E-005
    -100.0   1.4539727867E-005
     -80.0   1.5761812202E-005
     -60.0   1.7652947229E-005
     -50.0   1.8646456792E-005
     -40.0   1.9438375592E-005
     -30.0   1.9264714549E-005
     -20.0   1.4406635760E-005
     -10.0   1.2063200191E-005
       0.0   1.0887950123E-005
      10.0   1.0084054694E-005
      20.0   9.4871903894E-006
      30.0   7.5265251990E-006
      40.0   7.7577136844E-006
      50.0   8.2799721186E-006
      60.0   8.6898124297E-006
      80.0   8.8875634196E-006
     100.0   9.8245748458E-006
     120.0   1.1187980548E-005
     140.0   1.0922635613E-005
     160.0   1.0758424653E-005
     180.0   1.0801604160E-005
     200.0   1.0854390234E-005
     220.0   1.0697609263E-005
     240.0   1.0506481966E-005
     260.0   1.0162862410E-005
     280.0   1.0057414778E-005
     300.0   1.0055244697E-005
     400.0   1.0184946552E-005
     500.0   1.0192698424E-005
    1000.0   1.0246624049E-005
