   -1000.0   1.5738655103E-005
    -500.0   1.6209806606E-005
    -400.0   1.6535981954E-005
    -300.0   1.7276979877E-005
    -280.0   1.7545471794E-005
    -260.0   1.7895210893E-005
    -240.0   1.8369707843E-005
    -220.0   1.9057454087E-005
    -200.0   2.0275142511E-005
    -180.0   2.4209322760E-005
    -160.0   3.0075405303E-005
    -140.0   3.8427385407E-005
    -120.0   4.8676502428E-005
    -100.0   6.2816836067E-005
     -80.0   9.6304320232E-005
     -60.0   2.4258956649E-004
     -50.0   3.4470868926E-004
     -40.0   4.0021074194E-004
     -30.0   4.1553577331E-004
     -20.0   4.1089175580E-004
     -10.0   3.8549060372E-004
       0.0   3.3981587601E-004
      10.0   2.4765201414E-004
      20.0   2.6616671660E-004
      30.0   2.7072485247E-004
      40.0   2.6644222756E-004
      50.0   2.4668767814E-004
      60.0   1.8514943396E-004
      80.0   8.9900427712E-005
     100.0   6.1057815166E-005
     120.0   4.7764132133E-005
     140.0   3.8497207093E-005
     160.0   3.1446747642E-005
     180.0   2.6669062155E-005
     200.0   2.3157855205E-005
     220.0   2.1313803969E-005
     240.0   2.0000402956E-005
     260.0   1.9041945214E-005
     280.0   1.8358897914E-005
     300.0   1.7840561918E-005
     400.0   1.6661642192E-005
     500.0   1.6347054383E-005
    1000.0   1.6019029543E-005
