   -1000.0   1.5362751444E-005
    -500.0   1.5323124291E-005
    -400.0   1.5315194075E-005
    -300.0   1.5307264578E-005
    -280.0   1.5305678799E-005
    -260.0   1.5304094373E-005
    -240.0   1.5302631796E-005
    -220.0   1.5301727660E-005
    -200.0   1.5301039751E-005
    -180.0   1.5300444352E-005
    -160.0   1.5299666493E-005
    -140.0   1.5298937589E-005
    -120.0   1.5298079457E-005
    -100.0   1.5297167322E-005
     -80.0   1.5296299207E-005
     -60.0   1.5295304219E-005
     -50.0   1.5294686546E-005
     -40.0   1.5293924603E-005
     -30.0   1.5293102411E-005
     -20.0   1.5292334168E-005
     -10.0   1.5291152736E-005
       0.0   1.5289885538E-005
      10.0   1.5289013942E-005
      20.0   1.5288054242E-005
      30.0   1.5286626166E-005
      40.0   1.5285214635E-005
      50.0   1.5283854363E-005
      60.0   1.5282529441E-005
      80.0   1.5279761765E-005
     100.0   1.5277294779E-005
     120.0   1.5274570976E-005
     140.0   1.5271707646E-005
     160.0   1.5269052138E-005
     180.0   1.5266740239E-005
     200.0   1.5264984838E-005
     220.0   1.5264059268E-005
     240.0   1.5263128717E-005
     260.0   1.5261984854E-005
     280.0   1.5260698163E-005
     300.0   1.5259355475E-005
     400.0   1.5251775066E-005
     500.0   1.5243850608E-005
    1000.0   1.5204237980E-005
