   -1000.0   3.7542465024E-005
    -500.0   3.7605818144E-005
    -400.0   3.7618456107E-005
    -300.0   3.7631070620E-005
    -280.0   3.7633588563E-005
    -260.0   3.7636109651E-005
    -240.0   3.7638677627E-005
    -220.0   3.7641192192E-005
    -200.0   3.7643687291E-005
    -180.0   3.7646183974E-005
    -160.0   3.7650445428E-005
    -140.0   3.7652519729E-005
    -120.0   3.7654209289E-005
    -100.0   3.7657333633E-005
     -80.0   3.7659953720E-005
     -60.0   3.7663127637E-005
     -50.0   3.7662440972E-005
     -40.0   3.7662961104E-005
     -30.0   3.7663540578E-005
     -20.0   3.7662883938E-005
     -10.0   3.7654814789E-005
       0.0   3.5096151655E-005
      10.0   3.1146092741E-005
      20.0   3.2142977891E-005
      30.0   3.1531285854E-005
      40.0   3.1211774820E-005
      50.0   2.7910814075E-005
      60.0   3.0082762911E-005
      80.0   3.7087895108E-005
     100.0   3.7634648563E-005
     120.0   3.7621625157E-005
     140.0   3.7625120038E-005
     160.0   3.7636437589E-005
     180.0   3.7676719813E-005
     200.0   3.7732682508E-005
     220.0   3.7661004257E-005
     240.0   3.7605048860E-005
     260.0   3.7582517334E-005
     280.0   3.7417006712E-005
     300.0   3.7673638616E-005
     400.0   3.7719451807E-005
     500.0   3.7732102139E-005
    1000.0   3.7795080889E-005
