   -1000.0   4.1140793887E-005
    -500.0   4.1092362537E-005
    -400.0   4.1082605752E-005
    -300.0   4.1072841296E-005
    -280.0   4.1070887487E-005
    -260.0   4.1068933375E-005
    -240.0   4.1066978960E-005
    -220.0   4.1065024247E-005
    -200.0   4.1063069300E-005
    -180.0   4.1061117595E-005
    -160.0   4.1059177917E-005
    -140.0   4.1057250781E-005
    -120.0   4.1055483054E-005
    -100.0   4.1054593435E-005
     -80.0   4.1053145258E-005
     -60.0   4.1052638417E-005
     -50.0   4.1050444894E-005
     -40.0   4.1049551002E-005
     -30.0   4.1048667160E-005
     -20.0   4.1047820006E-005
     -10.0   4.1046982612E-005
       0.0   4.1046051026E-005
      10.0   4.1044946699E-005
      20.0   4.1043657706E-005
      30.0   4.1042276091E-005
      40.0   4.1040640344E-005
      50.0   4.1038151045E-005
      60.0   4.1036282531E-005
      80.0   4.1030901312E-005
     100.0   4.1029953357E-005
     120.0   4.1029392443E-005
     140.0   4.1028573065E-005
     160.0   4.1027272572E-005
     180.0   4.1025618855E-005
     200.0   4.1011548665E-005
     220.0   4.1021896272E-005
     240.0   4.1019957031E-005
     260.0   4.1018002992E-005
     280.0   4.1016039007E-005
     300.0   4.1014071547E-005
     400.0   4.1004274383E-005
     500.0   4.0994448471E-005
    1000.0   4.0945203504E-005
