   -1000.0   6.8694237159E-005
    -500.0   9.7957067175E-005
    -400.0   1.2098620397E-004
    -300.0   1.7533308478E-004
    -280.0   1.9565921494E-004
    -260.0   2.2162719731E-004
    -240.0   2.5625086290E-004
    -220.0   3.0253542237E-004
    -200.0   3.6956923985E-004
    -180.0   4.7247657082E-004
    -160.0   6.3053533735E-004
    -140.0   9.0859367881E-004
    -120.0   1.3805164945E-003
    -100.0   1.8953367156E-003
     -80.0   2.4168581746E-003
     -60.0   3.0543920017E-003
     -50.0   3.4688395464E-003
     -40.0   3.9354830402E-003
     -30.0   4.3725110016E-003
     -20.0   4.6222896449E-003
     -10.0   4.5576975005E-003
       0.0   4.1097069515E-003
      10.0   3.8114033822E-003
      20.0   3.5743455259E-003
      30.0   3.2569954850E-003
      40.0   2.8930477005E-003
      50.0   2.5942968671E-003
      60.0   2.3040632434E-003
      80.0   1.7903391987E-003
     100.0   1.3605009806E-003
     120.0   1.0270921831E-003
     140.0   7.2283536471E-004
     160.0   5.3921309292E-004
     180.0   4.2225270846E-004
     200.0   3.3848754193E-004
     220.0   2.8201819738E-004
     240.0   2.4183165120E-004
     260.0   2.1263625497E-004
     280.0   1.9021180248E-004
     300.0   1.7257012899E-004
     400.0   1.1915935214E-004
     500.0   9.6959048781E-005
    1000.0   7.0065864432E-005
