   -1000.0   4.0845765617E-005
    -500.0   4.0901547203E-005
    -400.0   4.0912673099E-005
    -300.0   4.0923784520E-005
    -280.0   4.0926004524E-005
    -260.0   4.0928223599E-005
    -240.0   4.0930441661E-005
    -220.0   4.0932658627E-005
    -200.0   4.0934874450E-005
    -180.0   4.0937089269E-005
    -160.0   4.0939452382E-005
    -140.0   4.0942041684E-005
    -120.0   4.0944394395E-005
    -100.0   4.0947122556E-005
     -80.0   4.0949808167E-005
     -60.0   4.0953199055E-005
     -50.0   4.0968049667E-005
     -40.0   4.0981935705E-005
     -30.0   4.0997097342E-005
     -20.0   4.0995104736E-005
     -10.0   4.1083155967E-005
       0.0   4.1166918286E-005
      10.0   4.0985815100E-005
      20.0   4.0989451718E-005
      30.0   4.0989491504E-005
      40.0   4.0981699862E-005
      50.0   4.0974392164E-005
      60.0   4.0967188664E-005
      80.0   4.0967172277E-005
     100.0   4.0967598296E-005
     120.0   4.0967003083E-005
     140.0   4.0800386144E-005
     160.0   3.8240961615E-005
     180.0   3.7810232687E-005
     200.0   3.8914250863E-005
     220.0   3.9249257908E-005
     240.0   3.9630940274E-005
     260.0   3.9879702595E-005
     280.0   4.0125210610E-005
     300.0   4.0328052054E-005
     400.0   4.1000555887E-005
     500.0   4.1012384335E-005
    1000.0   4.1067973245E-005
