   -1000.0   4.3571824061E-005
    -500.0   4.3620161519E-005
    -400.0   4.3629787605E-005
    -300.0   4.3639406379E-005
    -280.0   4.3641329255E-005
    -260.0   4.3643251837E-005
    -240.0   4.3645174126E-005
    -220.0   4.3647096122E-005
    -200.0   4.3649017830E-005
    -180.0   4.3650939645E-005
    -160.0   4.3652862414E-005
    -140.0   4.3654785656E-005
    -120.0   4.3656719195E-005
    -100.0   4.3658714114E-005
     -80.0   4.3660671646E-005
     -60.0   4.3662737999E-005
     -50.0   4.3663571687E-005
     -40.0   4.3664538035E-005
     -30.0   4.3665505549E-005
     -20.0   4.3666477077E-005
     -10.0   4.3667449443E-005
       0.0   4.3668412162E-005
      10.0   4.3669360088E-005
      20.0   4.3670291345E-005
      30.0   4.3671187175E-005
      40.0   4.3671841692E-005
      50.0   4.3671830553E-005
      60.0   4.3671487712E-005
      80.0   4.3671848712E-005
     100.0   4.3674242703E-005
     120.0   4.3677060424E-005
     140.0   4.3679842252E-005
     160.0   4.3682381390E-005
     180.0   4.3684683847E-005
     200.0   4.3671595665E-005
     220.0   4.3688993436E-005
     240.0   4.3690995518E-005
     260.0   4.3692939284E-005
     280.0   4.3694789690E-005
     300.0   4.3696592224E-005
     400.0   4.3706531326E-005
     500.0   4.3716091444E-005
    1000.0   4.3763778332E-005
