   -1000.0   3.2431801298E-005
    -500.0   3.2395963172E-005
    -400.0   3.2391395092E-005
    -300.0   3.2397927093E-005
    -280.0   3.2403248226E-005
    -260.0   3.2412009728E-005
    -240.0   3.2427336152E-005
    -220.0   3.2458658711E-005
    -200.0   3.2649552350E-005
    -180.0   3.4237854739E-005
    -160.0   3.5962191844E-005
    -140.0   3.7013848357E-005
    -120.0   3.7628483534E-005
    -100.0   3.8635694219E-005
     -80.0   4.0181161965E-005
     -60.0   4.2475327125E-005
     -50.0   4.3867036402E-005
     -40.0   4.5566134754E-005
     -30.0   4.9348156387E-005
     -20.0   5.2976370759E-005
     -10.0   5.2730569571E-005
       0.0   5.0232067640E-005
      10.0   4.5436454601E-005
      20.0   4.0109150177E-005
      30.0   3.6670295697E-005
      40.0   3.3926127931E-005
      50.0   3.2629610763E-005
      60.0   3.2021406617E-005
      80.0   3.1451452971E-005
     100.0   3.1067432536E-005
     120.0   3.0929259072E-005
     140.0   3.0760224274E-005
     160.0   3.0620301821E-005
     180.0   3.0334049428E-005
     200.0   3.0149982894E-005
     220.0   3.0195901225E-005
     240.0   3.0074388339E-005
     260.0   3.0108499271E-005
     280.0   3.0436872286E-005
     300.0   3.0747877636E-005
     400.0   3.2252918816E-005
     500.0   3.2273911703E-005
    1000.0   3.2226545737E-005
