   -1000.0   3.7736685600E-005
    -500.0   3.7788634534E-005
    -400.0   3.7798521427E-005
    -300.0   3.7808546089E-005
    -280.0   3.7810607622E-005
    -260.0   3.7812720170E-005
    -240.0   3.7814941827E-005
    -220.0   3.7817325243E-005
    -200.0   3.7820718144E-005
    -180.0   3.7892670671E-005
    -160.0   3.8163963156E-005
    -140.0   3.8419863933E-005
    -120.0   3.8669462839E-005
    -100.0   3.8855642657E-005
     -80.0   3.8984894812E-005
     -60.0   3.8930748022E-005
     -50.0   3.8790628666E-005
     -40.0   3.8731521565E-005
     -30.0   3.8634537081E-005
     -20.0   3.8567651481E-005
     -10.0   3.8499215298E-005
       0.0   3.8415321136E-005
      10.0   3.8189043823E-005
      20.0   3.7940136812E-005
      30.0   3.7252243298E-005
      40.0   3.5722625468E-005
      50.0   3.4364786895E-005
      60.0   3.4230484762E-005
      80.0   3.4194714180E-005
     100.0   3.2645957167E-005
     120.0   3.2974524397E-005
     140.0   3.4951187214E-005
     160.0   3.6257339191E-005
     180.0   3.6741808628E-005
     200.0   3.7379498669E-005
     220.0   3.7581041111E-005
     240.0   3.7611892083E-005
     260.0   3.7671019320E-005
     280.0   3.7753740845E-005
     300.0   3.7813967333E-005
     400.0   3.7876386447E-005
     500.0   3.7886402350E-005
    1000.0   3.7935343186E-005
