   -1000.0   7.4870258714E-006
    -500.0   7.5283231757E-006
    -400.0   7.5375058122E-006
    -300.0   7.5484698314E-006
    -280.0   7.5511614843E-006
    -260.0   7.5541747386E-006
    -240.0   7.5576582335E-006
    -220.0   7.5618789159E-006
    -200.0   7.5674350110E-006
    -180.0   7.5818769325E-006
    -160.0   7.6533557530E-006
    -140.0   7.8490497588E-006
    -120.0   8.2487544589E-006
    -100.0   8.8622861271E-006
     -80.0   9.8201761260E-006
     -60.0   1.9400133292E-005
     -50.0   2.3607549512E-005
     -40.0   2.6469529689E-005
     -30.0   2.4623407124E-005
     -20.0   2.9167384704E-005
     -10.0   2.9761112270E-005
       0.0   2.6909337888E-005
      10.0   2.9230268886E-005
      20.0   2.5048506605E-005
      30.0   2.2627706894E-005
      40.0   2.0766285644E-005
      50.0   1.8597827708E-005
      60.0   1.6821878820E-005
      80.0   9.7442822375E-006
     100.0   8.8275029108E-006
     120.0   8.2639804055E-006
     140.0   7.8652804680E-006
     160.0   7.6738459452E-006
     180.0   7.5367530097E-006
     200.0   7.4309296934E-006
     220.0   7.4323779442E-006
     240.0   7.4461547347E-006
     260.0   7.4688375737E-006
     280.0   7.4992195552E-006
     300.0   7.5173236325E-006
     400.0   7.5548159891E-006
     500.0   7.6050447446E-006
    1000.0   7.6448022495E-006
