   -1000.0   3.7879149752E-005
    -500.0   3.7960531646E-005
    -400.0   3.7978855264E-005
    -300.0   3.8007705451E-005
    -280.0   3.8017527053E-005
    -260.0   3.8032119736E-005
    -240.0   3.8109490533E-005
    -220.0   3.8350693886E-005
    -200.0   3.8731860413E-005
    -180.0   3.9683828787E-005
    -160.0   4.0402493375E-005
    -140.0   4.1580144422E-005
    -120.0   5.4499981243E-005
    -100.0   6.2375982375E-005
     -80.0   7.1486960444E-005
     -60.0   8.4928207405E-005
     -50.0   9.1851834593E-005
     -40.0   1.0151044509E-004
     -30.0   1.0694156188E-004
     -20.0   1.0120748021E-004
     -10.0   1.0958310874E-004
       0.0   1.0905506606E-004
      10.0   9.8503705631E-005
      20.0   8.0777801777E-005
      30.0   6.5833247349E-005
      40.0   6.0808519317E-005
      50.0   5.5126314080E-005
      60.0   5.3081746758E-005
      80.0   4.9176444767E-005
     100.0   4.7769451752E-005
     120.0   4.5274969597E-005
     140.0   3.8618875521E-005
     160.0   3.5324010939E-005
     180.0   3.4255920954E-005
     200.0   3.5023456336E-005
     220.0   3.5933006970E-005
     240.0   3.6100331870E-005
     260.0   3.6152745860E-005
     280.0   3.6624149479E-005
     300.0   3.7547597621E-005
     400.0   3.8060099066E-005
     500.0   3.8076461351E-005
    1000.0   3.8132545111E-005
