   -1000.0   4.2974354000E-005
    -500.0   4.3029908350E-005
    -400.0   4.3040959913E-005
    -300.0   4.3052004355E-005
    -280.0   4.3054212368E-005
    -260.0   4.3056420087E-005
    -240.0   4.3058627519E-005
    -220.0   4.3060834694E-005
    -200.0   4.3063099552E-005
    -180.0   4.3065386542E-005
    -160.0   4.3067670655E-005
    -140.0   4.3069984191E-005
    -120.0   4.3072280337E-005
    -100.0   4.3074567897E-005
     -80.0   4.3078682985E-005
     -60.0   4.3085393367E-005
     -50.0   4.3086582295E-005
     -40.0   4.3090311056E-005
     -30.0   4.3095914538E-005
     -20.0   4.3109711233E-005
     -10.0   4.4101909926E-005
       0.0   4.4561478136E-005
      10.0   4.3100200705E-005
      20.0   4.3091372372E-005
      30.0   4.3091136064E-005
      40.0   4.3091471640E-005
      50.0   4.3092254247E-005
      60.0   4.3090214940E-005
      80.0   4.2239182612E-005
     100.0   4.2201458449E-005
     120.0   4.1964050586E-005
     140.0   4.1863893598E-005
     160.0   4.1840812953E-005
     180.0   4.1883131479E-005
     200.0   4.1905695660E-005
     220.0   4.1385723753E-005
     240.0   4.1144311130E-005
     260.0   4.1000779476E-005
     280.0   4.0915247634E-005
     300.0   4.0970101523E-005
     400.0   4.3128342508E-005
     500.0   4.3140091948E-005
    1000.0   4.3194995904E-005
