   -1000.0   4.6544964176E-005
    -500.0   4.6598334851E-005
    -400.0   4.6612679094E-005
    -300.0   4.6633117632E-005
    -280.0   4.6638806795E-005
    -260.0   4.6645449894E-005
    -240.0   4.6653390501E-005
    -220.0   4.6663142541E-005
    -200.0   4.6675507759E-005
    -180.0   4.6691860023E-005
    -160.0   4.6720205041E-005
    -140.0   4.6768138227E-005
    -120.0   4.6829269953E-005
    -100.0   4.6935454076E-005
     -80.0   4.7142910630E-005
     -60.0   4.7449163271E-005
     -50.0   4.7732028797E-005
     -40.0   4.8263384186E-005
     -30.0   4.9247383169E-005
     -20.0   4.9735294575E-005
     -10.0   6.0899657947E-005
       0.0   1.0080536982E-004
      10.0   5.9232502255E-005
      20.0   5.0883104691E-005
      30.0   4.8897268277E-005
      40.0   4.8037206336E-005
      50.0   4.7600698431E-005
      60.0   4.7328627609E-005
      80.0   4.6974666560E-005
     100.0   4.5687290185E-005
     120.0   4.3426035215E-005
     140.0   4.2758254086E-005
     160.0   4.2156900695E-005
     180.0   4.2225565538E-005
     200.0   4.3247961977E-005
     220.0   4.4147857483E-005
     240.0   4.4606615600E-005
     260.0   4.4844452636E-005
     280.0   4.5002609655E-005
     300.0   4.4837492378E-005
     400.0   4.6599437314E-005
     500.0   4.6679947284E-005
    1000.0   4.6730802967E-005
