   -1000.0   4.2914082516E-005
    -500.0   4.2850341868E-005
    -400.0   4.2837204431E-005
    -300.0   4.2824069910E-005
    -280.0   4.2821471827E-005
    -260.0   4.2819251632E-005
    -240.0   4.2837770637E-005
    -220.0   4.2916071429E-005
    -200.0   4.2944118171E-005
    -180.0   4.2943342098E-005
    -160.0   4.2963927631E-005
    -140.0   4.2969630739E-005
    -120.0   4.3011669403E-005
    -100.0   4.3054670448E-005
     -80.0   4.3112368159E-005
     -60.0   4.3146413460E-005
     -50.0   4.3152351523E-005
     -40.0   4.3164555815E-005
     -30.0   4.3170807008E-005
     -20.0   4.3185527069E-005
     -10.0   4.3185485616E-005
       0.0   4.2585414781E-005
      10.0   4.1469665364E-005
      20.0   4.0228309741E-005
      30.0   3.9783529042E-005
      40.0   3.9857189514E-005
      50.0   4.0093934225E-005
      60.0   4.0300037630E-005
      80.0   4.0529664384E-005
     100.0   4.0647910188E-005
     120.0   4.0298837685E-005
     140.0   3.9603613138E-005
     160.0   3.9034002573E-005
     180.0   3.8500664514E-005
     200.0   3.8255149814E-005
     220.0   3.8725521112E-005
     240.0   3.9515128417E-005
     260.0   4.0063642584E-005
     280.0   4.0657646105E-005
     300.0   4.1243803313E-005
     400.0   4.2729988659E-005
     500.0   4.2718429566E-005
    1000.0   4.2653369709E-005
