   -1000.0   4.7190009427E-005
    -500.0   4.7198936102E-005
    -400.0   4.7200536950E-005
    -300.0   4.7202122528E-005
    -280.0   4.7202437892E-005
    -260.0   4.7202752867E-005
    -240.0   4.7203067758E-005
    -220.0   4.7203383257E-005
    -200.0   4.7203701725E-005
    -180.0   4.7204540621E-005
    -160.0   4.7214773538E-005
    -140.0   4.7238353976E-005
    -120.0   4.7269326326E-005
    -100.0   4.7328081318E-005
     -80.0   4.7866278511E-005
     -60.0   4.8482895869E-005
     -50.0   4.8512526779E-005
     -40.0   4.8467634985E-005
     -30.0   4.8539017316E-005
     -20.0   4.9035388235E-005
     -10.0   4.9014335728E-005
       0.0   4.8371545273E-005
      10.0   4.8081543003E-005
      20.0   4.8089940862E-005
      30.0   4.8226968955E-005
      40.0   4.8324837427E-005
      50.0   4.8499982599E-005
      60.0   4.8631639817E-005
      80.0   4.8516387569E-005
     100.0   4.6506468973E-005
     120.0   4.3070374692E-005
     140.0   4.1280299016E-005
     160.0   4.0199007655E-005
     180.0   4.0650377643E-005
     200.0   4.2357016415E-005
     220.0   4.3708379168E-005
     240.0   4.4700038127E-005
     260.0   4.5463400581E-005
     280.0   4.5990328005E-005
     300.0   4.6400186592E-005
     400.0   4.7212544135E-005
     500.0   4.7214385038E-005
    1000.0   4.7221876383E-005
