   -1000.0   3.3597677870E-005
    -500.0   3.4175979174E-005
    -400.0   3.4584952728E-005
    -300.0   3.5505505341E-005
    -280.0   3.5833547199E-005
    -260.0   3.6254452674E-005
    -240.0   3.6810561538E-005
    -220.0   3.7575330090E-005
    -200.0   3.8692829638E-005
    -180.0   4.0705604865E-005
    -160.0   4.6945786556E-005
    -140.0   5.5387575438E-005
    -120.0   6.7859814434E-005
    -100.0   8.9091072445E-005
     -80.0   1.5814243665E-004
     -60.0   2.4505859124E-004
     -50.0   2.6411209011E-004
     -40.0   2.6810429728E-004
     -30.0   2.6359909460E-004
     -20.0   2.5694364841E-004
     -10.0   2.2856680355E-004
       0.0   2.0117973142E-004
      10.0   1.7635319296E-004
      20.0   1.9290561180E-004
      30.0   2.0303543288E-004
      40.0   2.0821212178E-004
      50.0   2.0589547559E-004
      60.0   2.0041367009E-004
      80.0   1.3942295201E-004
     100.0   8.4157392589E-005
     120.0   6.4591700776E-005
     140.0   5.2395465389E-005
     160.0   4.4069668270E-005
     180.0   3.7356268818E-005
     200.0   3.5668067311E-005
     220.0   3.4983885874E-005
     240.0   3.4665693622E-005
     260.0   3.4442835967E-005
     280.0   3.3926225898E-005
     300.0   3.3805146566E-005
     400.0   3.4581238898E-005
     500.0   3.4286028603E-005
    1000.0   3.3898649914E-005
