   -1000.0   3.3881371908E-005
    -500.0   3.3944742546E-005
    -400.0   3.3957387205E-005
    -300.0   3.3970026698E-005
    -280.0   3.3972554738E-005
    -260.0   3.3975083484E-005
    -240.0   3.3977612337E-005
    -220.0   3.3980141882E-005
    -200.0   3.3982665784E-005
    -180.0   3.3985191843E-005
    -160.0   3.3987736920E-005
    -140.0   3.3990280283E-005
    -120.0   3.3992831085E-005
    -100.0   3.3995379814E-005
     -80.0   3.3997923491E-005
     -60.0   3.4000460970E-005
     -50.0   3.4001725109E-005
     -40.0   3.4002987059E-005
     -30.0   3.4004246826E-005
     -20.0   3.4005503531E-005
     -10.0   3.4006685469E-005
       0.0   3.4007341240E-005
      10.0   3.4006819257E-005
      20.0   3.4005112089E-005
      30.0   3.4002880929E-005
      40.0   3.4001104156E-005
      50.0   3.4000470770E-005
      60.0   3.4000657712E-005
      80.0   3.4006518458E-005
     100.0   3.4018903184E-005
     120.0   3.4023056050E-005
     140.0   3.4025587932E-005
     160.0   3.4028108019E-005
     180.0   3.4030637218E-005
     200.0   3.4033154637E-005
     220.0   3.4035676155E-005
     240.0   3.4038194418E-005
     260.0   3.4040675317E-005
     280.0   3.4043028043E-005
     300.0   3.4045729900E-005
     400.0   3.4058357301E-005
     500.0   3.4070954947E-005
    1000.0   3.4133863197E-005
