   -1000.0   5.5241039526E-005
    -500.0   5.5584195909E-005
    -400.0   5.5766303993E-005
    -300.0   5.6173641985E-005
    -280.0   5.6319309706E-005
    -260.0   5.6507088556E-005
    -240.0   5.6757358382E-005
    -220.0   5.7107952369E-005
    -200.0   5.7648998908E-005
    -180.0   5.9871620378E-005
    -160.0   6.9661299152E-005
    -140.0   8.8365223922E-005
    -120.0   1.1749969982E-004
    -100.0   1.5812855270E-004
     -80.0   2.8031287863E-004
     -60.0   6.5748645527E-004
     -50.0   8.9213915578E-004
     -40.0   1.0184416811E-003
     -30.0   1.1385127883E-003
     -20.0   1.4314864329E-003
     -10.0   1.0163290050E-003
       0.0   8.7022646004E-004
      10.0   7.7286733453E-004
      20.0   7.3388294853E-004
      30.0   6.7861542641E-004
      40.0   6.0151733833E-004
      50.0   5.2156935633E-004
      60.0   4.1794607762E-004
      80.0   2.5600144077E-004
     100.0   1.5363648436E-004
     120.0   1.2293076381E-004
     140.0   9.7437091710E-005
     160.0   8.1912584548E-005
     180.0   7.2741455345E-005
     200.0   6.8059018570E-005
     220.0   6.4945586345E-005
     240.0   6.2795183501E-005
     260.0   6.1170203983E-005
     280.0   5.9555096654E-005
     300.0   5.7234940002E-005
     400.0   5.5770371760E-005
     500.0   5.5688759449E-005
    1000.0   5.5541525100E-005
