   -1000.0   4.5978502257E-005
    -500.0   4.6026950522E-005
    -400.0   4.6036583574E-005
    -300.0   4.6046206174E-005
    -280.0   4.6048129140E-005
    -260.0   4.6050051467E-005
    -240.0   4.6051973144E-005
    -220.0   4.6053910078E-005
    -200.0   4.6055852441E-005
    -180.0   4.6057752569E-005
    -160.0   4.6059679214E-005
    -140.0   4.6080687567E-005
    -120.0   4.6104250915E-005
    -100.0   4.6087579607E-005
     -80.0   4.6081873086E-005
     -60.0   4.6074061300E-005
     -50.0   4.6074199515E-005
     -40.0   4.6073566882E-005
     -30.0   4.6074000428E-005
     -20.0   4.6074247434E-005
     -10.0   4.6077165567E-005
       0.0   4.6098683828E-005
      10.0   4.5282266076E-005
      20.0   4.4095049384E-005
      30.0   4.3252092789E-005
      40.0   4.3628888442E-005
      50.0   4.4269895509E-005
      60.0   4.4546244950E-005
      80.0   4.3816390304E-005
     100.0   4.3787885623E-005
     120.0   4.3779255768E-005
     140.0   4.3129121683E-005
     160.0   4.1892694371E-005
     180.0   4.1320936528E-005
     200.0   4.1056787278E-005
     220.0   4.1026404836E-005
     240.0   4.0820846565E-005
     260.0   4.1497805253E-005
     280.0   4.2919064842E-005
     300.0   4.3949939709E-005
     400.0   4.6113200829E-005
     500.0   4.6122938280E-005
    1000.0   4.6170728047E-005
