   -1000.0   7.3878651308E-005
    -500.0   7.4231850641E-005
    -400.0   7.4272229245E-005
    -300.0   7.4317480551E-005
    -280.0   7.4328295513E-005
    -260.0   7.4341043261E-005
    -240.0   7.4446205774E-005
    -220.0   7.4751028618E-005
    -200.0   7.5467733738E-005
    -180.0   7.7261604452E-005
    -160.0   7.8524932762E-005
    -140.0   8.0335460128E-005
    -120.0   1.0552968615E-004
    -100.0   1.1998925379E-004
     -80.0   1.3762352579E-004
     -60.0   1.6370525087E-004
     -50.0   1.7797302331E-004
     -40.0   1.9699323454E-004
     -30.0   2.1115494096E-004
     -20.0   2.2470895192E-004
     -10.0   2.4582361371E-004
       0.0   2.4116460884E-004
      10.0   1.9421782322E-004
      20.0   1.5433973904E-004
      30.0   1.2976740925E-004
      40.0   1.2250243033E-004
      50.0   1.1149981904E-004
      60.0   1.0722649189E-004
      80.0   1.0013051871E-004
     100.0   9.6999205830E-005
     120.0   9.3334971389E-005
     140.0   8.0030087305E-005
     160.0   7.6270784597E-005
     180.0   7.4039618539E-005
     200.0   7.3590589924E-005
     220.0   7.4048117650E-005
     240.0   7.4063757420E-005
     260.0   7.3994456594E-005
     280.0   7.4154005407E-005
     300.0   7.4698636415E-005
     400.0   7.4571386087E-005
     500.0   7.4606796833E-005
    1000.0   7.4790876130E-005
