   -1000.0   4.7110505891E-005
    -500.0   4.8478083864E-005
    -400.0   4.9718696345E-005
    -300.0   5.3558575017E-005
    -280.0   5.5413300814E-005
    -260.0   5.8117135460E-005
    -240.0   6.2923309807E-005
    -220.0   6.8262293167E-005
    -200.0   7.4570590333E-005
    -180.0   8.0948517556E-005
    -160.0   8.7655980313E-005
    -140.0   9.4349186883E-005
    -120.0   1.0215667523E-004
    -100.0   1.1060911166E-004
     -80.0   1.1959568491E-004
     -60.0   1.2806887437E-004
     -50.0   1.3085483658E-004
     -40.0   1.3099005599E-004
     -30.0   1.2101148539E-004
     -20.0   1.1988985122E-004
     -10.0   1.2253208629E-004
       0.0   1.2443295635E-004
      10.0   1.2681977419E-004
      20.0   1.2805638167E-004
      30.0   1.2810076466E-004
      40.0   1.2459225324E-004
      50.0   1.1716893451E-004
      60.0   1.0998617818E-004
      80.0   9.5758984551E-005
     100.0   8.0239049164E-005
     120.0   6.7994287934E-005
     140.0   6.0381574828E-005
     160.0   5.4415573359E-005
     180.0   4.9439851801E-005
     200.0   4.5666541959E-005
     220.0   4.2869108632E-005
     240.0   4.0752563787E-005
     260.0   4.0396131808E-005
     280.0   4.0364012756E-005
     300.0   4.0648344727E-005
     400.0   4.7029909990E-005
     500.0   4.7554422688E-005
    1000.0   4.7283929548E-005
