   -1000.0   3.5500200222E-005
    -500.0   3.5562894293E-005
    -400.0   3.5575407696E-005
    -300.0   3.5587915815E-005
    -280.0   3.5590416809E-005
    -260.0   3.5592917601E-005
    -240.0   3.5595418185E-005
    -220.0   3.5597918556E-005
    -200.0   3.5600418708E-005
    -180.0   3.5602918618E-005
    -160.0   3.5605418562E-005
    -140.0   3.5607918490E-005
    -120.0   3.5610418318E-005
    -100.0   3.5612917957E-005
     -80.0   3.5615417380E-005
     -60.0   3.5617916475E-005
     -50.0   3.5619165912E-005
     -40.0   3.5620415252E-005
     -30.0   3.5621664414E-005
     -20.0   3.5622913430E-005
     -10.0   3.5624162289E-005
       0.0   3.5625410690E-005
      10.0   3.5626658014E-005
      20.0   3.5627904349E-005
      30.0   3.5629150580E-005
      40.0   3.5630397627E-005
      50.0   3.5631645439E-005
      60.0   3.5632893093E-005
      80.0   3.5635393413E-005
     100.0   3.5637895586E-005
     120.0   3.5640392628E-005
     140.0   3.5642888907E-005
     160.0   3.5645385022E-005
     180.0   3.5647880909E-005
     200.0   3.5650376726E-005
     220.0   3.5652872304E-005
     240.0   3.5655367707E-005
     260.0   3.5657862903E-005
     280.0   3.5660357879E-005
     300.0   3.5662852657E-005
     400.0   3.5675323340E-005
     500.0   3.5687788615E-005
    1000.0   3.5750033293E-005
