   -1000.0   4.7979196782E-005
    -500.0   4.8011855529E-005
    -400.0   4.8018212334E-005
    -300.0   4.8024537937E-005
    -280.0   4.8025804836E-005
    -260.0   4.8027312305E-005
    -240.0   4.8049100031E-005
    -220.0   4.8104802911E-005
    -200.0   4.8114911554E-005
    -180.0   4.8136287787E-005
    -160.0   4.8127017774E-005
    -140.0   4.8123994791E-005
    -120.0   4.8123060977E-005
    -100.0   4.8135233620E-005
     -80.0   4.8139571593E-005
     -60.0   4.8134455095E-005
     -50.0   4.8127725087E-005
     -40.0   4.8124452350E-005
     -30.0   4.8126359323E-005
     -20.0   4.8124936666E-005
     -10.0   4.8094429770E-005
       0.0   4.7886756783E-005
      10.0   4.7183057665E-005
      20.0   4.6234410900E-005
      30.0   4.5560691588E-005
      40.0   4.5352329870E-005
      50.0   4.5368636563E-005
      60.0   4.5528264464E-005
      80.0   4.5704326103E-005
     100.0   4.5861378443E-005
     120.0   4.5745151379E-005
     140.0   4.5345415800E-005
     160.0   4.3951310656E-005
     180.0   4.1785316261E-005
     200.0   4.1092284022E-005
     220.0   4.1949279926E-005
     240.0   4.2867447353E-005
     260.0   4.3553279480E-005
     280.0   4.4768159643E-005
     300.0   4.5843438663E-005
     400.0   4.8067176615E-005
     500.0   4.8074801222E-005
    1000.0   4.8106908060E-005
