   -1000.0   5.2017403964E-005
    -500.0   5.2062578089E-005
    -400.0   5.2070272972E-005
    -300.0   5.2078010776E-005
    -280.0   5.2079571817E-005
    -260.0   5.2081141743E-005
    -240.0   5.2082724494E-005
    -220.0   5.2084326444E-005
    -200.0   5.2085958584E-005
    -180.0   5.2087641725E-005
    -160.0   5.2089422008E-005
    -140.0   5.2091451633E-005
    -120.0   5.2468748160E-005
    -100.0   5.3851584575E-005
     -80.0   5.4711023961E-005
     -60.0   6.2510045151E-005
     -50.0   7.0152972828E-005
     -40.0   7.7945354761E-005
     -30.0   8.4733312200E-005
     -20.0   7.0872830974E-005
     -10.0   6.3624745987E-005
       0.0   6.1592321496E-005
      10.0   6.1740131223E-005
      20.0   6.5418571708E-005
      30.0   6.8892489099E-005
      40.0   6.6087601507E-005
      50.0   6.2590413497E-005
      60.0   6.0312767135E-005
      80.0   5.5674800329E-005
     100.0   5.3241008440E-005
     120.0   4.7546703527E-005
     140.0   4.6982417429E-005
     160.0   4.8721010347E-005
     180.0   4.9821295629E-005
     200.0   5.0507020809E-005
     220.0   5.0811648353E-005
     240.0   5.0997647030E-005
     260.0   5.1270107589E-005
     280.0   5.0770770991E-005
     300.0   5.1598155304E-005
     400.0   5.2131047305E-005
     500.0   5.2138690120E-005
    1000.0   5.2176449044E-005
