   -1000.0   3.5841910729E-005
    -500.0   3.5905079083E-005
    -400.0   3.5917284362E-005
    -300.0   3.5929491785E-005
    -280.0   3.5931935632E-005
    -260.0   3.5934382259E-005
    -240.0   3.5936836330E-005
    -220.0   3.5944021600E-005
    -200.0   3.5968301658E-005
    -180.0   3.6009512573E-005
    -160.0   3.6058522470E-005
    -140.0   3.6188045287E-005
    -120.0   3.6529544140E-005
    -100.0   3.6743591211E-005
     -80.0   3.7074268531E-005
     -60.0   3.7406252528E-005
     -50.0   3.7804049770E-005
     -40.0   3.7983701293E-005
     -30.0   3.7754136209E-005
     -20.0   3.7607240817E-005
     -10.0   3.8350323986E-005
       0.0   4.0257366426E-005
      10.0   3.8841778808E-005
      20.0   3.6368582000E-005
      30.0   3.5258532702E-005
      40.0   3.5316200197E-005
      50.0   3.5211755710E-005
      60.0   3.5087282213E-005
      80.0   3.5055549990E-005
     100.0   3.4868608602E-005
     120.0   3.4822871678E-005
     140.0   3.4692487041E-005
     160.0   3.4535567565E-005
     180.0   3.3682342825E-005
     200.0   3.2632772818E-005
     220.0   3.3340708329E-005
     240.0   3.4507380213E-005
     260.0   3.5021402355E-005
     280.0   3.5174461557E-005
     300.0   3.5457109898E-005
     400.0   3.6014570389E-005
     500.0   3.6026832905E-005
    1000.0   3.6087572047E-005
