   -1000.0   3.5378613266E-005
    -500.0   3.5442058115E-005
    -400.0   3.5454707364E-005
    -300.0   3.5467343585E-005
    -280.0   3.5469868821E-005
    -260.0   3.5472393335E-005
    -240.0   3.5474917278E-005
    -220.0   3.5477441780E-005
    -200.0   3.5480526321E-005
    -180.0   3.5483605986E-005
    -160.0   3.5487094645E-005
    -140.0   3.5491170154E-005
    -120.0   3.5496271358E-005
    -100.0   3.5502695637E-005
     -80.0   3.5560595822E-005
     -60.0   3.5591801661E-005
     -50.0   3.5610841477E-005
     -40.0   3.5629017271E-005
     -30.0   3.5651775993E-005
     -20.0   3.5674898356E-005
     -10.0   3.5786246246E-005
       0.0   3.5734903624E-005
      10.0   3.5716033960E-005
      20.0   3.5648597222E-005
      30.0   3.5613374842E-005
      40.0   3.5603731221E-005
      50.0   3.5594286465E-005
      60.0   3.5576258536E-005
      80.0   3.3864411045E-005
     100.0   3.3207042049E-005
     120.0   3.3394492605E-005
     140.0   3.3261837432E-005
     160.0   3.3573005440E-005
     180.0   3.3714973988E-005
     200.0   3.3947670805E-005
     220.0   3.4061460037E-005
     240.0   3.4452433654E-005
     260.0   3.4385946882E-005
     280.0   3.4118601760E-005
     300.0   3.4127345160E-005
     400.0   3.5552244608E-005
     500.0   3.5568101512E-005
    1000.0   3.5631456151E-005
