   -1000.0   5.1376446556E-005
    -500.0   5.1571894206E-005
    -400.0   5.1615295206E-005
    -300.0   5.1692719078E-005
    -280.0   5.1717912335E-005
    -260.0   5.1749445015E-005
    -240.0   5.1790273145E-005
    -220.0   5.1845525442E-005
    -200.0   5.1925118661E-005
    -180.0   5.2052343852E-005
    -160.0   5.2332114945E-005
    -140.0   5.7956398460E-005
    -120.0   9.1942731578E-005
    -100.0   1.4681348729E-004
     -80.0   1.8619125906E-004
     -60.0   2.5011224216E-004
     -50.0   2.8393443018E-004
     -40.0   3.3277228522E-004
     -30.0   3.7668640133E-004
     -20.0   4.7240610265E-004
     -10.0   5.7451289939E-004
       0.0   2.8871789820E-004
      10.0   3.8309154468E-004
      20.0   3.1618772504E-004
      30.0   2.2655225179E-004
      40.0   1.9033708081E-004
      50.0   1.6471594889E-004
      60.0   1.4942489793E-004
      80.0   1.2759619227E-004
     100.0   1.1477120469E-004
     120.0   9.1030659521E-005
     140.0   6.5326219467E-005
     160.0   6.1053133902E-005
     180.0   6.0094912935E-005
     200.0   5.8960852004E-005
     220.0   5.7804764993E-005
     240.0   5.6712895492E-005
     260.0   5.5803749563E-005
     280.0   5.5175570139E-005
     300.0   5.3646689844E-005
     400.0   5.1759889776E-005
     500.0   5.1750709838E-005
    1000.0   5.1807821430E-005
