   -1000.0   4.2057596605E-005
    -500.0   4.2162301691E-005
    -400.0   4.2177341788E-005
    -300.0   4.2197289242E-005
    -280.0   4.2203408387E-005
    -260.0   4.2213794869E-005
    -240.0   4.2633643539E-005
    -220.0   4.3739132966E-005
    -200.0   4.5378382333E-005
    -180.0   4.6963050347E-005
    -160.0   5.0066187243E-005
    -140.0   5.3976168886E-005
    -120.0   7.8207498299E-005
    -100.0   1.0845922815E-004
     -80.0   1.3649393821E-004
     -60.0   1.7092125599E-004
     -50.0   1.9428230405E-004
     -40.0   2.1856135962E-004
     -30.0   2.4615401114E-004
     -20.0   2.6485300543E-004
     -10.0   2.4218282385E-004
       0.0   2.5247367811E-004
      10.0   1.7974517618E-004
      20.0   1.4725462159E-004
      30.0   1.2439678867E-004
      40.0   1.0812848789E-004
      50.0   1.0064620538E-004
      60.0   9.4263114138E-005
      80.0   8.6714707690E-005
     100.0   7.8038816447E-005
     120.0   6.2225292358E-005
     140.0   4.6153844540E-005
     160.0   4.1534669552E-005
     180.0   3.7159856494E-005
     200.0   3.8561130857E-005
     220.0   4.0198916129E-005
     240.0   4.0509271300E-005
     260.0   4.0934060456E-005
     280.0   4.2431620042E-005
     300.0   4.2487401875E-005
     400.0   4.2272267732E-005
     500.0   4.2283013331E-005
    1000.0   4.2340873096E-005
