   -1000.0   4.6350593399E-005
    -500.0   4.6395126689E-005
    -400.0   4.6403887013E-005
    -300.0   4.6412627593E-005
    -280.0   4.6414374925E-005
    -260.0   4.6416165705E-005
    -240.0   4.6419333146E-005
    -220.0   4.6424979253E-005
    -200.0   4.6429430800E-005
    -180.0   4.6432846557E-005
    -160.0   4.6436381694E-005
    -140.0   4.6440089327E-005
    -120.0   4.6444315150E-005
    -100.0   4.6449361658E-005
     -80.0   4.6454828065E-005
     -60.0   4.6458645568E-005
     -50.0   4.6459519898E-005
     -40.0   4.6460141162E-005
     -30.0   4.6460683822E-005
     -20.0   4.6459759386E-005
     -10.0   4.6450736512E-005
       0.0   4.6401808037E-005
      10.0   4.6243971257E-005
      20.0   4.5984910554E-005
      30.0   4.5760503767E-005
      40.0   4.5671221709E-005
      50.0   4.5690861225E-005
      60.0   4.5733494713E-005
      80.0   4.5801551869E-005
     100.0   4.5838899187E-005
     120.0   4.5821631634E-005
     140.0   4.5698777924E-005
     160.0   4.5283974826E-005
     180.0   4.4446357018E-005
     200.0   4.4124958235E-005
     220.0   4.4429578053E-005
     240.0   4.4818236061E-005
     260.0   4.5102382699E-005
     280.0   4.5477379691E-005
     300.0   4.5823727529E-005
     400.0   4.6472927300E-005
     500.0   4.6482277573E-005
    1000.0   4.6526043233E-005
