   -1000.0   1.2582715958E-005
    -500.0   1.2643415216E-005
    -400.0   1.2655529915E-005
    -300.0   1.2667587667E-005
    -280.0   1.2669985632E-005
    -260.0   1.2672382140E-005
    -240.0   1.2674768547E-005
    -220.0   1.2677152117E-005
    -200.0   1.2679519144E-005
    -180.0   1.2681876527E-005
    -160.0   1.2684232464E-005
    -140.0   1.2686659714E-005
    -120.0   1.2691168884E-005
    -100.0   1.2693592968E-005
     -80.0   1.2696128977E-005
     -60.0   1.2698232303E-005
     -50.0   1.2699218887E-005
     -40.0   1.2700567880E-005
     -30.0   1.2701331867E-005
     -20.0   1.2701198958E-005
     -10.0   1.2700407985E-005
       0.0   1.2660695520E-005
      10.0   1.2221327317E-005
      20.0   1.1372190264E-005
      30.0   1.0443521103E-005
      40.0   9.5280271977E-006
      50.0   8.7369449412E-006
      60.0   8.4958725575E-006
      80.0   8.9568640493E-006
     100.0   8.4762119708E-006
     120.0   6.6155348577E-006
     140.0   6.3589079091E-006
     160.0   6.6415014256E-006
     180.0   9.1557693018E-006
     200.0   1.0549017888E-005
     220.0   1.0628532513E-005
     240.0   1.0459915374E-005
     260.0   1.0189523910E-005
     280.0   1.0301861912E-005
     300.0   1.1308624768E-005
     400.0   1.2752155070E-005
     500.0   1.2765429654E-005
    1000.0   1.2827744719E-005
