   -1000.0   5.3884498382E-006
    -500.0   5.6441526146E-006
    -400.0   5.8334064347E-006
    -300.0   6.3556850013E-006
    -280.0   6.6623175007E-006
    -260.0   7.0665375165E-006
    -240.0   7.5494169835E-006
    -220.0   8.0680162297E-006
    -200.0   8.9146174138E-006
    -180.0   1.0920894324E-005
    -160.0   1.3633669438E-005
    -140.0   1.6623738804E-005
    -120.0   1.8846610883E-005
    -100.0   2.0921193923E-005
     -80.0   2.3718852343E-005
     -60.0   2.7513487427E-005
     -50.0   2.9468255233E-005
     -40.0   3.1831856987E-005
     -30.0   3.4313694115E-005
     -20.0   3.2197983277E-005
     -10.0   3.1155669927E-005
       0.0   3.1881824885E-005
      10.0   3.2224597274E-005
      20.0   3.3501044245E-005
      30.0   3.1706817552E-005
      40.0   2.8595160143E-005
      50.0   2.5716484155E-005
      60.0   2.3274352712E-005
      80.0   1.8662158312E-005
     100.0   1.5460657848E-005
     120.0   1.2903987168E-005
     140.0   1.0946424395E-005
     160.0   9.6720682228E-006
     180.0   8.7216600326E-006
     200.0   8.0385162162E-006
     220.0   7.7908667218E-006
     240.0   7.4106650531E-006
     260.0   7.0453329120E-006
     280.0   6.6003480354E-006
     300.0   6.3449676072E-006
     400.0   5.8556178518E-006
     500.0   5.7068087640E-006
    1000.0   5.5642596528E-006
