   -1000.0   1.8586972061E-005
    -500.0   1.8651246343E-005
    -400.0   1.8664093747E-005
    -300.0   1.8676915299E-005
    -280.0   1.8679473485E-005
    -260.0   1.8682028460E-005
    -240.0   1.8684579430E-005
    -220.0   1.8687125353E-005
    -200.0   1.8689667215E-005
    -180.0   1.8694216826E-005
    -160.0   1.8696286627E-005
    -140.0   1.8698607509E-005
    -120.0   1.8700685504E-005
    -100.0   1.8703174482E-005
     -80.0   1.8705961249E-005
     -60.0   1.8707771110E-005
     -50.0   1.8710705592E-005
     -40.0   1.8710604833E-005
     -30.0   1.8706208208E-005
     -20.0   1.8571510950E-005
     -10.0   1.8075675180E-005
       0.0   1.7757078426E-005
      10.0   1.7484807865E-005
      20.0   1.7362761935E-005
      30.0   1.7321713024E-005
      40.0   1.7279753213E-005
      50.0   1.7309563911E-005
      60.0   1.7396943439E-005
      80.0   1.7355915631E-005
     100.0   1.7119214287E-005
     120.0   1.6938615265E-005
     140.0   1.6908097516E-005
     160.0   1.6881556642E-005
     180.0   1.4937659005E-005
     200.0   1.1660618171E-005
     220.0   9.0765637975E-006
     240.0   7.9869922815E-006
     260.0   8.5944767745E-006
     280.0   1.0035314915E-005
     300.0   1.1260274536E-005
     400.0   1.8763519914E-005
     500.0   1.8779594869E-005
    1000.0   1.8845626614E-005
