   -1000.0   4.6092451259E-005
    -500.0   4.6141873588E-005
    -400.0   4.6151673782E-005
    -300.0   4.6161466602E-005
    -280.0   4.6163424278E-005
    -260.0   4.6165381659E-005
    -240.0   4.6167338743E-005
    -220.0   4.6169295530E-005
    -200.0   4.6171252020E-005
    -180.0   4.6173208213E-005
    -160.0   4.6175164799E-005
    -140.0   4.6177125721E-005
    -120.0   4.6179082241E-005
    -100.0   4.6181039427E-005
     -80.0   4.6182995929E-005
     -60.0   4.6184959635E-005
     -50.0   4.6186005385E-005
     -40.0   4.6187001584E-005
     -30.0   4.6188024982E-005
     -20.0   4.6188986789E-005
     -10.0   4.6189949169E-005
       0.0   4.6190890826E-005
      10.0   4.6191852198E-005
      20.0   4.6192844254E-005
      30.0   4.6193834858E-005
      40.0   4.6194777404E-005
      50.0   4.6195737961E-005
      60.0   4.6196678949E-005
      80.0   4.6198621439E-005
     100.0   4.6200570647E-005
     120.0   4.6202517369E-005
     140.0   4.6196409508E-005
     160.0   4.6140104632E-005
     180.0   4.6147300136E-005
     200.0   4.6157011257E-005
     220.0   4.6170361890E-005
     240.0   4.6185532655E-005
     260.0   4.6193058675E-005
     280.0   4.6202681146E-005
     300.0   4.6205624317E-005
     400.0   4.6229807429E-005
     500.0   4.6239541613E-005
    1000.0   4.6288095976E-005
