   -1000.0   4.7540841318E-005
    -500.0   4.7548253424E-005
    -400.0   4.7549681070E-005
    -300.0   4.7551097217E-005
    -280.0   4.7551379063E-005
    -260.0   4.7551660446E-005
    -240.0   4.7551941368E-005
    -220.0   4.7552221828E-005
    -200.0   4.7552502049E-005
    -180.0   4.7552798614E-005
    -160.0   4.7553143840E-005
    -140.0   4.7553506439E-005
    -120.0   4.7554177187E-005
    -100.0   4.7556787535E-005
     -80.0   4.7558245528E-005
     -60.0   4.7559085059E-005
     -50.0   4.7559314807E-005
     -40.0   4.7559672286E-005
     -30.0   4.7560067838E-005
     -20.0   4.7560596314E-005
     -10.0   4.7561126292E-005
       0.0   4.7561326621E-005
      10.0   4.7561131762E-005
      20.0   4.7560421042E-005
      30.0   4.7558672263E-005
      40.0   4.7549446876E-005
      50.0   4.7518540354E-005
      60.0   4.7472034068E-005
      80.0   4.7426203553E-005
     100.0   4.7441539389E-005
     120.0   4.7468475992E-005
     140.0   4.7492995419E-005
     160.0   4.7509190626E-005
     180.0   4.7517716704E-005
     200.0   4.7509619832E-005
     220.0   4.7536062035E-005
     240.0   4.7540544029E-005
     260.0   4.7542759600E-005
     280.0   4.7539661601E-005
     300.0   4.7533257582E-005
     400.0   4.7560670447E-005
     500.0   4.7562012913E-005
    1000.0   4.7568461451E-005
