   -1000.0   4.4181909620E-005
    -500.0   4.4134745598E-005
    -400.0   4.4125280836E-005
    -300.0   4.4115807450E-005
    -280.0   4.4113911738E-005
    -260.0   4.4112015688E-005
    -240.0   4.4110120038E-005
    -220.0   4.4108225835E-005
    -200.0   4.4106330435E-005
    -180.0   4.4104434159E-005
    -160.0   4.4102537542E-005
    -140.0   4.4100640482E-005
    -120.0   4.4098743025E-005
    -100.0   4.4096845541E-005
     -80.0   4.4094948077E-005
     -60.0   4.4093050434E-005
     -50.0   4.4092101564E-005
     -40.0   4.4091152785E-005
     -30.0   4.4090204253E-005
     -20.0   4.4089256633E-005
     -10.0   4.4094414901E-005
       0.0   4.4087360940E-005
      10.0   4.4098686311E-005
      20.0   4.4085446993E-005
      30.0   4.4084494492E-005
      40.0   4.4083542500E-005
      50.0   4.4082590600E-005
      60.0   4.4081638730E-005
      80.0   4.4079735106E-005
     100.0   4.4077831535E-005
     120.0   4.4075927587E-005
     140.0   4.4074022951E-005
     160.0   4.4072117118E-005
     180.0   4.4070209455E-005
     200.0   4.4068303964E-005
     220.0   4.4066400762E-005
     240.0   4.4064497230E-005
     260.0   4.4062593015E-005
     280.0   4.4060688772E-005
     300.0   4.4058783857E-005
     400.0   4.4049251742E-005
     500.0   4.4039709338E-005
    1000.0   4.3991867864E-005
