   -1000.0   8.8879888714E-006
    -500.0   8.9305064273E-006
    -400.0   8.9389783609E-006
    -300.0   8.9474602081E-006
    -280.0   8.9491579481E-006
    -260.0   8.9508562613E-006
    -240.0   8.9525552836E-006
    -220.0   8.9542553197E-006
    -200.0   8.9559573796E-006
    -180.0   8.9582553924E-006
    -160.0   8.9714644719E-006
    -140.0   8.9813790124E-006
    -120.0   9.0027717167E-006
    -100.0   9.0148395947E-006
     -80.0   9.0340714006E-006
     -60.0   9.3498277046E-006
     -50.0   9.4908623184E-006
     -40.0   9.5862913184E-006
     -30.0   9.6448705060E-006
     -20.0   9.9257036001E-006
     -10.0   9.7651088474E-006
       0.0   9.6549216103E-006
      10.0   9.6674912408E-006
      20.0   9.6948263820E-006
      30.0   9.6046352264E-006
      40.0   9.5182747288E-006
      50.0   9.3899991971E-006
      60.0   9.3635307923E-006
      80.0   9.1836088884E-006
     100.0   9.0508601510E-006
     120.0   8.9631651193E-006
     140.0   8.8798204559E-006
     160.0   8.8643933368E-006
     180.0   8.8333059654E-006
     200.0   8.8512846098E-006
     220.0   8.8819380176E-006
     240.0   8.8969423773E-006
     260.0   8.9098490219E-006
     280.0   8.9299802817E-006
     300.0   8.9471331425E-006
     400.0   9.0064271164E-006
     500.0   9.0156010294E-006
    1000.0   9.0585353269E-006
