   -1000.0   3.8010273747E-005
    -500.0   3.7959435420E-005
    -400.0   3.7951443810E-005
    -300.0   3.7951694612E-005
    -280.0   3.7954111471E-005
    -260.0   3.7958071462E-005
    -240.0   3.7964280742E-005
    -220.0   3.7973933890E-005
    -200.0   3.7989250654E-005
    -180.0   3.8017032540E-005
    -160.0   3.8179388584E-005
    -140.0   3.8684600044E-005
    -120.0   3.9819081784E-005
    -100.0   4.4422920802E-005
     -80.0   5.8801439296E-005
     -60.0   7.0163178534E-005
     -50.0   7.0745673000E-005
     -40.0   6.9801115262E-005
     -30.0   7.3428299449E-005
     -20.0   7.6294600522E-005
     -10.0   7.4285837531E-005
       0.0   6.9084941398E-005
      10.0   6.4860438587E-005
      20.0   6.2372474613E-005
      30.0   6.0247475502E-005
      40.0   5.8261840796E-005
      50.0   5.6159886946E-005
      60.0   5.3359099613E-005
      80.0   4.5989693036E-005
     100.0   3.9574183820E-005
     120.0   3.4237613019E-005
     140.0   3.2647326360E-005
     160.0   3.2656007029E-005
     180.0   3.3699934903E-005
     200.0   3.5311546729E-005
     220.0   3.6633026231E-005
     240.0   3.7545357416E-005
     260.0   3.7748370813E-005
     280.0   3.7761133108E-005
     300.0   3.7773034134E-005
     400.0   3.7834359773E-005
     500.0   3.7816785076E-005
    1000.0   3.7741059464E-005
