   -1000.0   4.2028636125E-005
    -500.0   4.2059235456E-005
    -400.0   4.2065297859E-005
    -300.0   4.2071350223E-005
    -280.0   4.2072559480E-005
    -260.0   4.2073768336E-005
    -240.0   4.2074978367E-005
    -220.0   4.2076292866E-005
    -200.0   4.2077901409E-005
    -180.0   4.2079562400E-005
    -160.0   4.2081249071E-005
    -140.0   4.2083039339E-005
    -120.0   4.2084858326E-005
    -100.0   4.2086591975E-005
     -80.0   4.2088144654E-005
     -60.0   4.2089964878E-005
     -50.0   4.2090117922E-005
     -40.0   4.2090703212E-005
     -30.0   4.2091205172E-005
     -20.0   4.2091547412E-005
     -10.0   4.2091011247E-005
       0.0   4.2085536212E-005
      10.0   4.2069338805E-005
      20.0   4.2042367350E-005
      30.0   4.2008284254E-005
      40.0   4.1971303813E-005
      50.0   4.1936227122E-005
      60.0   4.1908545681E-005
      80.0   4.1882657941E-005
     100.0   4.1882653767E-005
     120.0   4.1811973086E-005
     140.0   4.1745945320E-005
     160.0   4.1829283545E-005
     180.0   4.1918601869E-005
     200.0   4.1970845359E-005
     220.0   4.1968531653E-005
     240.0   4.2017452165E-005
     260.0   4.2063235131E-005
     280.0   4.2082531466E-005
     300.0   4.2095073210E-005
     400.0   4.2113439345E-005
     500.0   4.2119415494E-005
    1000.0   4.2149135216E-005
