   -1000.0   3.2121432897E-005
    -500.0   3.2082986181E-005
    -400.0   3.2074986895E-005
    -300.0   3.2074284205E-005
    -280.0   3.2077896960E-005
    -260.0   3.2086697228E-005
    -240.0   3.2134060563E-005
    -220.0   3.2690712115E-005
    -200.0   3.3557519713E-005
    -180.0   3.4388143227E-005
    -160.0   3.4809460004E-005
    -140.0   3.5312029332E-005
    -120.0   3.6075769588E-005
    -100.0   3.6872198001E-005
     -80.0   3.8069748700E-005
     -60.0   3.9595214415E-005
     -50.0   4.0528108569E-005
     -40.0   4.1630236603E-005
     -30.0   4.3081463151E-005
     -20.0   4.3049552504E-005
     -10.0   3.8281834310E-005
       0.0   3.5087481405E-005
      10.0   3.1191418090E-005
      20.0   3.0440126901E-005
      30.0   2.9732709271E-005
      40.0   2.9564210139E-005
      50.0   2.9519403090E-005
      60.0   2.9460186919E-005
      80.0   2.8936443263E-005
     100.0   2.7701892497E-005
     120.0   2.7697744907E-005
     140.0   2.7909317558E-005
     160.0   2.8321367218E-005
     180.0   2.9197268872E-005
     200.0   3.0045697517E-005
     220.0   3.0375438846E-005
     240.0   3.0048068761E-005
     260.0   3.0026946433E-005
     280.0   3.0274659308E-005
     300.0   3.0643333300E-005
     400.0   3.1960751816E-005
     500.0   3.1966760976E-005
    1000.0   3.1918058678E-005
