   -1000.0   6.7848533268E-005
    -500.0   9.0919834088E-005
    -400.0   1.0882238548E-004
    -300.0   1.4983950646E-004
    -280.0   1.6445884545E-004
    -260.0   1.8280623158E-004
    -240.0   2.0609350229E-004
    -220.0   2.3633952341E-004
    -200.0   2.7576105166E-004
    -180.0   3.2881862474E-004
    -160.0   4.0051646888E-004
    -140.0   4.8600542202E-004
    -120.0   6.1427930628E-004
    -100.0   7.8015701504E-004
     -80.0   9.5922284449E-004
     -60.0   1.0966879152E-003
     -50.0   1.1504433135E-003
     -40.0   1.1886427690E-003
     -30.0   1.2182355565E-003
     -20.0   1.2034183746E-003
     -10.0   1.1834203496E-003
       0.0   1.1544526156E-003
      10.0   1.1222765511E-003
      20.0   1.0484561660E-003
      30.0   1.0000032276E-003
      40.0   1.0395315350E-003
      50.0   1.0421040135E-003
      60.0   1.0036324127E-003
      80.0   8.5284623538E-004
     100.0   7.0118768140E-004
     120.0   5.6846950715E-004
     140.0   4.5669354224E-004
     160.0   3.7352277647E-004
     180.0   3.1313718006E-004
     200.0   2.6713424546E-004
     220.0   2.3193198440E-004
     240.0   2.0387363565E-004
     260.0   1.8194174791E-004
     280.0   1.6429367358E-004
     300.0   1.4995100075E-004
     400.0   1.0845453759E-004
     500.0   9.0752740977E-005
    1000.0   6.9080968012E-005
