   -1000.0   8.6334522185E-005
    -500.0   8.7164060070E-005
    -400.0   8.7671970209E-005
    -300.0   8.8852371014E-005
    -280.0   8.9281052124E-005
    -260.0   8.9835156848E-005
    -240.0   9.0571929974E-005
    -220.0   9.1588026122E-005
    -200.0   9.3059800236E-005
    -180.0   9.5351671061E-005
    -160.0   9.9646599625E-005
    -140.0   1.0815753854E-004
    -120.0   1.2514884333E-004
    -100.0   1.6611044088E-004
     -80.0   2.0884549306E-004
     -60.0   2.3917336391E-004
     -50.0   2.5632509570E-004
     -40.0   2.7542283830E-004
     -30.0   2.7752726243E-004
     -20.0   2.6820724716E-004
     -10.0   2.4951472386E-004
       0.0   2.2345395288E-004
      10.0   1.9969383126E-004
      20.0   1.8231089688E-004
      30.0   1.8151056013E-004
      40.0   1.8381748510E-004
      50.0   1.8110203851E-004
      60.0   1.7382801936E-004
      80.0   1.5341490157E-004
     100.0   1.3108790506E-004
     120.0   1.1207715073E-004
     140.0   9.8309047930E-005
     160.0   9.2058025842E-005
     180.0   8.8518549764E-005
     200.0   8.6536500952E-005
     220.0   8.4620443138E-005
     240.0   8.2596381015E-005
     260.0   8.0236685009E-005
     280.0   7.9080589214E-005
     300.0   7.9376724402E-005
     400.0   8.6917728989E-005
     500.0   8.7028528404E-005
    1000.0   8.6699603118E-005
