   -1000.0   7.2274084457E-005
    -500.0   7.3536314727E-005
    -400.0   7.4382008325E-005
    -300.0   7.6299861310E-005
    -280.0   7.6986064479E-005
    -260.0   7.7869753004E-005
    -240.0   7.9047749820E-005
    -220.0   8.0719223080E-005
    -200.0   8.3910120816E-005
    -180.0   8.9284118904E-005
    -160.0   9.8632019435E-005
    -140.0   1.1238429582E-004
    -120.0   1.3379257951E-004
    -100.0   1.6904591478E-004
     -80.0   2.6319801621E-004
     -60.0   4.1071841100E-004
     -50.0   4.8270873094E-004
     -40.0   5.6969698537E-004
     -30.0   6.2188023061E-004
     -20.0   6.1439670391E-004
     -10.0   5.8563211188E-004
       0.0   4.9714412720E-004
      10.0   4.4598548792E-004
      20.0   4.3754991269E-004
      30.0   4.5277936245E-004
      40.0   4.3577182128E-004
      50.0   3.7276393087E-004
      60.0   3.2025257466E-004
      80.0   2.2978769720E-004
     100.0   1.5874260980E-004
     120.0   1.2548602461E-004
     140.0   1.0424084662E-004
     160.0   8.9346060194E-005
     180.0   7.9830624064E-005
     200.0   7.5180438702E-005
     220.0   7.3376899977E-005
     240.0   7.3594998389E-005
     260.0   7.3853899066E-005
     280.0   7.4059644218E-005
     300.0   7.4143964035E-005
     400.0   7.3259447837E-005
     500.0   7.3628480870E-005
    1000.0   7.2772592757E-005
