   -1000.0   2.5022527778E-005
    -500.0   2.5127535356E-005
    -400.0   2.5159701309E-005
    -300.0   2.5211730444E-005
    -280.0   2.5227686339E-005
    -260.0   2.5247174763E-005
    -240.0   2.5271725211E-005
    -220.0   2.5303858470E-005
    -200.0   2.5348069252E-005
    -180.0   2.5413440693E-005
    -160.0   2.5523646135E-005
    -140.0   2.6010649495E-005
    -120.0   2.9984325524E-005
    -100.0   3.5358398261E-005
     -80.0   4.1736068220E-005
     -60.0   7.6675687917E-005
     -50.0   9.7222222510E-005
     -40.0   1.3098305751E-004
     -30.0   1.3801640845E-004
     -20.0   1.0677197536E-004
     -10.0   7.9272487712E-005
       0.0   7.2383019857E-005
      10.0   7.5300049600E-005
      20.0   8.3869092340E-005
      30.0   8.9503905123E-005
      40.0   9.1982508994E-005
      50.0   7.5713228504E-005
      60.0   6.4272894132E-005
      80.0   4.0486915524E-005
     100.0   3.6334864881E-005
     120.0   3.3840820552E-005
     140.0   3.1009109813E-005
     160.0   2.8999130351E-005
     180.0   2.7393728027E-005
     200.0   2.6239426338E-005
     220.0   2.5408515166E-005
     240.0   2.4229931512E-005
     260.0   2.3336635270E-005
     280.0   2.2242660478E-005
     300.0   2.3197860389E-005
     400.0   2.5277501273E-005
     500.0   2.5292274285E-005
    1000.0   2.5362726833E-005
