   -1000.0   4.5346439829E-005
    -500.0   4.5377248740E-005
    -400.0   4.5383280875E-005
    -300.0   4.5389302386E-005
    -280.0   4.5390505409E-005
    -260.0   4.5391708006E-005
    -240.0   4.5392910177E-005
    -220.0   4.5394111931E-005
    -200.0   4.5395313436E-005
    -180.0   4.5396590486E-005
    -160.0   4.5398104858E-005
    -140.0   4.5399599161E-005
    -120.0   4.5400795658E-005
    -100.0   4.5402130811E-005
     -80.0   4.5403528651E-005
     -60.0   4.5405299408E-005
     -50.0   4.5408397519E-005
     -40.0   4.5413170435E-005
     -30.0   4.5416637345E-005
     -20.0   4.5417444010E-005
     -10.0   4.5416802626E-005
       0.0   4.5414230658E-005
      10.0   4.5416450360E-005
      20.0   4.5417171515E-005
      30.0   4.5417534759E-005
      40.0   4.5415942189E-005
      50.0   4.5413677345E-005
      60.0   4.5412418095E-005
      80.0   4.5413094368E-005
     100.0   4.5414084499E-005
     120.0   4.5415127799E-005
     140.0   4.5414327418E-005
     160.0   4.5347724557E-005
     180.0   4.5221029919E-005
     200.0   4.5227978756E-005
     220.0   4.5274813111E-005
     240.0   4.5311120919E-005
     260.0   4.5339710956E-005
     280.0   4.5363554567E-005
     300.0   4.5384990717E-005
     400.0   4.5431114413E-005
     500.0   4.5437068769E-005
    1000.0   4.5466596078E-005
