   -1000.0   4.0281403534E-005
    -500.0   4.0346011892E-005
    -400.0   4.0355769961E-005
    -300.0   4.0362542886E-005
    -280.0   4.0363381972E-005
    -260.0   4.0364031356E-005
    -240.0   4.0364529861E-005
    -220.0   4.0365619994E-005
    -200.0   4.0369014329E-005
    -180.0   4.0375216513E-005
    -160.0   4.0386608863E-005
    -140.0   4.0411539385E-005
    -120.0   4.0517896586E-005
    -100.0   4.0669975555E-005
     -80.0   4.0844860918E-005
     -60.0   4.1024981221E-005
     -50.0   4.1093597994E-005
     -40.0   4.1118695547E-005
     -30.0   4.1134569119E-005
     -20.0   4.1072840771E-005
     -10.0   4.0959678043E-005
       0.0   4.0824411592E-005
      10.0   4.0670836131E-005
      20.0   4.0352882047E-005
      30.0   3.9665957293E-005
      40.0   3.8690721274E-005
      50.0   3.7676700379E-005
      60.0   3.6542786113E-005
      80.0   3.4272794692E-005
     100.0   3.2539053608E-005
     120.0   3.2441746363E-005
     140.0   3.2776760686E-005
     160.0   3.2854535868E-005
     180.0   3.2912816662E-005
     200.0   3.2566986928E-005
     220.0   3.0283451834E-005
     240.0   2.7748967465E-005
     260.0   2.6163571664E-005
     280.0   2.6337058306E-005
     300.0   2.7206051597E-005
     400.0   3.7717284957E-005
     500.0   4.0347797371E-005
    1000.0   4.0568864457E-005
