   -1000.0   1.3140755121E-005
    -500.0   1.3196985896E-005
    -400.0   1.3209709674E-005
    -300.0   1.3225557657E-005
    -280.0   1.3229670797E-005
    -260.0   1.3234441008E-005
    -240.0   1.3240241995E-005
    -220.0   1.3247910793E-005
    -200.0   1.3285368869E-005
    -180.0   1.3416035245E-005
    -160.0   1.3648424806E-005
    -140.0   1.4144365463E-005
    -120.0   1.6316287867E-005
    -100.0   1.9014471672E-005
     -80.0   2.1976605047E-005
     -60.0   2.5588438997E-005
     -50.0   2.8124622290E-005
     -40.0   3.2282010691E-005
     -30.0   3.6633970948E-005
     -20.0   3.7678193416E-005
     -10.0   3.6282513398E-005
       0.0   3.1279523293E-005
      10.0   2.6512605861E-005
      20.0   2.5849935522E-005
      30.0   2.6421558204E-005
      40.0   2.4008701226E-005
      50.0   2.1437843059E-005
      60.0   2.0282639942E-005
      80.0   1.8182397573E-005
     100.0   1.6406758026E-005
     120.0   1.4989853000E-005
     140.0   1.3792166356E-005
     160.0   1.3458334195E-005
     180.0   1.3308078917E-005
     200.0   1.3209515854E-005
     220.0   1.2969836596E-005
     240.0   1.2629331995E-005
     260.0   1.1209697664E-005
     280.0   9.5345227738E-006
     300.0   8.9471507912E-006
     400.0   1.2819104337E-005
     500.0   1.3283613131E-005
    1000.0   1.3354278404E-005
