   -1000.0   3.9331821318E-005
    -500.0   3.9428319259E-005
    -400.0   3.9468213361E-005
    -300.0   3.9541578228E-005
    -280.0   3.9565039588E-005
    -260.0   3.9593772380E-005
    -240.0   3.9629757955E-005
    -220.0   3.9676131375E-005
    -200.0   3.9738562017E-005
    -180.0   3.9833861380E-005
    -160.0   4.0958040645E-005
    -140.0   4.1508995595E-005
    -120.0   4.1978060762E-005
    -100.0   4.2559005279E-005
     -80.0   4.3777131690E-005
     -60.0   4.6211999728E-005
     -50.0   5.2403394524E-005
     -40.0   6.1576348926E-005
     -30.0   7.9474381978E-005
     -20.0   1.0117634620E-004
     -10.0   1.9163679086E-004
       0.0   4.5617765152E-004
      10.0   1.2589335655E-004
      20.0   8.4571729437E-005
      30.0   7.0259358759E-005
      40.0   5.7715667419E-005
      50.0   5.0398231240E-005
      60.0   4.5052116880E-005
      80.0   4.3187258005E-005
     100.0   4.1956443645E-005
     120.0   4.1606674051E-005
     140.0   4.0921586965E-005
     160.0   3.8786826183E-005
     180.0   3.6510502700E-005
     200.0   3.7687237443E-005
     220.0   3.8143268689E-005
     240.0   3.8673754355E-005
     260.0   3.8930687336E-005
     280.0   3.9099262613E-005
     300.0   3.9306805029E-005
     400.0   3.9554495030E-005
     500.0   3.9543337862E-005
    1000.0   3.9568392929E-005
