   -1000.0   6.6983086084E-005
    -500.0   6.6967704996E-005
    -400.0   6.6964577015E-005
    -300.0   6.6961435352E-005
    -280.0   6.6960805377E-005
    -260.0   6.6960174854E-005
    -240.0   6.6959543783E-005
    -220.0   6.6958912165E-005
    -200.0   6.6958279999E-005
    -180.0   6.6957647285E-005
    -160.0   6.6957014023E-005
    -140.0   6.6956380380E-005
    -120.0   6.6955751549E-005
    -100.0   6.6955130301E-005
     -80.0   6.6954537555E-005
     -60.0   6.6954090936E-005
     -50.0   6.6960573809E-005
     -40.0   6.6953530132E-005
     -30.0   6.6953225297E-005
     -20.0   6.6952865382E-005
     -10.0   6.6976341307E-005
       0.0   6.6954632513E-005
      10.0   6.6958349609E-005
      20.0   6.6951519922E-005
      30.0   6.6951193356E-005
      40.0   6.6950847765E-005
      50.0   6.6957226026E-005
      60.0   6.6950047051E-005
      80.0   6.6949001459E-005
     100.0   6.6947968852E-005
     120.0   6.6947068051E-005
     140.0   6.6946408887E-005
     160.0   6.6945875901E-005
     180.0   6.6945354628E-005
     200.0   6.6944780406E-005
     220.0   6.6944136849E-005
     240.0   6.6943355458E-005
     260.0   6.6942782667E-005
     280.0   6.6942507777E-005
     300.0   6.6942188474E-005
     400.0   6.6939059488E-005
     500.0   6.6935808035E-005
    1000.0   6.6919344001E-005
