   -1000.0   4.6515783785E-005
    -500.0   4.6577919743E-005
    -400.0   4.6587753163E-005
    -300.0   4.6597582901E-005
    -280.0   4.6599549156E-005
    -260.0   4.6601515961E-005
    -240.0   4.6603483704E-005
    -220.0   4.6605453160E-005
    -200.0   4.6607425857E-005
    -180.0   4.6609405941E-005
    -160.0   4.6613973583E-005
    -140.0   4.6721711721E-005
    -120.0   4.6868130029E-005
    -100.0   4.7188305735E-005
     -80.0   4.7586472492E-005
     -60.0   4.7451171759E-005
     -50.0   5.0747049499E-005
     -40.0   5.4363245801E-005
     -30.0   5.6015667626E-005
     -20.0   5.6348051624E-005
     -10.0   5.3292707931E-005
       0.0   5.2389484519E-005
      10.0   5.3595758791E-005
      20.0   5.3917283772E-005
      30.0   5.3192284157E-005
      40.0   5.2427055491E-005
      50.0   5.2193918038E-005
      60.0   5.0030933213E-005
      80.0   4.9143850720E-005
     100.0   4.7733081335E-005
     120.0   4.7226917604E-005
     140.0   4.6110831658E-005
     160.0   4.1490729211E-005
     180.0   4.2350465612E-005
     200.0   4.3653104381E-005
     220.0   4.4770755040E-005
     240.0   4.5499207779E-005
     260.0   4.5812212929E-005
     280.0   4.6017252433E-005
     300.0   4.6065347874E-005
     400.0   4.6665934529E-005
     500.0   4.6675850500E-005
    1000.0   4.6724613411E-005
