   -1000.0   4.9625504148E-005
    -500.0   5.0528814014E-005
    -400.0   5.1157814253E-005
    -300.0   5.2837022317E-005
    -280.0   5.3528231162E-005
    -260.0   5.4494660637E-005
    -240.0   5.5926964137E-005
    -220.0   5.8095097912E-005
    -200.0   6.1592545893E-005
    -180.0   6.7203221700E-005
    -160.0   7.7771807704E-005
    -140.0   8.9411800958E-005
    -120.0   1.0087263967E-004
    -100.0   1.0794146681E-004
     -80.0   1.1662386725E-004
     -60.0   1.2679578423E-004
     -50.0   1.3393878799E-004
     -40.0   1.4092606758E-004
     -30.0   1.4730179298E-004
     -20.0   1.4072789879E-004
     -10.0   1.3615771700E-004
       0.0   1.3142525772E-004
      10.0   1.2348891912E-004
      20.0   1.2573844844E-004
      30.0   1.2137993566E-004
      40.0   1.1345614492E-004
      50.0   1.0448327060E-004
      60.0   9.7979609784E-005
      80.0   8.8574125899E-005
     100.0   8.2379953343E-005
     120.0   7.7438614287E-005
     140.0   7.1237236956E-005
     160.0   6.5402123760E-005
     180.0   5.9786160381E-005
     200.0   5.6519206554E-005
     220.0   5.4620900473E-005
     240.0   5.3368179881E-005
     260.0   5.2482610358E-005
     280.0   5.1888850128E-005
     300.0   5.1504711065E-005
     400.0   5.0588557644E-005
     500.0   5.0272537746E-005
    1000.0   4.9714708765E-005
