   -1000.0   4.6070618058E-005
    -500.0   4.6573775775E-005
    -400.0   4.6962607925E-005
    -300.0   4.7891576300E-005
    -280.0   4.8237839838E-005
    -260.0   4.8697017271E-005
    -240.0   4.9346732446E-005
    -220.0   5.0481976204E-005
    -200.0   5.2329329490E-005
    -180.0   5.5208067654E-005
    -160.0   5.9654161431E-005
    -140.0   6.6523125236E-005
    -120.0   7.9372714721E-005
    -100.0   1.1054248489E-004
     -80.0   1.5645956663E-004
     -60.0   1.9771834251E-004
     -50.0   2.1591825875E-004
     -40.0   2.3404116379E-004
     -30.0   2.5528161627E-004
     -20.0   2.6507722928E-004
     -10.0   2.5849375947E-004
       0.0   2.3655777794E-004
      10.0   2.2951086153E-004
      20.0   2.3511162585E-004
      30.0   2.2969259012E-004
      40.0   2.0661618212E-004
      50.0   1.8891047463E-004
      60.0   1.7173949662E-004
      80.0   1.3035794834E-004
     100.0   9.4177873298E-005
     120.0   6.8142339940E-005
     140.0   5.8053940503E-005
     160.0   5.3077439564E-005
     180.0   5.0093647323E-005
     200.0   4.8341814150E-005
     220.0   4.7279164700E-005
     240.0   4.6906251233E-005
     260.0   4.6948973990E-005
     280.0   4.6976138231E-005
     300.0   4.6989969718E-005
     400.0   4.6758756409E-005
     500.0   4.6460830931E-005
    1000.0   4.6007436267E-005
