   -1000.0   3.7400149063E-005
    -500.0   3.7570675232E-005
    -400.0   3.7587826196E-005
    -300.0   3.7613422936E-005
    -280.0   3.7621280169E-005
    -260.0   3.7631274175E-005
    -240.0   3.7645176965E-005
    -220.0   3.7669728795E-005
    -200.0   3.7949051724E-005
    -180.0   3.8710967830E-005
    -160.0   3.9374652609E-005
    -140.0   4.8371845075E-005
    -120.0   5.0127811491E-005
    -100.0   5.5563183174E-005
     -80.0   6.0173225488E-005
     -60.0   6.8443437720E-005
     -50.0   7.5370829038E-005
     -40.0   8.2868219031E-005
     -30.0   9.1993452827E-005
     -20.0   1.0509460495E-004
     -10.0   1.0860201905E-004
       0.0   1.1401076071E-004
      10.0   8.6605138793E-005
      20.0   6.7150228001E-005
      30.0   5.6075949477E-005
      40.0   5.2399942096E-005
      50.0   5.0119940166E-005
      60.0   4.8399604374E-005
      80.0   4.6267426932E-005
     100.0   4.5025967515E-005
     120.0   4.4800733956E-005
     140.0   4.3947981315E-005
     160.0   3.8633894945E-005
     180.0   3.8313663665E-005
     200.0   3.6628269245E-005
     220.0   3.5636474181E-005
     240.0   3.5288059467E-005
     260.0   3.5713916496E-005
     280.0   3.6782334585E-005
     300.0   3.7233322372E-005
     400.0   3.7672221629E-005
     500.0   3.7683556006E-005
    1000.0   3.7736258358E-005
