   -1000.0   3.4087539122E-005
    -500.0   3.4032407350E-005
    -400.0   3.4021098256E-005
    -300.0   3.4010262479E-005
    -280.0   3.4008230873E-005
    -260.0   3.4006287696E-005
    -240.0   3.4004474146E-005
    -220.0   3.4002862762E-005
    -200.0   3.4001751193E-005
    -180.0   3.4009133021E-005
    -160.0   3.4101714084E-005
    -140.0   3.4411512420E-005
    -120.0   3.5057790494E-005
    -100.0   3.5903894331E-005
     -80.0   3.8898418927E-005
     -60.0   4.8675935785E-005
     -50.0   5.2980945713E-005
     -40.0   5.4448310709E-005
     -30.0   5.8717659920E-005
     -20.0   5.9854483372E-005
     -10.0   5.9366064048E-005
       0.0   5.9333133189E-005
      10.0   5.9811551208E-005
      20.0   5.8687288423E-005
      30.0   5.6206795207E-005
      40.0   5.2897725546E-005
      50.0   4.9372610541E-005
      60.0   4.5780155044E-005
      80.0   3.9343659422E-005
     100.0   3.6205810220E-005
     120.0   3.2153490032E-005
     140.0   2.8636968975E-005
     160.0   2.8430180934E-005
     180.0   3.0006344542E-005
     200.0   3.2712478199E-005
     220.0   3.3689117071E-005
     240.0   3.3864447983E-005
     260.0   3.3916054422E-005
     280.0   3.3916774631E-005
     300.0   3.3933523012E-005
     400.0   3.3927140358E-005
     500.0   3.3915403336E-005
    1000.0   3.3856553098E-005
