   -1000.0   8.0424762260E-006
    -500.0   8.0868420439E-006
    -400.0   8.0957375922E-006
    -300.0   8.1047271244E-006
    -280.0   8.1065650595E-006
    -260.0   8.1084377208E-006
    -240.0   8.1103898858E-006
    -220.0   8.1126021800E-006
    -200.0   8.1157542437E-006
    -180.0   8.1224950392E-006
    -160.0   8.1626894121E-006
    -140.0   8.2958206282E-006
    -120.0   8.4517108369E-006
    -100.0   8.5916900272E-006
     -80.0   8.7375249267E-006
     -60.0   8.8738235385E-006
     -50.0   8.9388459193E-006
     -40.0   8.9773197923E-006
     -30.0   8.9834531295E-006
     -20.0   8.7234077975E-006
     -10.0   8.5567279746E-006
       0.0   8.2642586361E-006
      10.0   8.0096043439E-006
      20.0   7.7718468174E-006
      30.0   7.4212266422E-006
      40.0   7.0421582142E-006
      50.0   6.8111401659E-006
      60.0   6.7471667344E-006
      80.0   6.8297618582E-006
     100.0   6.9821992378E-006
     120.0   7.1519589140E-006
     140.0   7.2806433047E-006
     160.0   6.1939159958E-006
     180.0   5.5217360907E-006
     200.0   5.4446130709E-006
     220.0   5.5673062005E-006
     240.0   6.2814251010E-006
     260.0   7.2468918942E-006
     280.0   7.4489223616E-006
     300.0   7.2849308769E-006
     400.0   8.1620596173E-006
     500.0   8.1747883538E-006
    1000.0   8.2217019081E-006
