   -1000.0   6.0655803904E-005
    -500.0   6.0676635005E-005
    -400.0   6.0680753815E-005
    -300.0   6.0684861398E-005
    -280.0   6.0685681566E-005
    -260.0   6.0686501284E-005
    -240.0   6.0687320553E-005
    -220.0   6.0688139371E-005
    -200.0   6.0688957740E-005
    -180.0   6.0689775661E-005
    -160.0   6.0690593790E-005
    -140.0   6.0691419256E-005
    -120.0   6.0692248014E-005
    -100.0   6.0693068132E-005
     -80.0   6.0693886276E-005
     -60.0   6.0694704059E-005
     -50.0   6.0695112644E-005
     -40.0   6.0695521452E-005
     -30.0   6.0695930984E-005
     -20.0   6.0696340777E-005
     -10.0   6.0697640890E-005
       0.0   6.0697130280E-005
      10.0   6.0698389709E-005
      20.0   6.0697844054E-005
      30.0   6.0698197032E-005
      40.0   6.0698565436E-005
      50.0   6.0698947784E-005
      60.0   6.0679475738E-005
      80.0   6.0700130608E-005
     100.0   6.0700946335E-005
     120.0   6.0701767958E-005
     140.0   6.0702601572E-005
     160.0   6.0703442034E-005
     180.0   6.0704269875E-005
     200.0   6.0705087573E-005
     220.0   6.0705873614E-005
     240.0   6.0706619085E-005
     260.0   6.0707431574E-005
     280.0   6.0708305548E-005
     300.0   6.0709187130E-005
     400.0   6.0713298786E-005
     500.0   6.0717316077E-005
    1000.0   6.0737232010E-005
