   -1000.0   8.4914100293E-005
    -500.0   8.6815340582E-005
    -400.0   8.8149231371E-005
    -300.0   9.1808064024E-005
    -280.0   9.3423259640E-005
    -260.0   9.5707688400E-005
    -240.0   9.9403097380E-005
    -220.0   1.0517016838E-004
    -200.0   1.1531378381E-004
    -180.0   1.2606635985E-004
    -160.0   1.3602638506E-004
    -140.0   1.4296798708E-004
    -120.0   1.4981254323E-004
    -100.0   1.5647766790E-004
     -80.0   1.6457493175E-004
     -60.0   1.7173395477E-004
     -50.0   1.7582291917E-004
     -40.0   1.7928485127E-004
     -30.0   1.8252073557E-004
     -20.0   1.7188645012E-004
     -10.0   1.5890976667E-004
       0.0   1.6335256564E-004
      10.0   1.6464219248E-004
      20.0   1.6895311844E-004
      30.0   1.6647681517E-004
      40.0   1.5986702171E-004
      50.0   1.5300707867E-004
      60.0   1.4413948186E-004
      80.0   1.3258655458E-004
     100.0   1.2292784283E-004
     120.0   1.1264447508E-004
     140.0   1.0756712857E-004
     160.0   1.0249447204E-004
     180.0   1.0066112397E-004
     200.0   9.7693404624E-005
     220.0   9.5968539705E-005
     240.0   9.3787241064E-005
     260.0   9.1340400990E-005
     280.0   9.0965643833E-005
     300.0   8.9374181865E-005
     400.0   8.8008927331E-005
     500.0   8.6974282329E-005
    1000.0   8.5896663011E-005
