   -1000.0   3.8918248623E-005
    -500.0   3.8980308258E-005
    -400.0   3.8992674837E-005
    -300.0   3.9005033438E-005
    -280.0   3.9007503998E-005
    -260.0   3.9010185070E-005
    -240.0   3.9012781559E-005
    -220.0   3.9015522758E-005
    -200.0   3.9018578471E-005
    -180.0   3.9020856303E-005
    -160.0   3.9023387593E-005
    -140.0   3.9026153770E-005
    -120.0   3.9029346974E-005
    -100.0   3.9043614293E-005
     -80.0   3.9046608414E-005
     -60.0   3.9049101849E-005
     -50.0   3.9051607603E-005
     -40.0   3.9054438554E-005
     -30.0   3.9059140413E-005
     -20.0   3.9063641081E-005
     -10.0   3.9071663226E-005
       0.0   3.9961619255E-005
      10.0   3.9252636445E-005
      20.0   3.9217950254E-005
      30.0   3.7845698510E-005
      40.0   3.6934499012E-005
      50.0   3.6908960010E-005
      60.0   3.6611232010E-005
      80.0   3.6408563513E-005
     100.0   3.6479053831E-005
     120.0   3.5663755234E-005
     140.0   3.5774781602E-005
     160.0   3.6406125581E-005
     180.0   3.7197313842E-005
     200.0   3.7458176413E-005
     220.0   3.7473351065E-005
     240.0   3.7052938416E-005
     260.0   3.6384143567E-005
     280.0   3.7425001273E-005
     300.0   3.8392271812E-005
     400.0   3.9091330822E-005
     500.0   3.9103718895E-005
    1000.0   3.9165252788E-005
