   -1000.0   5.3902862378E-005
    -500.0   5.3831598064E-005
    -400.0   5.3817270370E-005
    -300.0   5.3802934123E-005
    -280.0   5.3800065848E-005
    -260.0   5.3797197232E-005
    -240.0   5.3794328276E-005
    -220.0   5.3791458979E-005
    -200.0   5.3788589345E-005
    -180.0   5.3785719377E-005
    -160.0   5.3782849085E-005
    -140.0   5.3779978686E-005
    -120.0   5.3777129737E-005
    -100.0   5.3774407517E-005
     -80.0   5.3771631459E-005
     -60.0   5.3768769843E-005
     -50.0   5.3767346230E-005
     -40.0   5.3765931449E-005
     -30.0   5.3764522771E-005
     -20.0   5.3763102372E-005
     -10.0   5.3677767915E-005
       0.0   5.3649472173E-005
      10.0   5.3535136266E-005
      20.0   5.3757291069E-005
      30.0   5.3755791812E-005
      40.0   5.3754282858E-005
      50.0   5.3752777022E-005
      60.0   5.3751280368E-005
      80.0   5.3748329890E-005
     100.0   5.3745422097E-005
     120.0   5.3742526815E-005
     140.0   5.3739665482E-005
     160.0   5.3736810133E-005
     180.0   5.3733946160E-005
     200.0   5.3731076915E-005
     220.0   5.3728198098E-005
     240.0   5.3725313293E-005
     260.0   5.3722455412E-005
     280.0   5.3719596361E-005
     300.0   5.3716729894E-005
     400.0   5.3702339416E-005
     500.0   5.3687934716E-005
    1000.0   5.3615782889E-005
