   -1000.0   1.5265929561E-005
    -500.0   1.5324336165E-005
    -400.0   1.5336042053E-005
    -300.0   1.5347756181E-005
    -280.0   1.5350099971E-005
    -260.0   1.5352444074E-005
    -240.0   1.5354788485E-005
    -220.0   1.5357133196E-005
    -200.0   1.5359478199E-005
    -180.0   1.5361823482E-005
    -160.0   1.5364169036E-005
    -140.0   1.5366517633E-005
    -120.0   1.5368876991E-005
    -100.0   1.5371232346E-005
     -80.0   1.5373585106E-005
     -60.0   1.5387104500E-005
     -50.0   1.5394503599E-005
     -40.0   1.5397810766E-005
     -30.0   1.5399042711E-005
     -20.0   1.5394049104E-005
     -10.0   1.5385920843E-005
       0.0   1.5384189341E-005
      10.0   1.5384240532E-005
      20.0   1.5385466047E-005
      30.0   1.5386953004E-005
      40.0   1.5389664218E-005
      50.0   1.5393301352E-005
      60.0   1.5398139577E-005
      80.0   1.5409427593E-005
     100.0   1.5405356879E-005
     120.0   1.5239315887E-005
     140.0   1.4910541988E-005
     160.0   1.4940033565E-005
     180.0   1.5072004048E-005
     200.0   1.5170498593E-005
     220.0   1.5240858069E-005
     240.0   1.5286697560E-005
     260.0   1.5208052219E-005
     280.0   1.4923096445E-005
     300.0   1.4589740600E-005
     400.0   1.5429957813E-005
     500.0   1.5441774252E-005
    1000.0   1.5500833100E-005
