   -1000.0   6.2428631977E-005
    -500.0   6.2927291629E-005
    -400.0   6.3152158013E-005
    -300.0   6.3634312878E-005
    -280.0   6.3803781044E-005
    -260.0   6.4021448934E-005
    -240.0   6.4311986131E-005
    -220.0   6.4726565035E-005
    -200.0   6.5443473598E-005
    -180.0   7.1585525673E-005
    -160.0   8.1268994982E-005
    -140.0   9.9193927229E-005
    -120.0   1.2467019495E-004
    -100.0   1.6332812505E-004
     -80.0   2.2397180366E-004
     -60.0   7.6628030951E-004
     -50.0   1.1286176185E-003
     -40.0   1.4100659159E-003
     -30.0   1.5391768526E-003
     -20.0   2.0168066339E-003
     -10.0   1.6418281816E-003
       0.0   1.5327909805E-003
      10.0   1.4233612016E-003
      20.0   1.3657823647E-003
      30.0   1.0442589345E-003
      40.0   8.7410836459E-004
      50.0   7.2572026072E-004
      60.0   5.5741688473E-004
      80.0   2.0735282850E-004
     100.0   1.5540654636E-004
     120.0   1.2463002116E-004
     140.0   1.0387742222E-004
     160.0   8.8018762398E-005
     180.0   8.0029976901E-005
     200.0   7.5118549444E-005
     220.0   7.1987858286E-005
     240.0   6.9904395203E-005
     260.0   6.8631874628E-005
     280.0   6.7176366309E-005
     300.0   6.6349368035E-005
     400.0   6.3259813016E-005
     500.0   6.3192353434E-005
    1000.0   6.3078758288E-005
