   -1000.0   6.5332328883E-005
    -500.0   8.7888057086E-005
    -400.0   1.0498830322E-004
    -300.0   1.4305365229E-004
    -280.0   1.5616261562E-004
    -260.0   1.7265808859E-004
    -240.0   1.9403557423E-004
    -220.0   2.2235733804E-004
    -200.0   2.6112948549E-004
    -180.0   3.1637961491E-004
    -160.0   3.9998831133E-004
    -140.0   5.2741369997E-004
    -120.0   7.1806648784E-004
    -100.0   1.0242231186E-003
     -80.0   1.4215069609E-003
     -60.0   1.8815673364E-003
     -50.0   2.0470011066E-003
     -40.0   2.1968058536E-003
     -30.0   2.2515792695E-003
     -20.0   2.0899218621E-003
     -10.0   2.1718057902E-003
       0.0   2.0886583815E-003
      10.0   1.9649202292E-003
      20.0   1.8819206641E-003
      30.0   1.8510228824E-003
      40.0   1.8632735587E-003
      50.0   1.7991472941E-003
      60.0   1.6937897261E-003
      80.0   1.3761346543E-003
     100.0   9.9256546903E-004
     120.0   7.0398060997E-004
     140.0   5.3321546232E-004
     160.0   4.2772635035E-004
     180.0   3.5267872873E-004
     200.0   2.9547016518E-004
     220.0   2.5239543090E-004
     240.0   2.1940626170E-004
     260.0   1.9298597569E-004
     280.0   1.7125636380E-004
     300.0   1.5445566499E-004
     400.0   1.0665006782E-004
     500.0   8.8587410115E-005
    1000.0   6.6866257455E-005
