   -1000.0   3.3919004723E-005
    -500.0   3.4008626709E-005
    -400.0   3.4023117988E-005
    -300.0   3.4040802442E-005
    -280.0   3.4051619932E-005
    -260.0   3.4488832046E-005
    -240.0   3.5011023325E-005
    -220.0   3.5104842679E-005
    -200.0   3.4738920521E-005
    -180.0   3.4770243638E-005
    -160.0   3.7580708037E-005
    -140.0   3.8260623521E-005
    -120.0   3.9995587515E-005
    -100.0   4.1271646937E-005
     -80.0   4.2879190724E-005
     -60.0   4.5564442396E-005
     -50.0   4.6679150907E-005
     -40.0   4.8222232399E-005
     -30.0   5.1422817793E-005
     -20.0   5.8730754452E-005
     -10.0   7.2491828508E-005
       0.0   8.9725366703E-005
      10.0   5.0691060263E-005
      20.0   4.2063671932E-005
      30.0   3.9251957153E-005
      40.0   3.8024342815E-005
      50.0   3.6950617554E-005
      60.0   3.8014831561E-005
      80.0   3.7096166390E-005
     100.0   3.7563592009E-005
     120.0   3.6891028081E-005
     140.0   3.6550124724E-005
     160.0   3.7346661739E-005
     180.0   3.5713143688E-005
     200.0   3.5934356323E-005
     220.0   3.5241719215E-005
     240.0   3.5061410486E-005
     260.0   3.4748774926E-005
     280.0   3.4498454716E-005
     300.0   3.4121830329E-005
     400.0   3.4130569115E-005
     500.0   3.4143011805E-005
    1000.0   3.4208851812E-005
