   -1000.0   3.1776717322E-005
    -500.0   3.1968166029E-005
    -400.0   3.2075579970E-005
    -300.0   3.2305968792E-005
    -280.0   3.2386911122E-005
    -260.0   3.2490329364E-005
    -240.0   3.2626226560E-005
    -220.0   3.2811230920E-005
    -200.0   3.3074788806E-005
    -180.0   3.3474669729E-005
    -160.0   3.4145669312E-005
    -140.0   3.5618134399E-005
    -120.0   4.0641850966E-005
    -100.0   5.3743609010E-005
     -80.0   6.6703502119E-005
     -60.0   7.9670837432E-005
     -50.0   8.2500589882E-005
     -40.0   8.2733772880E-005
     -30.0   7.9925786013E-005
     -20.0   7.7410358885E-005
     -10.0   7.4357398999E-005
       0.0   6.9577117059E-005
      10.0   6.7834308404E-005
      20.0   6.8444521573E-005
      30.0   6.7922029387E-005
      40.0   6.7259399082E-005
      50.0   6.6185642853E-005
      60.0   6.1732044434E-005
      80.0   5.1521471265E-005
     100.0   4.2334539351E-005
     120.0   3.4481463094E-005
     140.0   2.9322834424E-005
     160.0   2.8327444251E-005
     180.0   2.8804998537E-005
     200.0   2.9358217320E-005
     220.0   2.9920297040E-005
     240.0   3.0072895341E-005
     260.0   2.9925097391E-005
     280.0   2.9125594416E-005
     300.0   2.9404592159E-005
     400.0   3.2092883521E-005
     500.0   3.2086470116E-005
    1000.0   3.2077531118E-005
