   -1000.0   2.4623646973E-005
    -500.0   2.4697397178E-005
    -400.0   2.4712158374E-005
    -300.0   2.4726918084E-005
    -280.0   2.4729869094E-005
    -260.0   2.4732819523E-005
    -240.0   2.4735769200E-005
    -220.0   2.4738717913E-005
    -200.0   2.4741665397E-005
    -180.0   2.4744611347E-005
    -160.0   2.4747573724E-005
    -140.0   2.4750559635E-005
    -120.0   2.4753555495E-005
    -100.0   2.4756538020E-005
     -80.0   2.4759507419E-005
     -60.0   2.4764817294E-005
     -50.0   2.4766414274E-005
     -40.0   2.4767791385E-005
     -30.0   2.4768778804E-005
     -20.0   2.4769494004E-005
     -10.0   2.4770857942E-005
       0.0   2.4771890253E-005
      10.0   2.4773097069E-005
      20.0   2.4774766638E-005
      30.0   2.4776455010E-005
      40.0   2.4778071339E-005
      50.0   2.4779749527E-005
      60.0   2.4780920510E-005
      80.0   2.4785342506E-005
     100.0   2.4789138486E-005
     120.0   2.4497073360E-005
     140.0   2.3095513966E-005
     160.0   2.2060745519E-005
     180.0   2.2129502608E-005
     200.0   2.2964874841E-005
     220.0   2.3558949400E-005
     240.0   2.3938904581E-005
     260.0   2.4111060308E-005
     280.0   2.4254413549E-005
     300.0   2.3318919626E-005
     400.0   2.4829165420E-005
     500.0   2.4845185527E-005
    1000.0   2.4919903144E-005
