   -1000.0   2.3303759815E-004
    -500.0   2.3587499150E-004
    -400.0   2.3735370119E-004
    -300.0   2.4058848287E-004
    -280.0   2.4174157342E-004
    -260.0   2.4324154446E-004
    -240.0   2.4531443832E-004
    -220.0   2.4913669964E-004
    -200.0   2.6112392137E-004
    -180.0   2.7927476502E-004
    -160.0   3.0807642368E-004
    -140.0   3.5229886033E-004
    -120.0   4.3020779928E-004
    -100.0   6.0662100472E-004
     -80.0   1.7673057027E-003
     -60.0   3.0909433555E-003
     -50.0   3.7121238686E-003
     -40.0   4.4271075778E-003
     -30.0   5.2827930211E-003
     -20.0   6.4931613915E-003
     -10.0   7.7326245529E-003
       0.0   5.5315312915E-003
      10.0   4.1840054218E-003
      20.0   3.4539300663E-003
      30.0   2.6801282630E-003
      40.0   2.1730174870E-003
      50.0   1.8198453651E-003
      60.0   1.5697295699E-003
      80.0   1.0763494562E-003
     100.0   6.1518564533E-004
     120.0   4.6158616066E-004
     140.0   3.9333584062E-004
     160.0   3.5257365503E-004
     180.0   3.2139503171E-004
     200.0   2.9976394253E-004
     220.0   2.8072563441E-004
     240.0   2.6796567237E-004
     260.0   2.5844563926E-004
     280.0   2.5079376843E-004
     300.0   2.4600150853E-004
     400.0   2.3840916353E-004
     500.0   2.3721142670E-004
    1000.0   2.3631280738E-004
