   -1000.0   4.2974727508E-005
    -500.0   4.3030487301E-005
    -400.0   4.3041775904E-005
    -300.0   4.3053358905E-005
    -280.0   4.3055754577E-005
    -260.0   4.3058197935E-005
    -240.0   4.3060706894E-005
    -220.0   4.3063314556E-005
    -200.0   4.3068069795E-005
    -180.0   4.3073799565E-005
    -160.0   4.3080498913E-005
    -140.0   4.3089561559E-005
    -120.0   4.3099753414E-005
    -100.0   4.3108959674E-005
     -80.0   4.3163708032E-005
     -60.0   4.3236487754E-005
     -50.0   4.3286782249E-005
     -40.0   4.3368848265E-005
     -30.0   4.3523564742E-005
     -20.0   4.3895241054E-005
     -10.0   4.7603312296E-005
       0.0   8.4831202320E-005
      10.0   4.4506332657E-005
      20.0   4.3465260403E-005
      30.0   4.3305861207E-005
      40.0   4.3261864109E-005
      50.0   4.3227908483E-005
      60.0   4.3108316159E-005
      80.0   4.0987247748E-005
     100.0   4.1172570716E-005
     120.0   3.9978864665E-005
     140.0   3.9223513797E-005
     160.0   3.8876596320E-005
     180.0   3.8952640819E-005
     200.0   3.9028404726E-005
     220.0   3.6921023364E-005
     240.0   3.6002622253E-005
     260.0   3.5763529537E-005
     280.0   3.5930670107E-005
     300.0   3.6585007977E-005
     400.0   4.3099004060E-005
     500.0   4.3139120112E-005
    1000.0   4.3195198078E-005
