   -1000.0   4.0061609747E-006
    -500.0   4.0356643867E-006
    -400.0   4.0415843872E-006
    -300.0   4.0475052062E-006
    -280.0   4.0486890573E-006
    -260.0   4.0498734526E-006
    -240.0   4.0510727088E-006
    -220.0   4.0522791482E-006
    -200.0   4.0534917443E-006
    -180.0   4.0547863211E-006
    -160.0   4.0561040266E-006
    -140.0   4.0575429259E-006
    -120.0   4.0592810768E-006
    -100.0   4.0642222347E-006
     -80.0   4.0682756819E-006
     -60.0   4.0723050802E-006
     -50.0   4.0754959735E-006
     -40.0   4.0784483445E-006
     -30.0   4.0819753612E-006
     -20.0   4.0855219397E-006
     -10.0   4.0944740008E-006
       0.0   4.1059691525E-006
      10.0   4.0901881851E-006
      20.0   4.0765996173E-006
      30.0   3.9038247568E-006
      40.0   3.7787075683E-006
      50.0   3.7503860179E-006
      60.0   3.7206600662E-006
      80.0   3.7682821187E-006
     100.0   3.7965989532E-006
     120.0   3.8074187897E-006
     140.0   2.9272152095E-006
     160.0   3.4420312366E-006
     180.0   3.7205430267E-006
     200.0   4.0087301198E-006
     220.0   4.0304527775E-006
     240.0   4.0249162758E-006
     260.0   3.7467801313E-006
     280.0   3.9336612958E-006
     300.0   4.0427672956E-006
     400.0   4.0887379953E-006
     500.0   4.0952180751E-006
    1000.0   4.1256726899E-006
