   -1000.0   4.3363581110E-005
    -500.0   4.3397411815E-005
    -400.0   4.3403907579E-005
    -300.0   4.3410544649E-005
    -280.0   4.3411913400E-005
    -260.0   4.3413308942E-005
    -240.0   4.3414743169E-005
    -220.0   4.3416235836E-005
    -200.0   4.3417832740E-005
    -180.0   4.3420120518E-005
    -160.0   4.3428165694E-005
    -140.0   4.3507319847E-005
    -120.0   4.3818175984E-005
    -100.0   4.4284953761E-005
     -80.0   4.6048338971E-005
     -60.0   5.1054208189E-005
     -50.0   5.2483970687E-005
     -40.0   5.3354316849E-005
     -30.0   5.5081327515E-005
     -20.0   5.5980187937E-005
     -10.0   5.5729821015E-005
       0.0   5.6086412143E-005
      10.0   5.6444056160E-005
      20.0   5.6251067361E-005
      30.0   5.5331441963E-005
      40.0   5.4030693534E-005
      50.0   5.3005973526E-005
      60.0   5.0917947857E-005
      80.0   4.6993911617E-005
     100.0   4.4533670717E-005
     120.0   4.0342979375E-005
     140.0   3.7246654366E-005
     160.0   3.7794356570E-005
     180.0   4.0272178913E-005
     200.0   4.1576349855E-005
     220.0   4.2477029607E-005
     240.0   4.2915061065E-005
     260.0   4.3141362158E-005
     280.0   4.3266903915E-005
     300.0   4.3339979298E-005
     400.0   4.3452022999E-005
     500.0   4.3460703431E-005
    1000.0   4.3491913534E-005
