   -1000.0   5.9084162149E-005
    -500.0   5.9488551642E-005
    -400.0   5.9797073590E-005
    -300.0   6.0722630526E-005
    -280.0   6.1154989475E-005
    -260.0   6.1810072690E-005
    -240.0   6.2992849339E-005
    -220.0   6.5328066764E-005
    -200.0   6.8904041337E-005
    -180.0   7.4116805187E-005
    -160.0   7.8275925249E-005
    -140.0   8.3153913847E-005
    -120.0   8.7428014443E-005
    -100.0   9.2629328387E-005
     -80.0   9.8556041344E-005
     -60.0   1.0421789569E-004
     -50.0   1.0736431559E-004
     -40.0   1.0994635165E-004
     -30.0   1.1265910261E-004
     -20.0   1.1238124939E-004
     -10.0   1.0423984746E-004
       0.0   1.0076672389E-004
      10.0   1.0445147071E-004
      20.0   1.0309094487E-004
      30.0   9.9560206177E-005
      40.0   9.4012010013E-005
      50.0   8.9206199873E-005
      60.0   8.5360904621E-005
      80.0   7.9973723273E-005
     100.0   7.5573500993E-005
     120.0   7.2143789096E-005
     140.0   6.9233229942E-005
     160.0   6.6840086528E-005
     180.0   6.4901185945E-005
     200.0   6.3115223369E-005
     220.0   6.1446690036E-005
     240.0   6.0241861037E-005
     260.0   5.9449170110E-005
     280.0   5.8982661206E-005
     300.0   5.8849567769E-005
     400.0   5.9448348591E-005
     500.0   5.9318892107E-005
    1000.0   5.9078859145E-005
