   -1000.0   4.4839281615E-005
    -500.0   4.5030528216E-005
    -400.0   4.5114903509E-005
    -300.0   4.5292721510E-005
    -280.0   4.5354622767E-005
    -260.0   4.5433607225E-005
    -240.0   4.5537671659E-005
    -220.0   4.5681098486E-005
    -200.0   4.5893713408E-005
    -180.0   4.6261286861E-005
    -160.0   4.7481782353E-005
    -140.0   7.9240381220E-005
    -120.0   9.5268949776E-005
    -100.0   1.0973157423E-004
     -80.0   1.3207179445E-004
     -60.0   2.1526228870E-004
     -50.0   4.4773470361E-004
     -40.0   7.3834720028E-004
     -30.0   1.1394052810E-003
     -20.0   1.1634254329E-003
     -10.0   7.1356124099E-004
       0.0   4.2833942112E-004
      10.0   4.5834403656E-004
      20.0   6.5609452926E-004
      30.0   7.9203483575E-004
      40.0   5.6017936045E-004
      50.0   4.0140060505E-004
      60.0   2.1226851681E-004
      80.0   1.2803969885E-004
     100.0   1.0469924074E-004
     120.0   9.1321578707E-005
     140.0   8.0766112700E-005
     160.0   6.3123641848E-005
     180.0   5.9472770738E-005
     200.0   5.6160555837E-005
     220.0   5.3348798490E-005
     240.0   5.1779995823E-005
     260.0   5.0176835348E-005
     280.0   4.9464049394E-005
     300.0   4.8826848575E-005
     400.0   4.5234733301E-005
     500.0   4.5158013095E-005
    1000.0   4.5123209193E-005
