   -1000.0   3.2560319381E-005
    -500.0   3.2515478722E-005
    -400.0   3.2506583710E-005
    -300.0   3.2502537397E-005
    -280.0   3.2513052855E-005
    -260.0   3.2678917708E-005
    -240.0   3.2755494784E-005
    -220.0   3.2798282606E-005
    -200.0   3.2919581579E-005
    -180.0   3.3116618284E-005
    -160.0   3.3662944956E-005
    -140.0   3.4270873588E-005
    -120.0   3.6529895680E-005
    -100.0   4.3127021538E-005
     -80.0   4.7857326520E-005
     -60.0   5.3306932159E-005
     -50.0   5.7236651586E-005
     -40.0   6.2008938895E-005
     -30.0   6.7357707813E-005
     -20.0   7.1325723248E-005
     -10.0   7.5209915920E-005
       0.0   7.2206655417E-005
      10.0   6.8235826487E-005
      20.0   6.1039582591E-005
      30.0   4.9224805641E-005
      40.0   3.9469653520E-005
      50.0   3.2803995198E-005
      60.0   3.0476106708E-005
      80.0   2.9700843953E-005
     100.0   2.9360194507E-005
     120.0   2.8271410397E-005
     140.0   2.8809327906E-005
     160.0   3.0283390023E-005
     180.0   3.1151017718E-005
     200.0   3.1574024407E-005
     220.0   3.1728787393E-005
     240.0   3.1480774133E-005
     260.0   3.1121387377E-005
     280.0   3.0692649540E-005
     300.0   3.1406136900E-005
     400.0   3.2414955428E-005
     500.0   3.2406429794E-005
    1000.0   3.2352643164E-005
