   -1000.0   2.5528457062E-005
    -500.0   2.6832768933E-005
    -400.0   2.7955390659E-005
    -300.0   3.1196450200E-005
    -280.0   3.2663409581E-005
    -260.0   3.4550691915E-005
    -240.0   3.6998922251E-005
    -220.0   3.9798838332E-005
    -200.0   4.2815649584E-005
    -180.0   4.5829469988E-005
    -160.0   4.9116416302E-005
    -140.0   5.2957349301E-005
    -120.0   5.7582083141E-005
    -100.0   6.2868682088E-005
     -80.0   6.8139338481E-005
     -60.0   7.3933768928E-005
     -50.0   7.6216088561E-005
     -40.0   7.8760999595E-005
     -30.0   8.0714465107E-005
     -20.0   8.3741522831E-005
     -10.0   8.4732976386E-005
       0.0   8.5241206685E-005
      10.0   8.5611407382E-005
      20.0   8.4998827420E-005
      30.0   8.1205202475E-005
      40.0   7.8819098332E-005
      50.0   7.6056967662E-005
      60.0   7.2156039745E-005
      80.0   6.4777613411E-005
     100.0   5.6738675533E-005
     120.0   4.8142968118E-005
     140.0   4.0700867318E-005
     160.0   3.5251754474E-005
     180.0   3.1728047044E-005
     200.0   2.9045489738E-005
     220.0   2.6967018707E-005
     240.0   2.5429695712E-005
     260.0   2.4320540305E-005
     280.0   2.3525827908E-005
     300.0   2.3174248493E-005
     400.0   2.5257898113E-005
     500.0   2.5897000673E-005
    1000.0   2.5766061995E-005
