   -1000.0   7.1042420958E-006
    -500.0   7.1434083786E-006
    -400.0   7.1523149172E-006
    -300.0   7.1631231182E-006
    -280.0   7.1658271795E-006
    -260.0   7.1688886244E-006
    -240.0   7.1724816607E-006
    -220.0   7.1769231098E-006
    -200.0   7.1828830297E-006
    -180.0   7.1922371220E-006
    -160.0   7.2154284338E-006
    -140.0   8.0442827243E-006
    -120.0   8.5776880538E-006
    -100.0   8.8879453146E-006
     -80.0   9.3384493745E-006
     -60.0   1.2262413516E-005
     -50.0   2.0321293486E-005
     -40.0   2.6468110105E-005
     -30.0   3.2696642304E-005
     -20.0   2.3899616162E-005
     -10.0   1.8853702232E-005
       0.0   1.7865983136E-005
      10.0   1.8452632343E-005
      20.0   2.2710984745E-005
      30.0   2.7623896521E-005
      40.0   2.2850983933E-005
      50.0   1.9577822508E-005
      60.0   1.2274504261E-005
      80.0   9.0046207654E-006
     100.0   8.5741234254E-006
     120.0   8.2169594801E-006
     140.0   7.9046553460E-006
     160.0   7.5768868436E-006
     180.0   7.4883169146E-006
     200.0   7.4277441993E-006
     220.0   7.3527780772E-006
     240.0   7.3489731848E-006
     260.0   7.2808461967E-006
     280.0   7.2377863105E-006
     300.0   7.2257878173E-006
     400.0   7.2127298571E-006
     500.0   7.2185978238E-006
    1000.0   7.2545204394E-006
