   -1000.0   1.1001679434E-005
    -500.0   1.1050116134E-005
    -400.0   1.1059827780E-005
    -300.0   1.1069548650E-005
    -280.0   1.1071493929E-005
    -260.0   1.1073439575E-005
    -240.0   1.1075385590E-005
    -220.0   1.1077331973E-005
    -200.0   1.1079278730E-005
    -180.0   1.1081269370E-005
    -160.0   1.1083516652E-005
    -140.0   1.1085571993E-005
    -120.0   1.1087601528E-005
    -100.0   1.1089634188E-005
     -80.0   1.1091728183E-005
     -60.0   1.1093950812E-005
     -50.0   1.1097590962E-005
     -40.0   1.1107543625E-005
     -30.0   1.1121788525E-005
     -20.0   1.1119917894E-005
     -10.0   1.1105840652E-005
       0.0   1.1105429131E-005
      10.0   1.1105852571E-005
      20.0   1.1108552490E-005
      30.0   1.1108940411E-005
      40.0   1.1107738026E-005
      50.0   1.1105733629E-005
      60.0   1.1105654626E-005
      80.0   1.1107328073E-005
     100.0   1.1109957874E-005
     120.0   1.1123071793E-005
     140.0   1.1125453921E-005
     160.0   1.1038322927E-005
     180.0   1.0864231334E-005
     200.0   1.0802986500E-005
     220.0   1.0950561933E-005
     240.0   1.0996313912E-005
     260.0   1.1044652438E-005
     280.0   1.1070960331E-005
     300.0   1.1090381257E-005
     400.0   1.1137833662E-005
     500.0   1.1147649096E-005
    1000.0   1.1196769949E-005
