   -1000.0   4.2987724250E-005
    -500.0   4.3039634217E-005
    -400.0   4.3049863437E-005
    -300.0   4.3060085882E-005
    -280.0   4.3062129553E-005
    -260.0   4.3064172948E-005
    -240.0   4.3066216067E-005
    -220.0   4.3068258909E-005
    -200.0   4.3070301471E-005
    -180.0   4.3072344684E-005
    -160.0   4.3074394593E-005
    -140.0   4.3076445460E-005
    -120.0   4.3078498953E-005
    -100.0   4.3080887078E-005
     -80.0   4.3083094381E-005
     -60.0   4.3085236264E-005
     -50.0   4.3086271128E-005
     -40.0   4.3087298221E-005
     -30.0   4.3088294324E-005
     -20.0   4.3089402855E-005
     -10.0   4.3090741670E-005
       0.0   4.3091602663E-005
      10.0   4.3092572349E-005
      20.0   4.3093349729E-005
      30.0   4.3094224340E-005
      40.0   4.3095020804E-005
      50.0   4.3072829137E-005
      60.0   4.3034347479E-005
      80.0   4.3005156925E-005
     100.0   4.3002725107E-005
     120.0   4.3006195352E-005
     140.0   4.3006390562E-005
     160.0   4.3003392315E-005
     180.0   4.2987414557E-005
     200.0   4.2991223064E-005
     220.0   4.3027136686E-005
     240.0   4.3027262218E-005
     260.0   4.3029572430E-005
     280.0   4.2963360941E-005
     300.0   4.2875258015E-005
     400.0   4.3131441134E-005
     500.0   4.3141620605E-005
    1000.0   4.3192360953E-005
