   -1000.0   7.4343452397E-005
    -500.0   7.4349879776E-005
    -400.0   7.4351119429E-005
    -300.0   7.4352344997E-005
    -280.0   7.4352588403E-005
    -260.0   7.4352831234E-005
    -240.0   7.4353073485E-005
    -220.0   7.4353315150E-005
    -200.0   7.4353556221E-005
    -180.0   7.4353796687E-005
    -160.0   7.4354036560E-005
    -140.0   7.4354276035E-005
    -120.0   7.4354516124E-005
    -100.0   7.4354756351E-005
     -80.0   7.4354994515E-005
     -60.0   7.4355231576E-005
     -50.0   7.4355348872E-005
     -40.0   7.4355465684E-005
     -30.0   7.4355580274E-005
     -20.0   7.4017968327E-005
     -10.0   7.4349831631E-005
       0.0   7.4314262878E-005
      10.0   7.4274867065E-005
      20.0   7.4219086974E-005
      30.0   7.4169833812E-005
      40.0   7.4143922510E-005
      50.0   7.4087212582E-005
      60.0   7.4070386176E-005
      80.0   7.4027729645E-005
     100.0   7.4018516143E-005
     120.0   7.4006445907E-005
     140.0   7.4033598263E-005
     160.0   7.4018273633E-005
     180.0   7.4032349410E-005
     200.0   7.4015344156E-005
     220.0   7.3792163661E-005
     240.0   7.3676787593E-005
     260.0   7.3740526330E-005
     280.0   7.3798602756E-005
     300.0   7.3992281527E-005
     400.0   7.4360525154E-005
     500.0   7.4361647587E-005
    1000.0   7.4367010502E-005
