   -1000.0   3.4035946183E-005
    -500.0   3.4099059388E-005
    -400.0   3.4111602736E-005
    -300.0   3.4124077852E-005
    -280.0   3.4126560709E-005
    -260.0   3.4129826654E-005
    -240.0   3.4133260161E-005
    -220.0   3.4135261673E-005
    -200.0   3.4137442067E-005
    -180.0   3.4146422342E-005
    -160.0   3.4152018258E-005
    -140.0   3.4159593400E-005
    -120.0   3.4163993351E-005
    -100.0   3.4170915751E-005
     -80.0   3.4178018589E-005
     -60.0   3.4186721255E-005
     -50.0   3.4187877257E-005
     -40.0   3.4189085999E-005
     -30.0   3.4192554122E-005
     -20.0   3.4200020025E-005
     -10.0   3.4223538523E-005
       0.0   2.9710614510E-005
      10.0   2.9380541123E-005
      20.0   3.0464385813E-005
      30.0   3.0813665256E-005
      40.0   3.1020090038E-005
      50.0   3.0998055273E-005
      60.0   3.1079903975E-005
      80.0   3.1396345952E-005
     100.0   3.0120397318E-005
     120.0   3.2624942458E-005
     140.0   3.3476920584E-005
     160.0   3.3916550825E-005
     180.0   3.4147900412E-005
     200.0   3.4104437730E-005
     220.0   3.4106231563E-005
     240.0   3.4018718611E-005
     260.0   3.3607748154E-005
     280.0   3.3650317656E-005
     300.0   3.3847820072E-005
     400.0   3.4211836309E-005
     500.0   3.4224786282E-005
    1000.0   3.4287786665E-005
