   -1000.0   3.7712453706E-005
    -500.0   3.7675337963E-005
    -400.0   3.7666754910E-005
    -300.0   3.7659870455E-005
    -280.0   3.7658979278E-005
    -260.0   3.7658403989E-005
    -240.0   3.7658290028E-005
    -220.0   3.7658888395E-005
    -200.0   3.7660689121E-005
    -180.0   3.7664958658E-005
    -160.0   3.7692346276E-005
    -140.0   3.7965382930E-005
    -120.0   3.8473369548E-005
    -100.0   3.9378966132E-005
     -80.0   4.2997328258E-005
     -60.0   4.8310881027E-005
     -50.0   5.1869203001E-005
     -40.0   5.7793382511E-005
     -30.0   6.8172255764E-005
     -20.0   7.2082230081E-005
     -10.0   6.8547116082E-005
       0.0   5.9140981148E-005
      10.0   5.2515597571E-005
      20.0   5.2111018746E-005
      30.0   5.0898388045E-005
      40.0   4.7180699100E-005
      50.0   4.4490847472E-005
      60.0   4.3262286006E-005
      80.0   4.1020098754E-005
     100.0   3.7820851030E-005
     120.0   3.6349701702E-005
     140.0   3.5221259640E-005
     160.0   3.4846324169E-005
     180.0   3.5352358719E-005
     200.0   3.5812928676E-005
     220.0   3.6201247199E-005
     240.0   3.6533814047E-005
     260.0   3.6799303754E-005
     280.0   3.7004887854E-005
     300.0   3.7161667405E-005
     400.0   3.7578701587E-005
     500.0   3.7574637082E-005
    1000.0   3.7525609991E-005
