   -1000.0   7.1647405678E-006
    -500.0   7.2027939272E-006
    -400.0   7.2104290542E-006
    -300.0   7.2180716572E-006
    -280.0   7.2196009235E-006
    -260.0   7.2211303823E-006
    -240.0   7.2226599972E-006
    -220.0   7.2241899525E-006
    -200.0   7.2257232060E-006
    -180.0   7.2272606988E-006
    -160.0   7.2288035514E-006
    -140.0   7.2303555946E-006
    -120.0   7.2319283787E-006
    -100.0   7.2382914499E-006
     -80.0   7.2402028840E-006
     -60.0   7.2412241531E-006
     -50.0   7.2409687523E-006
     -40.0   7.2410576949E-006
     -30.0   7.2414233443E-006
     -20.0   7.2425501514E-006
     -10.0   7.2489315975E-006
       0.0   7.2467144004E-006
      10.0   7.2451724458E-006
      20.0   7.2468104955E-006
      30.0   7.2491786030E-006
      40.0   7.2511401713E-006
      50.0   7.2159566693E-006
      60.0   7.0939811441E-006
      80.0   6.7541261401E-006
     100.0   6.5760803444E-006
     120.0   6.6141998013E-006
     140.0   6.7007632666E-006
     160.0   6.8008989385E-006
     180.0   6.8794923191E-006
     200.0   6.9260231459E-006
     220.0   6.9733964145E-006
     240.0   6.7064836657E-006
     260.0   5.9181531322E-006
     280.0   5.4991854820E-006
     300.0   5.1248601887E-006
     400.0   7.1168637257E-006
     500.0   7.2794917268E-006
    1000.0   7.3183486080E-006
