   -1000.0   3.8686318898E-005
    -500.0   3.8806374319E-005
    -400.0   3.8830403797E-005
    -300.0   3.8854438651E-005
    -280.0   3.8859246129E-005
    -260.0   3.8864053726E-005
    -240.0   3.8868861407E-005
    -220.0   3.8873669129E-005
    -200.0   3.8878476834E-005
    -180.0   3.8883284445E-005
    -160.0   3.8888095090E-005
    -140.0   3.8893449866E-005
    -120.0   3.8898808726E-005
    -100.0   3.8903628359E-005
     -80.0   3.8908292929E-005
     -60.0   3.8913872629E-005
     -50.0   3.8915948603E-005
     -40.0   3.8918360744E-005
     -30.0   3.8922021376E-005
     -20.0   3.8665286617E-005
     -10.0   3.8761483428E-005
       0.0   3.8651458416E-005
      10.0   3.8452195968E-005
      20.0   3.8363263262E-005
      30.0   3.8197552353E-005
      40.0   3.8245195291E-005
      50.0   3.7731402282E-005
      60.0   3.7661652000E-005
      80.0   3.7441369394E-005
     100.0   3.7345575814E-005
     120.0   3.7187463602E-005
     140.0   3.6950431355E-005
     160.0   3.6551993501E-005
     180.0   3.6126425069E-005
     200.0   3.5036621191E-005
     220.0   3.1314655273E-005
     240.0   3.0565290439E-005
     260.0   3.0690268023E-005
     280.0   3.1157212384E-005
     300.0   3.3310889303E-005
     400.0   3.9022683796E-005
     500.0   3.9046953415E-005
    1000.0   3.9167590274E-005
