   -1000.0   3.2596853318E-005
    -500.0   3.2619271670E-005
    -400.0   3.2659786647E-005
    -300.0   3.2774167784E-005
    -280.0   3.2817920931E-005
    -260.0   3.2874995127E-005
    -240.0   3.2951090487E-005
    -220.0   3.3055417048E-005
    -200.0   3.3203645251E-005
    -180.0   3.3424538953E-005
    -160.0   3.3776358095E-005
    -140.0   3.4397065140E-005
    -120.0   3.5747831609E-005
    -100.0   4.4275090768E-005
     -80.0   6.2029198041E-005
     -60.0   8.5620188124E-005
     -50.0   9.0102684206E-005
     -40.0   9.3535585636E-005
     -30.0   9.5028669359E-005
     -20.0   9.4386742158E-005
     -10.0   8.9181608019E-005
       0.0   8.5481707980E-005
      10.0   6.3450015449E-005
      20.0   5.7372831833E-005
      30.0   5.6951229419E-005
      40.0   5.6428742701E-005
      50.0   5.5348354964E-005
      60.0   5.2978475812E-005
      80.0   4.1547061212E-005
     100.0   3.2377736949E-005
     120.0   2.7407199485E-005
     140.0   2.7904623977E-005
     160.0   2.8240556369E-005
     180.0   2.8666472391E-005
     200.0   2.9074924897E-005
     220.0   2.9633350654E-005
     240.0   3.0618453102E-005
     260.0   3.1599226909E-005
     280.0   3.2235072628E-005
     300.0   3.2387527330E-005
     400.0   3.2467364865E-005
     500.0   3.2444927734E-005
    1000.0   3.2343257013E-005
