   -1000.0   6.1486498607E-004
    -500.0   6.5300571990E-004
    -400.0   6.7963768763E-004
    -300.0   7.0603627106E-004
    -280.0   7.1074478834E-004
    -260.0   7.1864268445E-004
    -240.0   7.2971360132E-004
    -220.0   7.6862446883E-004
    -200.0   7.9850581157E-004
    -180.0   8.2373034308E-004
    -160.0   8.5762336210E-004
    -140.0   9.0533089435E-004
    -120.0   9.3170029600E-004
    -100.0   9.6894095108E-004
     -80.0   9.9415877760E-004
     -60.0   1.0019986071E-003
     -50.0   9.7838290545E-004
     -40.0   9.4783769249E-004
     -30.0   9.2757338123E-004
     -20.0   9.4263615388E-004
     -10.0   9.2953275014E-004
       0.0   9.2491292579E-004
      10.0   9.0884873503E-004
      20.0   8.8220753109E-004
      30.0   8.9364083588E-004
      40.0   9.1274234018E-004
      50.0   9.3156287560E-004
      60.0   9.4353362222E-004
      80.0   9.5465594855E-004
     100.0   9.4763952166E-004
     120.0   9.1374971380E-004
     140.0   9.0952834635E-004
     160.0   8.8981605439E-004
     180.0   8.6309597237E-004
     200.0   8.3588766274E-004
     220.0   8.0343119589E-004
     240.0   7.8003141020E-004
     260.0   7.5839684148E-004
     280.0   7.3886007816E-004
     300.0   7.2345530087E-004
     400.0   6.7528837258E-004
     500.0   6.5204127420E-004
    1000.0   6.2167260583E-004
