   -1000.0   7.6045841573E-006
    -500.0   7.6457734112E-006
    -400.0   7.6555365625E-006
    -300.0   7.6680610457E-006
    -280.0   7.6713182845E-006
    -260.0   7.6750365363E-006
    -240.0   7.6794057582E-006
    -220.0   7.6848851605E-006
    -200.0   7.6920385674E-006
    -180.0   7.7011412714E-006
    -160.0   7.7133368073E-006
    -140.0   7.7299908209E-006
    -120.0   7.7542144878E-006
    -100.0   7.7942808090E-006
     -80.0   7.8521447781E-006
     -60.0   7.9578220839E-006
     -50.0   8.0541534920E-006
     -40.0   8.2008416329E-006
     -30.0   8.4138752221E-006
     -20.0   8.5808459059E-006
     -10.0   8.3407957786E-006
       0.0   1.0308335275E-005
      10.0   9.9354731096E-006
      20.0   9.0295358157E-006
      30.0   8.5419689681E-006
      40.0   8.2265476329E-006
      50.0   8.0552063300E-006
      60.0   7.9234333162E-006
      80.0   7.5243857902E-006
     100.0   7.3256266251E-006
     120.0   7.2523813330E-006
     140.0   7.2213561916E-006
     160.0   7.2014850618E-006
     180.0   7.1738078706E-006
     200.0   6.8151564402E-006
     220.0   5.5461115359E-006
     240.0   5.1238284589E-006
     260.0   5.0631628161E-006
     280.0   5.1891881660E-006
     300.0   5.5873443146E-006
     400.0   7.0957727905E-006
     500.0   7.6697952880E-006
    1000.0   7.7604468599E-006
