   -1000.0   4.8117110531E-005
    -500.0   4.8158857102E-005
    -400.0   4.8166596706E-005
    -300.0   4.8173527949E-005
    -280.0   4.8174720225E-005
    -260.0   4.8175805856E-005
    -240.0   4.8176767088E-005
    -220.0   4.8178883751E-005
    -200.0   4.8182630919E-005
    -180.0   4.8185944156E-005
    -160.0   4.8190376672E-005
    -140.0   4.8193554191E-005
    -120.0   4.8196730278E-005
    -100.0   4.8195576350E-005
     -80.0   4.8189816529E-005
     -60.0   4.8167973867E-005
     -50.0   4.8143192897E-005
     -40.0   4.8098681449E-005
     -30.0   4.8002975548E-005
     -20.0   4.7733721802E-005
     -10.0   4.6312934367E-005
       0.0   3.5597161984E-005
      10.0   4.1455496928E-005
      20.0   4.4247806673E-005
      30.0   4.4500009826E-005
      40.0   4.3403549289E-005
      50.0   4.2730623669E-005
      60.0   4.2781641211E-005
      80.0   4.1683731979E-005
     100.0   2.9414735200E-005
     120.0   2.9124742956E-005
     140.0   2.9528119059E-005
     160.0   3.0059583723E-005
     180.0   3.0578400242E-005
     200.0   3.1116757835E-005
     220.0   3.3309507648E-005
     240.0   3.6934891229E-005
     260.0   3.9270343841E-005
     280.0   4.1368228992E-005
     300.0   4.2188261767E-005
     400.0   4.8224199139E-005
     500.0   4.8240595520E-005
    1000.0   4.8287107658E-005
