   -1000.0   3.9521722184E-005
    -500.0   3.9638711468E-005
    -400.0   3.9674978161E-005
    -300.0   3.9744452012E-005
    -280.0   3.9768534028E-005
    -260.0   3.9800270354E-005
    -240.0   3.9845955268E-005
    -220.0   3.9931189482E-005
    -200.0   4.1234136855E-005
    -180.0   4.3261873513E-005
    -160.0   4.5937297616E-005
    -140.0   4.8839069096E-005
    -120.0   5.2789832717E-005
    -100.0   6.0393281963E-005
     -80.0   1.1077914721E-004
     -60.0   1.5159008335E-004
     -50.0   1.7916333312E-004
     -40.0   2.1701046473E-004
     -30.0   2.7255289843E-004
     -20.0   3.4935209319E-004
     -10.0   4.3125536556E-004
       0.0   2.3216029402E-004
      10.0   2.6858738171E-004
      20.0   1.9353912732E-004
      30.0   1.4275775305E-004
      40.0   1.3069891851E-004
      50.0   1.1602902737E-004
      60.0   1.0848273280E-004
      80.0   8.8000591525E-005
     100.0   5.6442984713E-005
     120.0   5.0098731276E-005
     140.0   4.7347638656E-005
     160.0   4.5397401427E-005
     180.0   4.3972752995E-005
     200.0   4.3119862461E-005
     220.0   4.2676347832E-005
     240.0   4.2011791357E-005
     260.0   4.0715233916E-005
     280.0   3.9748518885E-005
     300.0   3.8983086734E-005
     400.0   3.9729586820E-005
     500.0   3.9757240561E-005
    1000.0   3.9791034762E-005
