   -1000.0   6.0457382764E-005
    -500.0   6.1089492280E-005
    -400.0   6.1550673391E-005
    -300.0   6.2588980378E-005
    -280.0   6.2955228853E-005
    -260.0   6.3420381399E-005
    -240.0   6.4024749216E-005
    -220.0   6.4832218201E-005
    -200.0   6.5950358470E-005
    -180.0   6.7572526467E-005
    -160.0   7.0117166454E-005
    -140.0   7.5332622927E-005
    -120.0   8.4335520539E-005
    -100.0   1.0030594814E-004
     -80.0   1.5351658873E-004
     -60.0   1.9887265445E-004
     -50.0   2.2039100859E-004
     -40.0   2.2971553965E-004
     -30.0   2.3200103464E-004
     -20.0   2.1291897227E-004
     -10.0   1.9814775220E-004
       0.0   1.7370851213E-004
      10.0   1.5043263496E-004
      20.0   1.4260692278E-004
      30.0   1.2614112959E-004
      40.0   1.1442749731E-004
      50.0   1.0456572199E-004
      60.0   9.7871198986E-005
      80.0   9.0626776700E-005
     100.0   7.8308634903E-005
     120.0   6.5147053906E-005
     140.0   5.6633137910E-005
     160.0   5.1123600027E-005
     180.0   4.9007456246E-005
     200.0   4.8803716168E-005
     220.0   4.7313118350E-005
     240.0   4.6472851757E-005
     260.0   4.6882759814E-005
     280.0   4.9673806876E-005
     300.0   5.4601863571E-005
     400.0   6.1174624133E-005
     500.0   6.1028317722E-005
    1000.0   6.0696373736E-005
