   -1000.0   3.9234717664E-005
    -500.0   3.9187193747E-005
    -400.0   3.9177555023E-005
    -300.0   3.9167909084E-005
    -280.0   3.9165979031E-005
    -260.0   3.9164048690E-005
    -240.0   3.9162118064E-005
    -220.0   3.9160188065E-005
    -200.0   3.9158261880E-005
    -180.0   3.9156336248E-005
    -160.0   3.9154412516E-005
    -140.0   3.9152535477E-005
    -120.0   3.9150646567E-005
    -100.0   3.9148732862E-005
     -80.0   3.9146820397E-005
     -60.0   3.9144911978E-005
     -50.0   3.9143960457E-005
     -40.0   3.9143011873E-005
     -30.0   3.9142069087E-005
     -20.0   3.9141139027E-005
     -10.0   3.9192269124E-005
       0.0   3.9139252113E-005
      10.0   3.9176967691E-005
      20.0   3.9137136173E-005
      30.0   3.9136129479E-005
      40.0   3.9135143496E-005
      50.0   3.9134163841E-005
      60.0   3.9133187442E-005
      80.0   3.9131239968E-005
     100.0   3.9129296648E-005
     120.0   3.9127356950E-005
     140.0   3.9125410120E-005
     160.0   3.9123456169E-005
     180.0   3.9121509384E-005
     200.0   3.9119562936E-005
     220.0   3.9117618702E-005
     240.0   3.9115677975E-005
     260.0   3.9113738394E-005
     280.0   3.9111803121E-005
     300.0   3.9109870596E-005
     400.0   3.9100185090E-005
     500.0   3.9090481430E-005
    1000.0   3.9041854937E-005
