   -1000.0   4.6447038311E-005
    -500.0   4.6459565963E-005
    -400.0   4.6472069895E-005
    -300.0   4.6505758268E-005
    -280.0   4.6518443979E-005
    -260.0   4.6534926385E-005
    -240.0   4.6556858320E-005
    -220.0   4.6586953333E-005
    -200.0   4.6630018897E-005
    -180.0   4.6695571051E-005
    -160.0   4.6809813903E-005
    -140.0   4.7591539388E-005
    -120.0   5.0964542124E-005
    -100.0   7.1121174671E-005
     -80.0   9.6834858278E-005
     -60.0   1.2529012310E-004
     -50.0   1.4437788741E-004
     -40.0   1.6721724802E-004
     -30.0   1.7571690513E-004
     -20.0   1.7677391280E-004
     -10.0   1.7771489960E-004
       0.0   1.8089417849E-004
      10.0   1.5146320850E-004
      20.0   1.3398851966E-004
      30.0   1.3451886775E-004
      40.0   1.3268903681E-004
      50.0   1.1777789048E-004
      60.0   1.0232391900E-004
      80.0   7.9814792700E-005
     100.0   6.0556182411E-005
     120.0   4.5079948205E-005
     140.0   4.1730632315E-005
     160.0   4.1903954726E-005
     180.0   4.2972289536E-005
     200.0   4.3827536964E-005
     220.0   4.4490650775E-005
     240.0   4.4853068026E-005
     260.0   4.5000254633E-005
     280.0   4.4849366587E-005
     300.0   4.4827093469E-005
     400.0   4.6410713841E-005
     500.0   4.6414202838E-005
    1000.0   4.6384471311E-005
