   -1000.0   8.2097330324E-006
    -500.0   8.2532287090E-006
    -400.0   8.2621731895E-006
    -300.0   8.2718821206E-006
    -280.0   8.2740326936E-006
    -260.0   8.2763148536E-006
    -240.0   8.2787860654E-006
    -220.0   8.2815456764E-006
    -200.0   8.2847954147E-006
    -180.0   8.2891505230E-006
    -160.0   8.3416935720E-006
    -140.0   8.4705848900E-006
    -120.0   8.6804624509E-006
    -100.0   8.9762761870E-006
     -80.0   9.4942005245E-006
     -60.0   1.0380533093E-005
     -50.0   1.6118870365E-005
     -40.0   2.4244980234E-005
     -30.0   2.6922797408E-005
     -20.0   2.6388218606E-005
     -10.0   2.2002854793E-005
       0.0   2.1298204552E-005
      10.0   2.1808471397E-005
      20.0   2.5549145658E-005
      30.0   2.3511622930E-005
      40.0   1.9922660022E-005
      50.0   1.5009704827E-005
      60.0   1.0372881173E-005
      80.0   9.5151183663E-006
     100.0   8.9990361855E-006
     120.0   8.7028248870E-006
     140.0   8.4974844026E-006
     160.0   8.2632223040E-006
     180.0   8.0512507464E-006
     200.0   8.1226884643E-006
     220.0   8.1523475734E-006
     240.0   8.2004652372E-006
     260.0   8.2288499995E-006
     280.0   8.2462885159E-006
     300.0   8.2689648326E-006
     400.0   8.3287621066E-006
     500.0   8.3369877969E-006
    1000.0   8.3786636344E-006
