   -1000.0   4.9459854782E-005
    -500.0   4.9703819932E-005
    -400.0   4.9824491844E-005
    -300.0   5.0216466613E-005
    -280.0   5.0432094511E-005
    -260.0   5.0830525457E-005
    -240.0   5.1870195656E-005
    -220.0   5.5278473382E-005
    -200.0   5.9492400931E-005
    -180.0   6.3671255835E-005
    -160.0   6.5659734601E-005
    -140.0   6.7411058605E-005
    -120.0   6.9682031383E-005
    -100.0   7.2485941923E-005
     -80.0   7.7160645586E-005
     -60.0   8.3316258272E-005
     -50.0   8.6773634438E-005
     -40.0   9.0608678473E-005
     -30.0   9.5526433033E-005
     -20.0   9.6432557591E-005
     -10.0   9.3253452685E-005
       0.0   8.6879562624E-005
      10.0   8.1294404048E-005
      20.0   7.5001404366E-005
      30.0   7.0796779649E-005
      40.0   6.6429584027E-005
      50.0   6.3124076808E-005
      60.0   6.0863509066E-005
      80.0   5.4496869813E-005
     100.0   4.9833110132E-005
     120.0   4.6700209820E-005
     140.0   4.5484723013E-005
     160.0   4.5178892888E-005
     180.0   4.6218205555E-005
     200.0   4.8273531626E-005
     220.0   4.8912672344E-005
     240.0   4.8728809433E-005
     260.0   4.8093347603E-005
     280.0   4.7870075490E-005
     300.0   4.8111660502E-005
     400.0   4.9606048662E-005
     500.0   4.9696675678E-005
    1000.0   4.9712898526E-005
