   -1000.0   3.6471820390E-005
    -500.0   3.6426827934E-005
    -400.0   3.6417650526E-005
    -300.0   3.6408505051E-005
    -280.0   3.6406685774E-005
    -260.0   3.6404872884E-005
    -240.0   3.6403069145E-005
    -220.0   3.6401278997E-005
    -200.0   3.6399510071E-005
    -180.0   3.6397788387E-005
    -160.0   3.6396212348E-005
    -140.0   3.6394913580E-005
    -120.0   3.6401189356E-005
    -100.0   3.6463574881E-005
     -80.0   3.6931505772E-005
     -60.0   3.8150158237E-005
     -50.0   3.8121462702E-005
     -40.0   3.8008696346E-005
     -30.0   3.8051462051E-005
     -20.0   3.8228589533E-005
     -10.0   3.8429328097E-005
       0.0   3.8488774748E-005
      10.0   3.8431688718E-005
      20.0   3.8231875986E-005
      30.0   3.8045298040E-005
      40.0   3.7960230168E-005
      50.0   3.7944032545E-005
      60.0   3.7885082018E-005
      80.0   3.6892095597E-005
     100.0   3.6372311286E-005
     120.0   3.6194614947E-005
     140.0   3.6321941719E-005
     160.0   3.6347716762E-005
     180.0   3.6355895896E-005
     200.0   3.6358776807E-005
     220.0   3.6358912084E-005
     240.0   3.6357852362E-005
     260.0   3.6356384125E-005
     280.0   3.6354714212E-005
     300.0   3.6352975416E-005
     400.0   3.6343744565E-005
     500.0   3.6334447677E-005
    1000.0   3.6287969240E-005
