   -1000.0   7.3701986788E-006
    -500.0   7.4129521288E-006
    -400.0   7.4214356558E-006
    -300.0   7.4298074964E-006
    -280.0   7.4314557365E-006
    -260.0   7.4330952695E-006
    -240.0   7.4347119510E-006
    -220.0   7.4364115068E-006
    -200.0   7.4380000530E-006
    -180.0   7.4397685175E-006
    -160.0   7.4412582765E-006
    -140.0   7.4426552885E-006
    -120.0   7.4439412793E-006
    -100.0   7.4450365791E-006
     -80.0   7.4458996827E-006
     -60.0   7.4459470910E-006
     -50.0   7.4454727977E-006
     -40.0   7.4442165155E-006
     -30.0   7.4376719411E-006
     -20.0   7.0873531228E-006
     -10.0   5.6575109116E-006
       0.0   4.9971965563E-006
      10.0   4.7495080234E-006
      20.0   5.0935218547E-006
      30.0   5.4879182901E-006
      40.0   5.7645293227E-006
      50.0   5.9745479107E-006
      60.0   6.1338505797E-006
      80.0   4.9117974360E-006
     100.0   3.9794996232E-006
     120.0   4.1623325413E-006
     140.0   4.3227109588E-006
     160.0   6.6775074334E-006
     180.0   6.6874062547E-006
     200.0   6.7523463509E-006
     220.0   6.7665385478E-006
     240.0   6.7269706947E-006
     260.0   7.2094956378E-006
     280.0   7.2799055466E-006
     300.0   7.3424919390E-006
     400.0   7.4894625943E-006
     500.0   7.4991218467E-006
    1000.0   7.5436418595E-006
