   -1000.0   1.0805983501E-005
    -500.0   1.0864318117E-005
    -400.0   1.0876021391E-005
    -300.0   1.0887736784E-005
    -280.0   1.0890081300E-005
    -260.0   1.0892426290E-005
    -240.0   1.0894771771E-005
    -220.0   1.0897117730E-005
    -200.0   1.0899464166E-005
    -180.0   1.0901811040E-005
    -160.0   1.0904158405E-005
    -140.0   1.0906506252E-005
    -120.0   1.0908855673E-005
    -100.0   1.0911207677E-005
     -80.0   1.0913559207E-005
     -60.0   1.0915909994E-005
     -50.0   1.0917084910E-005
     -40.0   1.0918259414E-005
     -30.0   1.0919433235E-005
     -20.0   1.0920605763E-005
     -10.0   1.0921775739E-005
       0.0   1.0922862543E-005
      10.0   1.0921556082E-005
      20.0   1.0900836401E-005
      30.0   1.0841851748E-005
      40.0   1.0783087632E-005
      50.0   1.0757825043E-005
      60.0   1.0755671563E-005
      80.0   1.0779973835E-005
     100.0   1.0819503951E-005
     120.0   1.0814172721E-005
     140.0   1.0719284439E-005
     160.0   1.0812519704E-005
     180.0   1.0864108420E-005
     200.0   1.0877038463E-005
     220.0   1.0898876165E-005
     240.0   1.0904683351E-005
     260.0   1.0903746742E-005
     280.0   1.0919527616E-005
     300.0   1.0935193013E-005
     400.0   1.0970089600E-005
     500.0   1.0981906079E-005
    1000.0   1.1041165288E-005
