   -1000.0   3.8830554511E-005
    -500.0   3.8929025014E-005
    -400.0   3.8948087029E-005
    -300.0   3.8974265540E-005
    -280.0   3.8981507175E-005
    -260.0   3.8990053298E-005
    -240.0   3.9000522669E-005
    -220.0   3.9014039843E-005
    -200.0   3.9033038251E-005
    -180.0   3.9065163503E-005
    -160.0   3.9312118322E-005
    -140.0   4.5670461543E-005
    -120.0   4.8549299915E-005
    -100.0   5.0939737979E-005
     -80.0   5.7107192912E-005
     -60.0   6.6083429097E-005
     -50.0   1.5529961848E-004
     -40.0   2.2817265207E-004
     -30.0   3.2784951891E-004
     -20.0   2.7022664211E-004
     -10.0   1.6646486146E-004
       0.0   1.5978918134E-004
      10.0   1.5961263009E-004
      20.0   2.1654075648E-004
      30.0   2.8072157735E-004
      40.0   1.9825738564E-004
      50.0   1.5508013283E-004
      60.0   6.1380279300E-005
      80.0   5.4329428161E-005
     100.0   4.8950923724E-005
     120.0   4.4963548101E-005
     140.0   4.3447347711E-005
     160.0   3.9861914941E-005
     180.0   3.9685115989E-005
     200.0   3.9593681805E-005
     220.0   3.9384863396E-005
     240.0   3.9298004056E-005
     260.0   3.9166682932E-005
     280.0   3.9147916505E-005
     300.0   3.9070318936E-005
     400.0   3.9056481139E-005
     500.0   3.9064317997E-005
    1000.0   3.9124735783E-005
