   -1000.0   1.0960892467E-005
    -500.0   1.1008346083E-005
    -400.0   1.1017796929E-005
    -300.0   1.1027188168E-005
    -280.0   1.1029053895E-005
    -260.0   1.1030913549E-005
    -240.0   1.1032767528E-005
    -220.0   1.1034619103E-005
    -200.0   1.1036465007E-005
    -180.0   1.1038326083E-005
    -160.0   1.1040213936E-005
    -140.0   1.1042247716E-005
    -120.0   1.1045108867E-005
    -100.0   1.1048504727E-005
     -80.0   1.1051949152E-005
     -60.0   1.1055541433E-005
     -50.0   1.1057319698E-005
     -40.0   1.1058443066E-005
     -30.0   1.1059032376E-005
     -20.0   1.1059352699E-005
     -10.0   1.1059461155E-005
       0.0   1.1060789658E-005
      10.0   1.1041938613E-005
      20.0   1.0893823858E-005
      30.0   1.0707656294E-005
      40.0   1.0699517888E-005
      50.0   1.0763226962E-005
      60.0   1.0757012131E-005
      80.0   1.0639823147E-005
     100.0   1.0557572789E-005
     120.0   1.0223366714E-005
     140.0   5.1138838465E-006
     160.0   3.4968959289E-006
     180.0   3.2948897643E-006
     200.0   2.9820656799E-006
     220.0   3.1887803337E-006
     240.0   4.3850581372E-006
     260.0   5.9534015010E-006
     280.0   8.1104067881E-006
     300.0   8.6844936006E-006
     400.0   1.1083401141E-005
     500.0   1.1101889696E-005
    1000.0   1.1152647207E-005
