   -1000.0   4.5108581653E-005
    -500.0   4.5161861565E-005
    -400.0   4.5172209146E-005
    -300.0   4.5182591906E-005
    -280.0   4.5184683428E-005
    -260.0   4.5186786659E-005
    -240.0   4.5188908835E-005
    -220.0   4.5191064742E-005
    -200.0   4.5193300594E-005
    -180.0   4.5205118231E-005
    -160.0   4.5233517773E-005
    -140.0   4.5284872219E-005
    -120.0   4.5370824985E-005
    -100.0   4.5500151865E-005
     -80.0   4.5691270162E-005
     -60.0   4.7330183419E-005
     -50.0   4.8342270473E-005
     -40.0   4.8922458748E-005
     -30.0   4.9321486021E-005
     -20.0   5.0085915883E-005
     -10.0   4.9643470847E-005
       0.0   4.9375534420E-005
      10.0   4.8652591532E-005
      20.0   4.8416649516E-005
      30.0   4.8012615267E-005
      40.0   4.7684750520E-005
      50.0   4.7250899568E-005
      60.0   4.6784863249E-005
      80.0   4.5716124201E-005
     100.0   4.5497166254E-005
     120.0   4.3360951652E-005
     140.0   4.2518062397E-005
     160.0   4.2453624464E-005
     180.0   4.1586427404E-005
     200.0   4.1237250288E-005
     220.0   4.2104715471E-005
     240.0   4.2785748136E-005
     260.0   4.3291256445E-005
     280.0   4.3727025900E-005
     300.0   4.3658094336E-005
     400.0   4.5209460989E-005
     500.0   4.5262828140E-005
    1000.0   4.5316254607E-005
