   -1000.0   8.3631790806E-004
    -500.0   8.7111809245E-004
    -400.0   8.9356988391E-004
    -300.0   9.3952510287E-004
    -280.0   9.5702716153E-004
    -260.0   9.6438287043E-004
    -240.0   9.8023253742E-004
    -220.0   1.0032111719E-003
    -200.0   1.0254599959E-003
    -180.0   1.0705892455E-003
    -160.0   1.1213666615E-003
    -140.0   1.1790294479E-003
    -120.0   1.2456125680E-003
    -100.0   1.3467932861E-003
     -80.0   1.4537736885E-003
     -60.0   1.5390461883E-003
     -50.0   1.5613826497E-003
     -40.0   1.5744535818E-003
     -30.0   1.5816780124E-003
     -20.0   1.5814442028E-003
     -10.0   1.5719117419E-003
       0.0   1.5434697081E-003
      10.0   1.4902962856E-003
      20.0   1.4397448428E-003
      30.0   1.4139871951E-003
      40.0   1.3964948426E-003
      50.0   1.3927122214E-003
      60.0   1.3854075980E-003
      80.0   1.3731821232E-003
     100.0   1.3369958468E-003
     120.0   1.2882027841E-003
     140.0   1.2274451342E-003
     160.0   1.1605868185E-003
     180.0   1.1068098940E-003
     200.0   1.0586404266E-003
     220.0   1.0205330440E-003
     240.0   9.9401796445E-004
     260.0   9.8123326149E-004
     280.0   9.6876728037E-004
     300.0   9.5580485590E-004
     400.0   9.0435924059E-004
     500.0   8.7445260344E-004
    1000.0   8.4066204309E-004
