   -1000.0   3.6405273825E-004
    -500.0   3.6915617079E-004
    -400.0   3.7241891775E-004
    -300.0   3.7961030640E-004
    -280.0   3.8244380860E-004
    -260.0   3.8595955179E-004
    -240.0   3.9152568690E-004
    -220.0   4.0013932537E-004
    -200.0   4.1428045557E-004
    -180.0   4.3773228139E-004
    -160.0   4.7968240861E-004
    -140.0   5.7632105845E-004
    -120.0   8.2870525300E-004
    -100.0   1.0024558682E-003
     -80.0   1.2071149347E-003
     -60.0   1.4935130683E-003
     -50.0   1.6992557857E-003
     -40.0   1.9398997712E-003
     -30.0   2.2765508763E-003
     -20.0   2.6952618270E-003
     -10.0   3.0604196365E-003
       0.0   2.9360877858E-003
      10.0   2.6703808386E-003
      20.0   2.2264694628E-003
      30.0   1.7058985104E-003
      40.0   1.3922274265E-003
      50.0   1.1994069200E-003
      60.0   1.0505208142E-003
      80.0   8.6588200243E-004
     100.0   7.5929295469E-004
     120.0   6.7556989213E-004
     140.0   5.5621456000E-004
     160.0   4.8782357078E-004
     180.0   4.4917247405E-004
     200.0   4.2402529841E-004
     220.0   4.0735171886E-004
     240.0   3.9626419642E-004
     260.0   3.9001837621E-004
     280.0   3.8614291988E-004
     300.0   3.8287256972E-004
     400.0   3.7361077774E-004
     500.0   3.7108934654E-004
    1000.0   3.6862461302E-004
