   -1000.0   7.6790759568E-005
    -500.0   7.7195393411E-005
    -400.0   7.7321524548E-005
    -300.0   7.7565315530E-005
    -280.0   7.7646243268E-005
    -260.0   7.7747182908E-005
    -240.0   7.7876256502E-005
    -220.0   7.8046342280E-005
    -200.0   7.8278999960E-005
    -180.0   7.8613077343E-005
    -160.0   7.9126425531E-005
    -140.0   8.0005927764E-005
    -120.0   8.1999826164E-005
    -100.0   1.1631571834E-004
     -80.0   1.5904279339E-004
     -60.0   5.8178449478E-004
     -50.0   7.6992280745E-004
     -40.0   1.0015698428E-003
     -30.0   1.1494301625E-003
     -20.0   9.0059723190E-004
     -10.0   6.4464299929E-004
       0.0   5.2192691132E-004
      10.0   5.1449724368E-004
      20.0   6.1879038276E-004
      30.0   7.8679958823E-004
      40.0   7.4052869840E-004
      50.0   5.7432745980E-004
      60.0   4.8433167121E-004
      80.0   1.5539105486E-004
     100.0   1.2653483079E-004
     120.0   1.1215522950E-004
     140.0   1.0155587607E-004
     160.0   9.3848941200E-005
     180.0   8.9376293856E-005
     200.0   8.5784066523E-005
     220.0   8.4300056135E-005
     240.0   8.2157689080E-005
     260.0   8.0583934134E-005
     280.0   7.8218559865E-005
     300.0   7.7824712042E-005
     400.0   7.7591370322E-005
     500.0   7.7528530029E-005
    1000.0   7.7574835462E-005
