   -1000.0   4.2247947917E-005
    -500.0   4.2405733307E-005
    -400.0   4.2456752458E-005
    -300.0   4.2560387309E-005
    -280.0   4.2597070692E-005
    -260.0   4.2644857926E-005
    -240.0   4.2709840551E-005
    -220.0   4.2803836823E-005
    -200.0   4.2956027735E-005
    -180.0   4.3360787413E-005
    -160.0   4.4615635594E-005
    -140.0   4.6943451921E-005
    -120.0   5.3907999349E-005
    -100.0   6.7348274292E-005
     -80.0   7.8007714685E-005
     -60.0   8.3697078596E-005
     -50.0   8.7172400710E-005
     -40.0   9.2034898307E-005
     -30.0   9.9201883268E-005
     -20.0   1.0585009021E-004
     -10.0   1.1221537074E-004
       0.0   1.0559549723E-004
      10.0   1.0727132471E-004
      20.0   1.0781157576E-004
      30.0   1.0077068688E-004
      40.0   9.3021775592E-005
      50.0   8.6163842976E-005
      60.0   8.0125696510E-005
      80.0   7.0921936538E-005
     100.0   6.4457263356E-005
     120.0   5.3530617081E-005
     140.0   4.6309476396E-005
     160.0   4.3843377310E-005
     180.0   4.2482284650E-005
     200.0   4.2304607412E-005
     220.0   4.2317170008E-005
     240.0   4.2344684577E-005
     260.0   4.2317536157E-005
     280.0   4.2156833651E-005
     300.0   4.1533729740E-005
     400.0   4.2501904538E-005
     500.0   4.2537436686E-005
    1000.0   4.2577498673E-005
