   -1000.0   2.5064351432E-005
    -500.0   2.5145129679E-005
    -400.0   2.5161408804E-005
    -300.0   2.5177999488E-005
    -280.0   2.5181411564E-005
    -260.0   2.5184886562E-005
    -240.0   2.5188454028E-005
    -220.0   2.5192163258E-005
    -200.0   2.5196101057E-005
    -180.0   2.5200433834E-005
    -160.0   2.5205519309E-005
    -140.0   2.5212281413E-005
    -120.0   2.5225811682E-005
    -100.0   2.5801278227E-005
     -80.0   2.7192413974E-005
     -60.0   2.9252082093E-005
     -50.0   2.9739469843E-005
     -40.0   2.9489532432E-005
     -30.0   2.8815630626E-005
     -20.0   2.8034452002E-005
     -10.0   2.7458399503E-005
       0.0   2.7207821331E-005
      10.0   2.7303946508E-005
      20.0   2.7387820374E-005
      30.0   2.7363585515E-005
      40.0   2.7095071690E-005
      50.0   2.6717938714E-005
      60.0   2.6235048517E-005
      80.0   2.4294266591E-005
     100.0   2.3111548204E-005
     120.0   2.2250720229E-005
     140.0   2.1779575440E-005
     160.0   2.0392303271E-005
     180.0   1.9304556154E-005
     200.0   2.0820675194E-005
     220.0   2.3769486164E-005
     240.0   2.5229407418E-005
     260.0   2.5251880938E-005
     280.0   2.5261286739E-005
     300.0   2.5267646374E-005
     400.0   2.5288498564E-005
     500.0   2.5305635808E-005
    1000.0   2.5387265408E-005
