   -1000.0   4.8577132882E-005
    -500.0   4.8601567745E-005
    -400.0   4.8606404347E-005
    -300.0   4.8611229903E-005
    -280.0   4.8612193688E-005
    -260.0   4.8613157031E-005
    -240.0   4.8614119931E-005
    -220.0   4.8615082390E-005
    -200.0   4.8616044446E-005
    -180.0   4.8617009731E-005
    -160.0   4.8617991319E-005
    -140.0   4.8618971144E-005
    -120.0   4.8619946533E-005
    -100.0   4.8626893814E-005
     -80.0   4.8621915286E-005
     -60.0   4.8623088048E-005
     -50.0   4.8624029056E-005
     -40.0   4.8625066408E-005
     -30.0   4.8625870535E-005
     -20.0   4.8626376515E-005
     -10.0   4.8626688891E-005
       0.0   4.8627063193E-005
      10.0   4.8627559980E-005
      20.0   4.8628045355E-005
      30.0   4.8628347882E-005
      40.0   4.8628475473E-005
      50.0   4.8628562450E-005
      60.0   4.8628762361E-005
      80.0   4.8629574660E-005
     100.0   4.8636468237E-005
     120.0   4.8631435241E-005
     140.0   4.8632358952E-005
     160.0   4.8633139617E-005
     180.0   4.8633881033E-005
     200.0   4.8634893234E-005
     220.0   4.8635950157E-005
     240.0   4.8636980485E-005
     260.0   4.8637980524E-005
     280.0   4.8621128210E-005
     300.0   4.8639932623E-005
     400.0   4.8644698179E-005
     500.0   4.8649434909E-005
    1000.0   4.8672950918E-005
