   -1000.0   9.1846521897E-006
    -500.0   9.2272386108E-006
    -400.0   9.2357342271E-006
    -300.0   9.2441752026E-006
    -280.0   9.2458487854E-006
    -260.0   9.2475138496E-006
    -240.0   9.2491775085E-006
    -220.0   9.2508261037E-006
    -200.0   9.2526741009E-006
    -180.0   9.2549468036E-006
    -160.0   9.2571552598E-006
    -140.0   9.2596391043E-006
    -120.0   9.2625073119E-006
    -100.0   9.2650324969E-006
     -80.0   9.2665791154E-006
     -60.0   9.2662051361E-006
     -50.0   9.2649100385E-006
     -40.0   9.2611739544E-006
     -30.0   9.2528402426E-006
     -20.0   9.2273855799E-006
     -10.0   9.0808649444E-006
       0.0   7.7390804723E-006
      10.0   8.6636411888E-006
      20.0   8.9059944090E-006
      30.0   8.9123838329E-006
      40.0   8.8746145814E-006
      50.0   8.8124584163E-006
      60.0   8.7895533818E-006
      80.0   3.3677215476E-006
     100.0   3.1348641092E-006
     120.0   3.2615201395E-006
     140.0   6.3313714023E-006
     160.0   8.0456857460E-006
     180.0   8.0763748823E-006
     200.0   7.8608030971E-006
     220.0   7.8720702104E-006
     240.0   8.1635092249E-006
     260.0   8.5158605597E-006
     280.0   8.7763236777E-006
     300.0   8.8230744729E-006
     400.0   9.3039334935E-006
     500.0   9.3130281980E-006
    1000.0   9.3565946218E-006
