   -1000.0   5.4835812895E-005
    -500.0   5.4798477345E-005
    -400.0   5.4790899930E-005
    -300.0   5.4783310648E-005
    -280.0   5.4781791541E-005
    -260.0   5.4780272151E-005
    -240.0   5.4778752628E-005
    -220.0   5.4777233245E-005
    -200.0   5.4775714528E-005
    -180.0   5.4774198208E-005
    -160.0   5.4772910521E-005
    -140.0   5.4773512849E-005
    -120.0   5.4777895739E-005
    -100.0   5.4818162766E-005
     -80.0   5.5274806099E-005
     -60.0   5.5420341000E-005
     -50.0   5.5394443464E-005
     -40.0   5.5354825387E-005
     -30.0   5.5375824925E-005
     -20.0   5.5449699990E-005
     -10.0   5.5507607997E-005
       0.0   5.5396670657E-005
      10.0   5.5278137295E-005
      20.0   5.5124801448E-005
      30.0   5.5029595384E-005
      40.0   5.5024432121E-005
      50.0   5.5182095887E-005
      60.0   5.5196993018E-005
      80.0   5.4104867064E-005
     100.0   5.1299545486E-005
     120.0   4.9656817347E-005
     140.0   5.0158288794E-005
     160.0   5.1207370893E-005
     180.0   5.2333370183E-005
     200.0   5.3069921379E-005
     220.0   5.3548722219E-005
     240.0   5.3840025205E-005
     260.0   5.3999293649E-005
     280.0   5.3993233834E-005
     300.0   5.3899897185E-005
     400.0   5.4729776885E-005
     500.0   5.4722166370E-005
    1000.0   5.4683622269E-005
