   -1000.0   2.9468229390E-005
    -500.0   2.9404688513E-005
    -400.0   2.9391975635E-005
    -300.0   2.9379261497E-005
    -280.0   2.9376718519E-005
    -260.0   2.9374175490E-005
    -240.0   2.9371632411E-005
    -220.0   2.9369089281E-005
    -200.0   2.9366546102E-005
    -180.0   2.9364002872E-005
    -160.0   2.9361459599E-005
    -140.0   2.9358916410E-005
    -120.0   2.9356373303E-005
    -100.0   2.9353829965E-005
     -80.0   2.9351286535E-005
     -60.0   2.9348743058E-005
     -50.0   2.9347471310E-005
     -40.0   2.9346199560E-005
     -30.0   2.9344927830E-005
     -20.0   2.9343656144E-005
     -10.0   2.9359278416E-005
       0.0   2.9341112520E-005
      10.0   2.9356733554E-005
      20.0   2.9338568449E-005
      30.0   2.9337296429E-005
      40.0   2.9336024443E-005
      50.0   2.9334752475E-005
      60.0   2.9320813403E-005
      80.0   2.9330936581E-005
     100.0   2.9328392598E-005
     120.0   2.9325848576E-005
     140.0   2.9323304499E-005
     160.0   2.9320760354E-005
     180.0   2.9318216206E-005
     200.0   2.9315672014E-005
     220.0   2.9313127774E-005
     240.0   2.9310583483E-005
     260.0   2.9308039146E-005
     280.0   2.9305494759E-005
     300.0   2.9302950325E-005
     400.0   2.9290227420E-005
     500.0   2.9277503275E-005
    1000.0   2.9213863966E-005
