   -1000.0   3.8146491730E-005
    -500.0   3.8204259870E-005
    -400.0   3.8215763809E-005
    -300.0   3.8227261797E-005
    -280.0   3.8229560660E-005
    -260.0   3.8231859270E-005
    -240.0   3.8234157621E-005
    -220.0   3.8236456742E-005
    -200.0   3.8238758276E-005
    -180.0   3.8241058291E-005
    -160.0   3.8243359237E-005
    -140.0   3.8245668993E-005
    -120.0   3.8248012963E-005
    -100.0   3.8250335745E-005
     -80.0   3.8252653780E-005
     -60.0   3.8254969966E-005
     -50.0   3.8256125903E-005
     -40.0   3.8257288371E-005
     -30.0   3.8258450382E-005
     -20.0   3.8259614787E-005
     -10.0   3.8260801419E-005
       0.0   3.8262025344E-005
      10.0   3.8261661481E-005
      20.0   3.8113925213E-005
      30.0   3.8019552449E-005
      40.0   3.8022379571E-005
      50.0   3.8013499054E-005
      60.0   3.8016540051E-005
      80.0   3.8043270920E-005
     100.0   3.8044780365E-005
     120.0   3.8076337117E-005
     140.0   3.8083039032E-005
     160.0   3.7980740543E-005
     180.0   3.7813770228E-005
     200.0   3.7726781643E-005
     220.0   3.7754129195E-005
     240.0   3.7869451686E-005
     260.0   3.7855837865E-005
     280.0   3.7972396351E-005
     300.0   3.8050568246E-005
     400.0   3.8307575124E-005
     500.0   3.8319037956E-005
    1000.0   3.8376212532E-005
