   -1000.0   4.7751002024E-006
    -500.0   4.8069993961E-006
    -400.0   4.8133789598E-006
    -300.0   4.8197341200E-006
    -280.0   4.8210033202E-006
    -260.0   4.8222722538E-006
    -240.0   4.8235527344E-006
    -220.0   4.8247946114E-006
    -200.0   4.8260211414E-006
    -180.0   4.8276501733E-006
    -160.0   4.8288385454E-006
    -140.0   4.8303471662E-006
    -120.0   4.8314639661E-006
    -100.0   4.8324107574E-006
     -80.0   4.8335403427E-006
     -60.0   4.8342099183E-006
     -50.0   4.8349481220E-006
     -40.0   4.8343877120E-006
     -30.0   4.8332626747E-006
     -20.0   4.7683830702E-006
     -10.0   4.1419971216E-006
       0.0   3.5101260744E-006
      10.0   3.0683827022E-006
      20.0   2.8956560211E-006
      30.0   3.1008544643E-006
      40.0   2.7594417888E-006
      50.0   1.6472863284E-006
      60.0   1.8493819021E-006
      80.0   2.3167317640E-006
     100.0   3.7143626317E-006
     120.0   4.4432063350E-006
     140.0   4.4560917454E-006
     160.0   4.4579381305E-006
     180.0   4.4608467220E-006
     200.0   4.4607050029E-006
     220.0   4.4589872673E-006
     240.0   4.7465462863E-006
     260.0   4.8152458064E-006
     280.0   4.7890667184E-006
     300.0   4.8102430156E-006
     400.0   4.8649103372E-006
     500.0   4.8715215099E-006
    1000.0   4.9042837575E-006
