   -1000.0   3.4032507266E-005
    -500.0   3.3972215108E-005
    -400.0   3.3960105915E-005
    -300.0   3.3948004085E-005
    -280.0   3.3945587456E-005
    -260.0   3.3943174090E-005
    -240.0   3.3940766384E-005
    -220.0   3.3938369319E-005
    -200.0   3.3935995046E-005
    -180.0   3.3933683083E-005
    -160.0   3.3933310725E-005
    -140.0   3.4040834541E-005
    -120.0   3.4136454216E-005
    -100.0   3.4108688826E-005
     -80.0   3.4089543869E-005
     -60.0   3.4161929364E-005
     -50.0   3.4212375759E-005
     -40.0   3.4251723886E-005
     -30.0   3.4285382095E-005
     -20.0   3.4287253473E-005
     -10.0   3.4288238450E-005
       0.0   3.4228350580E-005
      10.0   3.4203510048E-005
      20.0   3.4100923687E-005
      30.0   3.3776404168E-005
      40.0   3.3229770598E-005
      50.0   3.2738469516E-005
      60.0   3.2377835916E-005
      80.0   3.2509624143E-005
     100.0   3.2975824206E-005
     120.0   3.3327139017E-005
     140.0   3.3678559983E-005
     160.0   3.3755613446E-005
     180.0   3.3798841148E-005
     200.0   3.3824421184E-005
     220.0   3.3837115249E-005
     240.0   3.3845925952E-005
     260.0   3.3844509727E-005
     280.0   3.3853008224E-005
     300.0   3.3868437338E-005
     400.0   3.3863034800E-005
     500.0   3.3850900757E-005
    1000.0   3.3790124888E-005
