   -1000.0   4.5067207769E-005
    -500.0   4.5280964824E-005
    -400.0   4.5434945894E-005
    -300.0   4.5805128906E-005
    -280.0   4.5942514182E-005
    -260.0   4.6123010885E-005
    -240.0   4.6369914074E-005
    -220.0   4.6730735665E-005
    -200.0   4.7346953950E-005
    -180.0   4.9218024930E-005
    -160.0   5.2966453665E-005
    -140.0   5.8878882556E-005
    -120.0   6.7641397845E-005
    -100.0   8.1050171619E-005
     -80.0   1.2376219731E-004
     -60.0   1.8213687643E-004
     -50.0   2.1247724238E-004
     -40.0   2.4199168766E-004
     -30.0   2.6500275773E-004
     -20.0   2.6084923864E-004
     -10.0   2.4576078777E-004
       0.0   2.3925204910E-004
      10.0   2.2044020315E-004
      20.0   2.2314976434E-004
      30.0   2.3111509562E-004
      40.0   2.1495033160E-004
      50.0   1.9106414162E-004
      60.0   1.6427252536E-004
      80.0   1.1709651774E-004
     100.0   7.8517520444E-005
     120.0   6.4644006547E-005
     140.0   5.4792613054E-005
     160.0   4.8923801012E-005
     180.0   4.6124431855E-005
     200.0   4.5033319153E-005
     220.0   4.4969890173E-005
     240.0   4.5049672740E-005
     260.0   4.5127520744E-005
     280.0   4.5200021722E-005
     300.0   4.5267808893E-005
     400.0   4.5315900408E-005
     500.0   4.5206138823E-005
    1000.0   4.4988956032E-005
