   -1000.0   7.0842427283E-005
    -500.0   7.0850304869E-005
    -400.0   7.0851830150E-005
    -300.0   7.0853342122E-005
    -280.0   7.0853642919E-005
    -260.0   7.0853943182E-005
    -240.0   7.0854242912E-005
    -220.0   7.0854542109E-005
    -200.0   7.0854840773E-005
    -180.0   7.0855138903E-005
    -160.0   7.0855436501E-005
    -140.0   7.0855733564E-005
    -120.0   7.0856030096E-005
    -100.0   7.0856326534E-005
     -80.0   7.0856631329E-005
     -60.0   7.0858822038E-005
     -50.0   7.0857091637E-005
     -40.0   7.0857240506E-005
     -30.0   7.0857384572E-005
     -20.0   7.0859407121E-005
     -10.0   7.0870617470E-005
       0.0   7.0861866532E-005
      10.0   7.0866952582E-005
      20.0   7.0859985954E-005
      30.0   7.0858247137E-005
      40.0   7.0858383560E-005
      50.0   7.0858518349E-005
      60.0   7.0860535620E-005
      80.0   7.0858925047E-005
     100.0   7.0859208497E-005
     120.0   7.0859505988E-005
     140.0   7.0859800388E-005
     160.0   7.0860090853E-005
     180.0   7.0860376110E-005
     200.0   7.0860662505E-005
     220.0   7.0860961696E-005
     240.0   7.0861264111E-005
     260.0   7.0861560938E-005
     280.0   7.0861848091E-005
     300.0   7.0862133398E-005
     400.0   7.0863551850E-005
     500.0   7.0864956887E-005
    1000.0   7.0871780439E-005
