   -1000.0   4.0837579332E-005
    -500.0   4.0889079422E-005
    -400.0   4.0899346343E-005
    -300.0   4.0909599891E-005
    -280.0   4.0911648465E-005
    -260.0   4.0913696141E-005
    -240.0   4.0915742806E-005
    -220.0   4.0917788325E-005
    -200.0   4.0919832543E-005
    -180.0   4.0921875302E-005
    -160.0   4.0923916506E-005
    -140.0   4.0925956605E-005
    -120.0   4.0928648224E-005
    -100.0   4.0931590585E-005
     -80.0   4.0934153139E-005
     -60.0   4.0951333002E-005
     -50.0   4.0963022108E-005
     -40.0   4.0973193846E-005
     -30.0   4.0981374777E-005
     -20.0   4.0971491805E-005
     -10.0   4.0998867036E-005
       0.0   4.1005487918E-005
      10.0   4.0961338830E-005
      20.0   4.0966069925E-005
      30.0   4.0973067270E-005
      40.0   4.0967667195E-005
      50.0   4.0966194299E-005
      60.0   4.0961666355E-005
      80.0   4.0951118710E-005
     100.0   4.0954220824E-005
     120.0   3.9594719993E-005
     140.0   3.7589067728E-005
     160.0   3.8604801392E-005
     180.0   3.9434795601E-005
     200.0   3.9737416077E-005
     220.0   4.0207104064E-005
     240.0   4.0156171726E-005
     260.0   4.0608934806E-005
     280.0   4.0749321687E-005
     300.0   4.0851279945E-005
     400.0   4.0981060316E-005
     500.0   4.0991442404E-005
    1000.0   4.1042523336E-005
