   -1000.0   4.1827440803E-005
    -500.0   6.4981287917E-005
    -400.0   8.2586650318E-005
    -300.0   1.2177604340E-004
    -280.0   1.3544378355E-004
    -260.0   1.5275861605E-004
    -240.0   1.7501960563E-004
    -220.0   2.0499582770E-004
    -200.0   2.4728888768E-004
    -180.0   3.1264973644E-004
    -160.0   4.2313267445E-004
    -140.0   5.8843764037E-004
    -120.0   8.2128424630E-004
    -100.0   1.1717993017E-003
     -80.0   1.7223011704E-003
     -60.0   2.9086842772E-003
     -50.0   3.5096456283E-003
     -40.0   4.3731218803E-003
     -30.0   4.7053172416E-003
     -20.0   4.7256002618E-003
     -10.0   4.3784555495E-003
       0.0   4.0620178024E-003
      10.0   4.0207764616E-003
      20.0   4.1660788515E-003
      30.0   4.2347026313E-003
      40.0   4.0816059199E-003
      50.0   3.4777287966E-003
      60.0   2.8588912770E-003
      80.0   1.5580711212E-003
     100.0   9.9841388688E-004
     120.0   7.0344473541E-004
     140.0   5.2745571952E-004
     160.0   4.1194602676E-004
     180.0   3.3212899714E-004
     200.0   2.7197076855E-004
     220.0   2.2721262527E-004
     240.0   1.9269246009E-004
     260.0   1.6628066718E-004
     280.0   1.4543265032E-004
     300.0   1.2895860883E-004
     400.0   8.3770942184E-005
     500.0   6.5427963517E-005
    1000.0   4.2765017315E-005
