   -1000.0   3.6279822810E-005
    -500.0   3.6358464250E-005
    -400.0   3.6372186645E-005
    -300.0   3.6387698449E-005
    -280.0   3.6391391004E-005
    -260.0   3.6395580207E-005
    -240.0   3.6400880614E-005
    -220.0   3.6518568114E-005
    -200.0   3.7140097488E-005
    -180.0   3.8003310751E-005
    -160.0   3.9199839564E-005
    -140.0   4.4406862758E-005
    -120.0   5.3738345906E-005
    -100.0   5.9303949139E-005
     -80.0   6.8014159151E-005
     -60.0   8.2664236841E-005
     -50.0   9.5166450668E-005
     -40.0   1.0566582415E-004
     -30.0   1.2048579730E-004
     -20.0   1.4001380798E-004
     -10.0   1.6670473308E-004
       0.0   1.7501530587E-004
      10.0   1.2527424340E-004
      20.0   7.8207482856E-005
      30.0   6.4403349329E-005
      40.0   6.0621102960E-005
      50.0   5.7140807379E-005
      60.0   5.3584484188E-005
      80.0   5.0521161578E-005
     100.0   4.8054842524E-005
     120.0   4.8692058539E-005
     140.0   4.3293452043E-005
     160.0   3.9653695579E-005
     180.0   3.7699713670E-005
     200.0   3.6173113214E-005
     220.0   3.6255766290E-005
     240.0   3.6689673082E-005
     260.0   3.6908783425E-005
     280.0   3.6886474335E-005
     300.0   3.7064988827E-005
     400.0   3.6472091714E-005
     500.0   3.6483241431E-005
    1000.0   3.6544104362E-005
