   -1000.0   9.9960614157E-005
    -500.0   1.0222451057E-004
    -400.0   1.0381006351E-004
    -300.0   1.0761159407E-004
    -280.0   1.0903607637E-004
    -260.0   1.1091438424E-004
    -240.0   1.1348007382E-004
    -220.0   1.1714820646E-004
    -200.0   1.2274916518E-004
    -180.0   1.3185708354E-004
    -160.0   1.4705636369E-004
    -140.0   1.6702187648E-004
    -120.0   2.0578612078E-004
    -100.0   2.4495166004E-004
     -80.0   2.8075314081E-004
     -60.0   3.0609846265E-004
     -50.0   3.1355979362E-004
     -40.0   3.1900229721E-004
     -30.0   3.2688489264E-004
     -20.0   3.2013852894E-004
     -10.0   3.0073340060E-004
       0.0   2.7558427014E-004
      10.0   2.5659488529E-004
      20.0   2.4737703415E-004
      30.0   2.4950024137E-004
      40.0   2.5753161912E-004
      50.0   2.5555532662E-004
      60.0   2.4649815916E-004
      80.0   2.2269294420E-004
     100.0   1.9590147337E-004
     120.0   1.7353037212E-004
     140.0   1.5374276297E-004
     160.0   1.3665916846E-004
     180.0   1.2664739854E-004
     200.0   1.1972677083E-004
     220.0   1.1476460774E-004
     240.0   1.1061771720E-004
     260.0   1.0709722661E-004
     280.0   1.0459308612E-004
     300.0   1.0286949559E-004
     400.0   1.0217763415E-004
     500.0   1.0209239432E-004
    1000.0   1.0081291740E-004
