   -1000.0   4.1406020397E-005
    -500.0   4.1505809905E-005
    -400.0   4.1540354303E-005
    -300.0   4.1639902140E-005
    -280.0   4.1698629531E-005
    -260.0   4.1845363798E-005
    -240.0   4.2054621160E-005
    -220.0   4.2987069015E-005
    -200.0   4.6340971983E-005
    -180.0   4.9372284556E-005
    -160.0   5.0527726733E-005
    -140.0   5.1011888576E-005
    -120.0   5.1732373518E-005
    -100.0   5.3814992592E-005
     -80.0   5.6272223875E-005
     -60.0   6.0678624139E-005
     -50.0   6.4110942023E-005
     -40.0   6.9295647648E-005
     -30.0   7.6722400377E-005
     -20.0   8.4142886227E-005
     -10.0   8.0282166175E-005
       0.0   7.5100884714E-005
      10.0   6.9518884222E-005
      20.0   6.2396042132E-005
      30.0   5.3174436676E-005
      40.0   4.9354992290E-005
      50.0   4.7431701761E-005
      60.0   4.6200649437E-005
      80.0   4.3641815181E-005
     100.0   4.1287566197E-005
     120.0   4.0245935485E-005
     140.0   4.0211499555E-005
     160.0   4.1549689067E-005
     180.0   4.1672385013E-005
     200.0   4.1758468794E-005
     220.0   4.1879339474E-005
     240.0   4.1604527476E-005
     260.0   4.1622439718E-005
     280.0   4.1524982350E-005
     300.0   4.1670201439E-005
     400.0   4.1584805925E-005
     500.0   4.1574718842E-005
    1000.0   4.1593807540E-005
