   -1000.0   5.0941393036E-005
    -500.0   5.0956708915E-005
    -400.0   5.0959486867E-005
    -300.0   5.0962231533E-005
    -280.0   5.0962775536E-005
    -260.0   5.0963326889E-005
    -240.0   5.0964957199E-005
    -220.0   5.1009145041E-005
    -200.0   5.1034209909E-005
    -180.0   5.1131171656E-005
    -160.0   5.1080050548E-005
    -140.0   5.1056198890E-005
    -120.0   5.1090434934E-005
    -100.0   5.1068760070E-005
     -80.0   5.1053898783E-005
     -60.0   5.1051906590E-005
     -50.0   5.1046656472E-005
     -40.0   5.1050112891E-005
     -30.0   5.1046312008E-005
     -20.0   5.1033582805E-005
     -10.0   5.0922534625E-005
       0.0   5.0273169417E-005
      10.0   4.8881070829E-005
      20.0   4.7472141590E-005
      30.0   4.6509717385E-005
      40.0   4.6142823613E-005
      50.0   4.6114859157E-005
      60.0   4.6307095917E-005
      80.0   4.6040505223E-005
     100.0   4.4050054717E-005
     120.0   4.2740756553E-005
     140.0   4.1802435878E-005
     160.0   4.1363384889E-005
     180.0   4.0732095655E-005
     200.0   4.0468007275E-005
     220.0   4.0690465532E-005
     240.0   4.2213174641E-005
     260.0   4.3510510950E-005
     280.0   4.5496159762E-005
     300.0   4.6820252063E-005
     400.0   5.0980310751E-005
     500.0   5.0983898999E-005
    1000.0   5.0997707228E-005
