   -1000.0   1.0894481964E-005
    -500.0   1.1189818878E-005
    -400.0   1.1400566796E-005
    -300.0   1.1880018703E-005
    -280.0   1.2051776629E-005
    -260.0   1.2272242016E-005
    -240.0   1.2562858979E-005
    -220.0   1.2959063107E-005
    -200.0   1.3525204338E-005
    -180.0   1.4386205575E-005
    -160.0   1.5856557691E-005
    -140.0   1.8919565180E-005
    -120.0   2.7092900822E-005
    -100.0   5.9634247965E-005
     -80.0   1.0035520439E-004
     -60.0   1.4440738974E-004
     -50.0   1.5822459510E-004
     -40.0   1.6543219420E-004
     -30.0   1.5940681872E-004
     -20.0   1.4691409056E-004
     -10.0   1.3953715219E-004
       0.0   1.3157135417E-004
      10.0   1.2269717847E-004
      20.0   1.2229164886E-004
      30.0   1.2079670076E-004
      40.0   1.1700134874E-004
      50.0   1.0462385523E-004
      60.0   9.1113631003E-005
      80.0   6.3375250030E-005
     100.0   4.4381581542E-005
     120.0   2.8335155740E-005
     140.0   2.0340432775E-005
     160.0   1.5823392793E-005
     180.0   1.3134343017E-005
     200.0   1.2238472256E-005
     220.0   1.1083101020E-005
     240.0   9.3233409126E-006
     260.0   8.4314510815E-006
     280.0   8.2214445468E-006
     300.0   8.3723434427E-006
     400.0   1.1276650002E-005
     500.0   1.1216829977E-005
    1000.0   1.1051632726E-005
