   -1000.0   3.5191950430E-005
    -500.0   3.5351800139E-005
    -400.0   3.5412068668E-005
    -300.0   3.5546021330E-005
    -280.0   3.5597449155E-005
    -260.0   3.5668826775E-005
    -240.0   3.5777471260E-005
    -220.0   3.5981876397E-005
    -200.0   3.6802570239E-005
    -180.0   3.8549508977E-005
    -160.0   4.1359137465E-005
    -140.0   4.4664165107E-005
    -120.0   4.8574124072E-005
    -100.0   6.0911682909E-005
     -80.0   9.2687913267E-005
     -60.0   1.2345736459E-004
     -50.0   1.3598316026E-004
     -40.0   1.5588992546E-004
     -30.0   1.9442048553E-004
     -20.0   2.2667741265E-004
     -10.0   2.2593049151E-004
       0.0   2.1266668822E-004
      10.0   2.0183947045E-004
      20.0   1.6292995736E-004
      30.0   1.4265642760E-004
      40.0   1.2516750663E-004
      50.0   1.1494551457E-004
      60.0   1.0238689713E-004
      80.0   7.7648254022E-005
     100.0   5.5155132337E-005
     120.0   4.5637599171E-005
     140.0   4.2601387627E-005
     160.0   4.0242024570E-005
     180.0   3.8753639180E-005
     200.0   3.7577290668E-005
     220.0   3.6110614224E-005
     240.0   3.5011468681E-005
     260.0   3.4390174270E-005
     280.0   3.4095175315E-005
     300.0   3.3874503789E-005
     400.0   3.5224704648E-005
     500.0   3.5423615442E-005
    1000.0   3.5477511478E-005
