   -1000.0   4.1258880702E-005
    -500.0   4.2219192638E-005
    -400.0   4.2404401949E-005
    -300.0   4.2845500422E-005
    -280.0   4.3013239435E-005
    -260.0   4.3238600010E-005
    -240.0   4.3558153753E-005
    -220.0   4.4060058095E-005
    -200.0   4.5416426574E-005
    -180.0   4.9267214491E-005
    -160.0   5.6959128657E-005
    -140.0   1.0245769839E-004
    -120.0   1.7934999391E-004
    -100.0   2.5398362872E-004
     -80.0   3.3928384980E-004
     -60.0   4.4418292631E-004
     -50.0   4.9921009621E-004
     -40.0   5.3428112180E-004
     -30.0   5.6449063082E-004
     -20.0   5.8185301908E-004
     -10.0   5.5182090892E-004
       0.0   5.5054552063E-004
      10.0   4.4376246029E-004
      20.0   3.7336981915E-004
      30.0   2.9935615506E-004
      40.0   2.4472778534E-004
      50.0   2.1011015139E-004
      60.0   1.8174598514E-004
      80.0   1.4704146359E-004
     100.0   1.3229234967E-004
     120.0   1.1598858226E-004
     140.0   9.3354223073E-005
     160.0   6.5686516413E-005
     180.0   5.5477035735E-005
     200.0   4.9745257039E-005
     220.0   4.5804465805E-005
     240.0   4.3753985141E-005
     260.0   4.2741518761E-005
     280.0   4.2411350189E-005
     300.0   4.1930954118E-005
     400.0   4.2420525528E-005
     500.0   4.2292555197E-005
    1000.0   4.2160482872E-005
