   -1000.0   3.4261212524E-005
    -500.0   3.4236518389E-005
    -400.0   3.4231541625E-005
    -300.0   3.4226557202E-005
    -280.0   3.4225559398E-005
    -260.0   3.4224561288E-005
    -240.0   3.4223562872E-005
    -220.0   3.4222564149E-005
    -200.0   3.4221565124E-005
    -180.0   3.4220565807E-005
    -160.0   3.4219566178E-005
    -140.0   3.4218566268E-005
    -120.0   3.4217566120E-005
    -100.0   3.4216565579E-005
     -80.0   3.4215564719E-005
     -60.0   3.4214563562E-005
     -50.0   3.4214062876E-005
     -40.0   3.4213562124E-005
     -30.0   3.4213061310E-005
     -20.0   3.4212560466E-005
     -10.0   3.4217445225E-005
       0.0   3.4211558628E-005
      10.0   3.4212770134E-005
      20.0   3.4210555783E-005
      30.0   3.4210054418E-005
      40.0   3.4209553010E-005
      50.0   3.4209051532E-005
      60.0   3.4208549983E-005
      80.0   3.4207546658E-005
     100.0   3.4206543027E-005
     120.0   3.4205539063E-005
     140.0   3.4204534772E-005
     160.0   3.4203530193E-005
     180.0   3.4202525320E-005
     200.0   3.4201520148E-005
     220.0   3.4200514667E-005
     240.0   3.4199508882E-005
     260.0   3.4198502799E-005
     280.0   3.4197496415E-005
     300.0   3.4196489698E-005
     400.0   3.4191451610E-005
     500.0   3.4186405852E-005
    1000.0   3.4161061883E-005
