   -1000.0   2.3884535377E-005
    -500.0   2.3941364744E-005
    -400.0   2.3952718558E-005
    -300.0   2.3964072799E-005
    -280.0   2.3966344703E-005
    -260.0   2.3968617926E-005
    -240.0   2.3970896357E-005
    -220.0   2.3973433562E-005
    -200.0   2.3976289851E-005
    -180.0   2.3978589659E-005
    -160.0   2.3981766898E-005
    -140.0   2.3985264446E-005
    -120.0   2.3989379903E-005
    -100.0   2.4009098737E-005
     -80.0   2.4022055081E-005
     -60.0   2.4028799219E-005
     -50.0   2.4047515638E-005
     -40.0   2.4047637385E-005
     -30.0   2.4069612390E-005
     -20.0   2.4095756851E-005
     -10.0   2.4191679396E-005
       0.0   2.5829865385E-005
      10.0   2.4120507640E-005
      20.0   2.4034235038E-005
      30.0   2.2433911412E-005
      40.0   2.1829987749E-005
      50.0   2.1758426978E-005
      60.0   2.1808510577E-005
      80.0   2.1809953033E-005
     100.0   2.2023175954E-005
     120.0   2.1619505261E-005
     140.0   2.2423391718E-005
     160.0   2.2649182180E-005
     180.0   2.3449756734E-005
     200.0   2.3657497327E-005
     220.0   2.3715715948E-005
     240.0   2.3326879667E-005
     260.0   2.3674588092E-005
     280.0   2.3777688698E-005
     300.0   2.3862297260E-005
     400.0   2.4043244813E-005
     500.0   2.4054792196E-005
    1000.0   2.4111635557E-005
