   -1000.0   2.5862938191E-005
    -500.0   2.5957208911E-005
    -400.0   2.5986001089E-005
    -300.0   2.6040197666E-005
    -280.0   2.6059665714E-005
    -260.0   2.6087205892E-005
    -240.0   2.6142711055E-005
    -220.0   2.7024359312E-005
    -200.0   2.8052182306E-005
    -180.0   3.0345633216E-005
    -160.0   3.4505899071E-005
    -140.0   3.9418613650E-005
    -120.0   4.6136888097E-005
    -100.0   1.3355419943E-004
     -80.0   1.8672874854E-004
     -60.0   2.6091917071E-004
     -50.0   3.1364941444E-004
     -40.0   3.7734006245E-004
     -30.0   4.3774812256E-004
     -20.0   4.4140442407E-004
     -10.0   4.9011073411E-004
       0.0   5.1390831268E-004
      10.0   4.0499734427E-004
      20.0   2.6821676252E-004
      30.0   1.9703408584E-004
      40.0   1.5911046630E-004
      50.0   1.3752432680E-004
      60.0   1.1873686172E-004
      80.0   9.9508120572E-005
     100.0   9.5637853824E-005
     120.0   5.0365264746E-005
     140.0   4.2587454551E-005
     160.0   3.8459063284E-005
     180.0   3.3036218481E-005
     200.0   3.0409632599E-005
     220.0   2.8936576705E-005
     240.0   2.8027834073E-005
     260.0   2.7532681914E-005
     280.0   2.6974549211E-005
     300.0   2.6410262619E-005
     400.0   2.6076543019E-005
     500.0   2.6072569459E-005
    1000.0   2.6111756659E-005
