   -1000.0   3.0717837886E-005
    -500.0   3.0766837050E-005
    -400.0   3.0822651440E-005
    -300.0   3.0976328408E-005
    -280.0   3.1038346449E-005
    -260.0   3.1123581551E-005
    -240.0   3.1247531140E-005
    -220.0   3.1510259936E-005
    -200.0   3.2037843661E-005
    -180.0   3.3039807043E-005
    -160.0   3.6759981932E-005
    -140.0   4.9720768953E-005
    -120.0   6.3956631635E-005
    -100.0   7.8319505913E-005
     -80.0   9.1533032095E-005
     -60.0   1.1217718718E-004
     -50.0   1.2527079463E-004
     -40.0   1.4201528876E-004
     -30.0   1.4845437087E-004
     -20.0   1.3690186597E-004
     -10.0   1.2941228404E-004
       0.0   1.2230127609E-004
      10.0   1.1757180572E-004
      20.0   1.1084872545E-004
      30.0   1.0030283394E-004
      40.0   8.4097377411E-005
      50.0   7.0758597451E-005
      60.0   6.1681856135E-005
      80.0   5.0898753987E-005
     100.0   4.4980295207E-005
     120.0   3.9899912566E-005
     140.0   3.5038889212E-005
     160.0   3.1098355008E-005
     180.0   2.8998093832E-005
     200.0   2.8490699457E-005
     220.0   2.8272497945E-005
     240.0   2.8214284847E-005
     260.0   2.8261053044E-005
     280.0   2.8650679871E-005
     300.0   2.8916424774E-005
     400.0   3.0703481245E-005
     500.0   3.0664914574E-005
    1000.0   3.0576174556E-005
