   -1000.0   3.3178608031E-005
    -500.0   3.3152020125E-005
    -400.0   3.3146633611E-005
    -300.0   3.3141239830E-005
    -280.0   3.3140160203E-005
    -260.0   3.3139080286E-005
    -240.0   3.3138000081E-005
    -220.0   3.3136919589E-005
    -200.0   3.3135838814E-005
    -180.0   3.3134757762E-005
    -160.0   3.3133676455E-005
    -140.0   3.3132598141E-005
    -120.0   3.3131561024E-005
    -100.0   3.3130538310E-005
     -80.0   3.3129866867E-005
     -60.0   3.3129327467E-005
     -50.0   3.3128837574E-005
     -40.0   3.3128366968E-005
     -30.0   3.3127967889E-005
     -20.0   3.3127575731E-005
     -10.0   3.3131664308E-005
       0.0   3.3126257445E-005
      10.0   3.3130482580E-005
      20.0   3.3125263287E-005
      30.0   3.3124543983E-005
      40.0   3.3123811333E-005
      50.0   3.3123092785E-005
      60.0   3.3122376175E-005
      80.0   3.3119757001E-005
     100.0   3.3116352268E-005
     120.0   3.3114860636E-005
     140.0   3.3113795849E-005
     160.0   3.3113734352E-005
     180.0   3.3113382123E-005
     200.0   3.3112841117E-005
     220.0   3.3112103343E-005
     240.0   3.3111302142E-005
     260.0   3.3110391100E-005
     280.0   3.3109459055E-005
     300.0   3.3108367163E-005
     400.0   3.3103277601E-005
     500.0   3.3097825823E-005
    1000.0   3.3070456609E-005
