   -1000.0   4.2491323908E-006
    -500.0   4.3533474068E-006
    -400.0   4.4222086877E-006
    -300.0   4.5739291528E-006
    -280.0   4.6274382152E-006
    -260.0   4.6958516821E-006
    -240.0   4.7860134978E-006
    -220.0   4.9100581246E-006
    -200.0   5.0933396907E-006
    -180.0   5.4129162166E-006
    -160.0   7.0901484968E-006
    -140.0   1.0979790669E-005
    -120.0   1.6115552482E-005
    -100.0   2.3825522769E-005
     -80.0   3.4618535511E-005
     -60.0   1.1006268784E-004
     -50.0   1.4447547316E-004
     -40.0   1.7834581302E-004
     -30.0   2.2607114231E-004
     -20.0   2.9452242116E-004
     -10.0   2.3992979283E-004
       0.0   1.7462861300E-004
      10.0   2.1460515560E-004
      20.0   2.2532143436E-004
      30.0   1.6921723948E-004
      40.0   1.3137017867E-004
      50.0   1.1000447508E-004
      60.0   9.2797832101E-005
      80.0   2.8722651723E-005
     100.0   2.2054544166E-005
     120.0   1.6790869498E-005
     140.0   1.3662135151E-005
     160.0   1.1565577807E-005
     180.0   1.0251895256E-005
     200.0   8.9520352100E-006
     220.0   7.9444764475E-006
     240.0   7.1624011611E-006
     260.0   6.3749398296E-006
     280.0   5.5148111366E-006
     300.0   5.1512161108E-006
     400.0   4.4816653812E-006
     500.0   4.4016753769E-006
    1000.0   4.3339751473E-006
