   -1000.0   8.6454189078E-005
    -500.0   8.7387791658E-005
    -400.0   8.7992827374E-005
    -300.0   8.9344236916E-005
    -280.0   8.9817346993E-005
    -260.0   9.0415995413E-005
    -240.0   9.1190580224E-005
    -220.0   9.2220553785E-005
    -200.0   9.3638113495E-005
    -180.0   9.5677713705E-005
    -160.0   9.8782025446E-005
    -140.0   1.0389076435E-004
    -120.0   1.1389370036E-004
    -100.0   1.3644004630E-004
     -80.0   1.8501058702E-004
     -60.0   2.5612899720E-004
     -50.0   2.8181309075E-004
     -40.0   2.8803882199E-004
     -30.0   2.7948945403E-004
     -20.0   2.6085609677E-004
     -10.0   2.5701930491E-004
       0.0   2.3975518929E-004
      10.0   2.3985573594E-004
      20.0   2.5198377811E-004
      30.0   2.6306881923E-004
      40.0   2.6521379316E-004
      50.0   2.5719467687E-004
      60.0   2.3584465886E-004
      80.0   1.8448289629E-004
     100.0   1.4151324027E-004
     120.0   1.2088700056E-004
     140.0   1.0951828433E-004
     160.0   1.0211943337E-004
     180.0   9.7314648622E-005
     200.0   9.4509027507E-005
     220.0   9.2797170969E-005
     240.0   9.1599997863E-005
     260.0   9.0721785952E-005
     280.0   9.0057257670E-005
     300.0   8.9540820158E-005
     400.0   8.8108276563E-005
     500.0   8.7490540716E-005
    1000.0   8.6728252403E-005
