   -1000.0   3.6440649600E-005
    -500.0   3.6527925873E-005
    -400.0   3.6545374031E-005
    -300.0   3.6562813357E-005
    -280.0   3.6566299337E-005
    -260.0   3.6569784388E-005
    -240.0   3.6573268315E-005
    -220.0   3.6576750875E-005
    -200.0   3.6580231759E-005
    -180.0   3.6583710569E-005
    -160.0   3.6587186800E-005
    -140.0   3.6590662746E-005
    -120.0   3.6594256006E-005
    -100.0   3.6609703641E-005
     -80.0   3.6606637443E-005
     -60.0   3.6613570473E-005
     -50.0   3.6623990629E-005
     -40.0   3.6620462949E-005
     -30.0   3.6619571644E-005
     -20.0   3.6619242550E-005
     -10.0   3.6619430338E-005
       0.0   3.6620802187E-005
      10.0   3.6622331334E-005
      20.0   3.6624242110E-005
      30.0   3.6622272238E-005
      40.0   3.6604651112E-005
      50.0   3.6554488102E-005
      60.0   3.6427688412E-005
      80.0   3.5725966602E-005
     100.0   3.4227501237E-005
     120.0   3.2748798498E-005
     140.0   3.1546838139E-005
     160.0   3.1206533309E-005
     180.0   3.1238794867E-005
     200.0   3.0263565933E-005
     220.0   2.8688084849E-005
     240.0   2.8320358091E-005
     260.0   3.0975973336E-005
     280.0   3.4863105683E-005
     300.0   3.6614065161E-005
     400.0   3.6684599606E-005
     500.0   3.6702418842E-005
    1000.0   3.6790013039E-005
