   -1000.0   3.5787613426E-005
    -500.0   3.5828529109E-005
    -400.0   3.5836696905E-005
    -300.0   3.5844861070E-005
    -280.0   3.5846493466E-005
    -260.0   3.5848125716E-005
    -240.0   3.5849757820E-005
    -220.0   3.5851389777E-005
    -200.0   3.5853021588E-005
    -180.0   3.5854653253E-005
    -160.0   3.5856284770E-005
    -140.0   3.5857916210E-005
    -120.0   3.5859547535E-005
    -100.0   3.5861178712E-005
     -80.0   3.5862809752E-005
     -60.0   3.5864440639E-005
     -50.0   3.5865257280E-005
     -40.0   3.5866075185E-005
     -30.0   3.5866891651E-005
     -20.0   3.5867706905E-005
     -10.0   3.5868523461E-005
       0.0   3.5869338173E-005
      10.0   3.5870149314E-005
      20.0   3.5870965083E-005
      30.0   3.5871780207E-005
      40.0   3.5872594153E-005
      50.0   3.5873408272E-005
      60.0   3.5874221936E-005
      80.0   3.5875851333E-005
     100.0   3.5877480233E-005
     120.0   3.5879069741E-005
     140.0   3.5868817209E-005
     160.0   3.5857417229E-005
     180.0   3.5866347484E-005
     200.0   3.5870691173E-005
     220.0   3.5877311752E-005
     240.0   3.5881635583E-005
     260.0   3.5884914676E-005
     280.0   3.5887080108E-005
     300.0   3.5890333098E-005
     400.0   3.5901907527E-005
     500.0   3.5910042440E-005
    1000.0   3.5950660136E-005
