   -1000.0   4.3940943753E-005
    -500.0   4.3952178644E-005
    -400.0   4.3954381407E-005
    -300.0   4.3956576065E-005
    -280.0   4.3957014019E-005
    -260.0   4.3957451647E-005
    -240.0   4.3957888947E-005
    -220.0   4.3958325919E-005
    -200.0   4.3958762563E-005
    -180.0   4.3959199665E-005
    -160.0   4.3959661231E-005
    -140.0   4.3960165769E-005
    -120.0   4.3960778512E-005
    -100.0   4.3962249708E-005
     -80.0   4.3963541493E-005
     -60.0   4.3964262795E-005
     -50.0   4.3964548327E-005
     -40.0   4.3964727976E-005
     -30.0   4.3964984548E-005
     -20.0   4.3965641300E-005
     -10.0   4.3966491676E-005
       0.0   4.3966464910E-005
      10.0   4.3966271328E-005
      20.0   4.3964980607E-005
      30.0   4.3959550438E-005
      40.0   4.3945336790E-005
      50.0   4.3923332040E-005
      60.0   4.3903976503E-005
      80.0   4.3887674685E-005
     100.0   4.3890578775E-005
     120.0   4.3894217247E-005
     140.0   4.3899260992E-005
     160.0   4.3905967974E-005
     180.0   4.3916343122E-005
     200.0   4.3928360397E-005
     220.0   4.3931290204E-005
     240.0   4.3909820222E-005
     260.0   4.3892004166E-005
     280.0   4.3901051448E-005
     300.0   4.3920546263E-005
     400.0   4.3971709938E-005
     500.0   4.3973841929E-005
    1000.0   4.3984369901E-005
