   -1000.0   6.8205344730E-005
    -500.0   6.8204215075E-005
    -400.0   6.8203559417E-005
    -300.0   6.8202891097E-005
    -280.0   6.8202755989E-005
    -260.0   6.8202620499E-005
    -240.0   6.8202484752E-005
    -220.0   6.8202348989E-005
    -200.0   6.8202213691E-005
    -180.0   6.8202079887E-005
    -160.0   6.8201950037E-005
    -140.0   6.8201831359E-005
    -120.0   6.8201817630E-005
    -100.0   6.8379671223E-005
     -80.0   6.9255961927E-005
     -60.0   6.9515162557E-005
     -50.0   6.9731498859E-005
     -40.0   6.9604099727E-005
     -30.0   6.9888310774E-005
     -20.0   7.0524825785E-005
     -10.0   6.9126740846E-005
       0.0   6.9135492081E-005
      10.0   6.8748324410E-005
      20.0   6.8465016829E-005
      30.0   6.7634378168E-005
      40.0   6.7327260313E-005
      50.0   6.5637873569E-005
      60.0   6.5225571928E-005
      80.0   6.4140670841E-005
     100.0   6.3630292354E-005
     120.0   6.3331708664E-005
     140.0   6.3641030610E-005
     160.0   6.4040359432E-005
     180.0   6.3750320658E-005
     200.0   6.3665539069E-005
     220.0   6.3668162446E-005
     240.0   6.5098045562E-005
     260.0   6.5200194392E-005
     280.0   6.6084244529E-005
     300.0   6.7669353539E-005
     400.0   6.8197780975E-005
     500.0   6.8197117191E-005
    1000.0   6.8193228095E-005
