   -1000.0   3.5847161486E-005
    -500.0   3.5994409564E-005
    -400.0   3.6073102087E-005
    -300.0   3.6251805484E-005
    -280.0   3.6317280039E-005
    -260.0   3.6403287210E-005
    -240.0   3.6521295987E-005
    -220.0   3.6694866213E-005
    -200.0   3.6993428508E-005
    -180.0   3.7979191690E-005
    -160.0   4.0013914324E-005
    -140.0   4.3288270871E-005
    -120.0   5.0965939074E-005
    -100.0   7.5740997995E-005
     -80.0   1.0231250694E-004
     -60.0   1.2558324780E-004
     -50.0   1.3746576249E-004
     -40.0   1.5886894768E-004
     -30.0   2.0224698389E-004
     -20.0   2.1042576125E-004
     -10.0   2.1586055447E-004
       0.0   2.0526817357E-004
      10.0   1.8684663588E-004
      20.0   1.6690792252E-004
      30.0   1.5860102579E-004
      40.0   1.2967177119E-004
      50.0   1.1235243814E-004
      60.0   1.0086289768E-004
      80.0   8.1575966442E-005
     100.0   6.2813541425E-005
     120.0   4.7168750247E-005
     140.0   4.1164982631E-005
     160.0   3.8936759805E-005
     180.0   3.7693598328E-005
     200.0   3.7159771498E-005
     220.0   3.7000729503E-005
     240.0   3.6681747911E-005
     260.0   3.6089614961E-005
     280.0   3.5485093648E-005
     300.0   3.5270661028E-005
     400.0   3.5918125400E-005
     500.0   3.6017145605E-005
    1000.0   3.5995508355E-005
