   -1000.0   2.6071096873E-005
    -500.0   2.6045124417E-005
    -400.0   2.6042839864E-005
    -300.0   2.6048471030E-005
    -280.0   2.6052150400E-005
    -260.0   2.6057790398E-005
    -240.0   2.6068004542E-005
    -220.0   2.6109685147E-005
    -200.0   2.6193523111E-005
    -180.0   2.6381827592E-005
    -160.0   2.6722885237E-005
    -140.0   2.7437637186E-005
    -120.0   3.1070023360E-005
    -100.0   3.6998750544E-005
     -80.0   3.9941554158E-005
     -60.0   4.3619955637E-005
     -50.0   4.6641990106E-005
     -40.0   5.0481212524E-005
     -30.0   5.4749557382E-005
     -20.0   5.8744874567E-005
     -10.0   6.1310008421E-005
       0.0   6.2142890023E-005
      10.0   5.6758119536E-005
      20.0   5.0348786205E-005
      30.0   4.1209431465E-005
      40.0   3.3782283256E-005
      50.0   2.9979062668E-005
      60.0   2.8146781154E-005
      80.0   2.6601123104E-005
     100.0   2.6703471405E-005
     120.0   2.5381120019E-005
     140.0   2.4089976204E-005
     160.0   2.4134026165E-005
     180.0   2.4710865098E-005
     200.0   2.5131941367E-005
     220.0   2.5372602635E-005
     240.0   2.5444271547E-005
     260.0   2.5676096113E-005
     280.0   2.5946974236E-005
     300.0   2.5978245359E-005
     400.0   2.5977520961E-005
     500.0   2.5968325224E-005
    1000.0   2.5927880881E-005
