   -1000.0   2.7880630799E-005
    -500.0   2.7924478914E-005
    -400.0   2.7933001288E-005
    -300.0   2.7941534522E-005
    -280.0   2.7943252211E-005
    -260.0   2.7944996042E-005
    -240.0   2.7948624275E-005
    -220.0   2.7954043813E-005
    -200.0   2.7977473074E-005
    -180.0   2.8100383032E-005
    -160.0   2.8221803714E-005
    -140.0   2.8239034562E-005
    -120.0   2.8282907338E-005
    -100.0   2.8305658880E-005
     -80.0   2.8375028652E-005
     -60.0   2.8519593156E-005
     -50.0   2.8629963389E-005
     -40.0   2.8764229692E-005
     -30.0   2.8939575797E-005
     -20.0   2.8972228751E-005
     -10.0   2.8222564970E-005
       0.0   2.5813017295E-005
      10.0   2.3889549149E-005
      20.0   2.3355962416E-005
      30.0   2.3873233893E-005
      40.0   2.4567554889E-005
      50.0   2.5037895619E-005
      60.0   2.5435561414E-005
      80.0   2.5653859186E-005
     100.0   2.4824791804E-005
     120.0   2.5507203069E-005
     140.0   2.6724979411E-005
     160.0   2.6996319738E-005
     180.0   2.7219713825E-005
     200.0   2.7242717372E-005
     220.0   2.7130325959E-005
     240.0   2.7196410466E-005
     260.0   2.7401676248E-005
     280.0   2.7628751066E-005
     300.0   2.7848524365E-005
     400.0   2.8000700301E-005
     500.0   2.8009429648E-005
    1000.0   2.8051952877E-005
