   -1000.0   3.4015670022E-005
    -500.0   3.4042698307E-005
    -400.0   3.4048124640E-005
    -300.0   3.4054288893E-005
    -280.0   3.4055747568E-005
    -260.0   3.4057377618E-005
    -240.0   3.4059732582E-005
    -220.0   3.4062960646E-005
    -200.0   3.4068547656E-005
    -180.0   3.4076003442E-005
    -160.0   3.4124793523E-005
    -140.0   3.4381575802E-005
    -120.0   3.5396733119E-005
    -100.0   4.0566626371E-005
     -80.0   4.7188442028E-005
     -60.0   5.4430341587E-005
     -50.0   5.7302039504E-005
     -40.0   6.0043973875E-005
     -30.0   6.0894234146E-005
     -20.0   6.0727860897E-005
     -10.0   5.6275968220E-005
       0.0   5.2710311029E-005
      10.0   5.2915168102E-005
      20.0   4.8610000150E-005
      30.0   4.0822721217E-005
      40.0   3.3084918005E-005
      50.0   2.6765003055E-005
      60.0   2.4047314401E-005
      80.0   2.2680992032E-005
     100.0   2.2393154057E-005
     120.0   2.4579041557E-005
     140.0   2.6945111405E-005
     160.0   3.0753485515E-005
     180.0   3.2525995575E-005
     200.0   3.3499646129E-005
     220.0   3.3536774946E-005
     240.0   3.3425395392E-005
     260.0   3.3593819026E-005
     280.0   3.3956295546E-005
     300.0   3.4029351832E-005
     400.0   3.4086379548E-005
     500.0   3.4091314910E-005
    1000.0   3.4115504626E-005
