   -1000.0   2.4987926193E-005
    -500.0   2.5097977806E-005
    -400.0   2.5144258722E-005
    -300.0   2.5234657681E-005
    -280.0   2.5265102930E-005
    -260.0   2.5303642741E-005
    -240.0   2.5354480558E-005
    -220.0   2.5427369072E-005
    -200.0   2.5593697172E-005
    -180.0   2.7511817337E-005
    -160.0   2.9789584307E-005
    -140.0   3.3226416079E-005
    -120.0   3.8146786160E-005
    -100.0   4.9674129656E-005
     -80.0   1.2957691742E-004
     -60.0   2.6047763494E-004
     -50.0   3.0818563159E-004
     -40.0   3.6606204540E-004
     -30.0   4.3264513932E-004
     -20.0   4.7388310414E-004
     -10.0   7.3733160347E-004
       0.0   7.9448774201E-004
      10.0   6.2494943914E-004
      20.0   4.0047086277E-004
      30.0   2.9341202501E-004
      40.0   2.3519183425E-004
      50.0   1.9093229756E-004
      60.0   1.6852095371E-004
      80.0   1.1596203959E-004
     100.0   5.3348831713E-005
     120.0   4.2144270731E-005
     140.0   3.6873786821E-005
     160.0   3.3728165417E-005
     180.0   3.1152842405E-005
     200.0   2.8705306788E-005
     220.0   2.7434682330E-005
     240.0   2.6149038967E-005
     260.0   2.5888054436E-005
     280.0   2.5710224767E-005
     300.0   2.5421887282E-005
     400.0   2.5236744004E-005
     500.0   2.5213679300E-005
    1000.0   2.5228413048E-005
