   -1000.0   2.1402758352E-005
    -500.0   2.1460830264E-005
    -400.0   2.1472221746E-005
    -300.0   2.1483518074E-005
    -280.0   2.1485789876E-005
    -260.0   2.1488088104E-005
    -240.0   2.1490449740E-005
    -220.0   2.1493808214E-005
    -200.0   2.1499009323E-005
    -180.0   2.1508034855E-005
    -160.0   2.1520460557E-005
    -140.0   2.1542159847E-005
    -120.0   2.1579653377E-005
    -100.0   2.1800304301E-005
     -80.0   2.2476082619E-005
     -60.0   2.3244943277E-005
     -50.0   2.3608420208E-005
     -40.0   2.3840373578E-005
     -30.0   2.3812656187E-005
     -20.0   2.3635215761E-005
     -10.0   2.3539116310E-005
       0.0   2.3433473466E-005
      10.0   2.3329408975E-005
      20.0   2.3216265384E-005
      30.0   2.3037047572E-005
      40.0   2.2394912438E-005
      50.0   2.1072339077E-005
      60.0   1.9630562650E-005
      80.0   1.6980490677E-005
     100.0   1.4983826719E-005
     120.0   1.5298313595E-005
     140.0   1.6372349859E-005
     160.0   1.5885366033E-005
     180.0   1.4543618702E-005
     200.0   1.4543643304E-005
     220.0   1.4795751088E-005
     240.0   1.5153429857E-005
     260.0   1.5681328456E-005
     280.0   1.6331667763E-005
     300.0   1.7143237022E-005
     400.0   2.1524580668E-005
     500.0   2.1567934476E-005
    1000.0   2.1638389129E-005
