   -1000.0   2.2321204445E-005
    -500.0   2.2384398162E-005
    -400.0   2.2399140110E-005
    -300.0   2.2417755496E-005
    -280.0   2.2422581455E-005
    -260.0   2.2428119419E-005
    -240.0   2.2434686073E-005
    -220.0   2.2442804605E-005
    -200.0   2.2453405432E-005
    -180.0   2.2468320928E-005
    -160.0   2.2491795856E-005
    -140.0   2.2554645744E-005
    -120.0   2.4384299609E-005
    -100.0   2.7385459014E-005
     -80.0   3.1254857897E-005
     -60.0   3.7071264741E-005
     -50.0   4.1714775630E-005
     -40.0   4.5026851905E-005
     -30.0   4.5713241535E-005
     -20.0   4.5702153271E-005
     -10.0   4.3274484327E-005
       0.0   3.8415904757E-005
      10.0   3.4946756589E-005
      20.0   3.4953767934E-005
      30.0   3.5416037364E-005
      40.0   3.5989537499E-005
      50.0   3.4673820717E-005
      60.0   3.1537441177E-005
      80.0   2.7893890776E-005
     100.0   2.4939780814E-005
     120.0   2.2544625312E-005
     140.0   2.0664394251E-005
     160.0   1.9799657043E-005
     180.0   1.8879185426E-005
     200.0   1.6799032389E-005
     220.0   1.6840153981E-005
     240.0   1.8415368772E-005
     260.0   2.1448568482E-005
     280.0   2.2438470560E-005
     300.0   2.2462041710E-005
     400.0   2.2488764923E-005
     500.0   2.2501258644E-005
    1000.0   2.2559714279E-005
