   -1000.0   3.0395657450E-005
    -500.0   3.0430733558E-005
    -400.0   3.0437617267E-005
    -300.0   3.0444494909E-005
    -280.0   3.0445869686E-005
    -260.0   3.0447244205E-005
    -240.0   3.0448618460E-005
    -220.0   3.0449992450E-005
    -200.0   3.0451369896E-005
    -180.0   3.0452793728E-005
    -160.0   3.0454245235E-005
    -140.0   3.0456103064E-005
    -120.0   3.0458697856E-005
    -100.0   3.0460911005E-005
     -80.0   3.0462879167E-005
     -60.0   3.0464633708E-005
     -50.0   3.0465482530E-005
     -40.0   3.0466340109E-005
     -30.0   3.0467978267E-005
     -20.0   3.0468069717E-005
     -10.0   3.0473231109E-005
       0.0   3.0460404044E-005
      10.0   3.0425712821E-005
      20.0   3.0357122605E-005
      30.0   3.0273018454E-005
      40.0   3.0196842263E-005
      50.0   3.0143471746E-005
      60.0   3.0117881578E-005
      80.0   3.0132475235E-005
     100.0   3.0191466671E-005
     120.0   3.0270694016E-005
     140.0   3.0334074153E-005
     160.0   3.0378201270E-005
     180.0   3.0379531966E-005
     200.0   3.0351306353E-005
     220.0   3.0367137729E-005
     240.0   3.0388928164E-005
     260.0   3.0420787437E-005
     280.0   3.0451670751E-005
     300.0   3.0464795321E-005
     400.0   3.0492474375E-005
     500.0   3.0499307638E-005
    1000.0   3.0533374728E-005
