   -1000.0   5.5197856666E-005
    -500.0   6.7152288461E-005
    -400.0   7.6279955436E-005
    -300.0   9.6946301912E-005
    -280.0   1.0426414991E-004
    -260.0   1.1359061227E-004
    -240.0   1.2578440592E-004
    -220.0   1.4225296085E-004
    -200.0   1.6557926537E-004
    -180.0   2.0087894697E-004
    -160.0   2.6113721189E-004
    -140.0   3.6974822786E-004
    -120.0   5.8392509701E-004
    -100.0   9.4165968674E-004
     -80.0   1.3974314257E-003
     -60.0   1.7931744582E-003
     -50.0   2.0421835926E-003
     -40.0   2.3176022831E-003
     -30.0   2.6089894915E-003
     -20.0   2.7974073988E-003
     -10.0   2.5572804743E-003
       0.0   2.5362462100E-003
      10.0   2.3352020480E-003
      20.0   2.3033903414E-003
      30.0   2.1948726602E-003
      40.0   1.9614294912E-003
      50.0   1.6944404401E-003
      60.0   1.4621138521E-003
      80.0   1.1174210166E-003
     100.0   8.3483559911E-004
     120.0   5.4555414959E-004
     140.0   3.9491430207E-004
     160.0   3.0906161410E-004
     180.0   2.5090406750E-004
     200.0   2.0632912130E-004
     220.0   1.7379865476E-004
     240.0   1.4839806673E-004
     260.0   1.2846846332E-004
     280.0   1.1430815971E-004
     300.0   1.0338922868E-004
     400.0   7.6791109773E-005
     500.0   6.7544004782E-005
    1000.0   5.6435153925E-005
