   -1000.0   7.1759434857E-005
    -500.0   7.2612012691E-005
    -400.0   7.3172920125E-005
    -300.0   7.4435116555E-005
    -280.0   7.4881752876E-005
    -260.0   7.5451277739E-005
    -240.0   7.6196443619E-005
    -220.0   7.7203778578E-005
    -200.0   7.8626453254E-005
    -180.0   8.0755860214E-005
    -160.0   8.4330589731E-005
    -140.0   9.1577597550E-005
    -120.0   1.0933952543E-004
    -100.0   1.3858462812E-004
     -80.0   1.9146299387E-004
     -60.0   3.1777514896E-004
     -50.0   4.0274034570E-004
     -40.0   4.6864959212E-004
     -30.0   4.8545817633E-004
     -20.0   4.5116374537E-004
     -10.0   3.8655186867E-004
       0.0   3.5725087910E-004
      10.0   3.6604740368E-004
      20.0   4.0658178524E-004
      30.0   4.2857089123E-004
      40.0   4.1594640047E-004
      50.0   3.6233501790E-004
      60.0   2.9461083511E-004
      80.0   1.8631201291E-004
     100.0   1.4228511998E-004
     120.0   1.2045174882E-004
     140.0   1.0629719916E-004
     160.0   9.7876178761E-005
     180.0   9.1880644257E-005
     200.0   8.7379459220E-005
     220.0   8.3737944624E-005
     240.0   8.0824320648E-005
     260.0   7.8488940991E-005
     280.0   7.6798287646E-005
     300.0   7.5610383438E-005
     400.0   7.3457409004E-005
     500.0   7.2789153020E-005
    1000.0   7.2043501147E-005
