   -1000.0   7.1744559923E-006
    -500.0   7.2030066200E-006
    -400.0   7.2087016416E-006
    -300.0   7.2143639926E-006
    -280.0   7.2154881052E-006
    -260.0   7.2166085235E-006
    -240.0   7.2178453825E-006
    -220.0   7.2190618502E-006
    -200.0   7.2200891752E-006
    -180.0   7.2211584795E-006
    -160.0   7.2240994130E-006
    -140.0   7.2290752890E-006
    -120.0   7.2370611752E-006
    -100.0   7.2482091725E-006
     -80.0   7.2577963096E-006
     -60.0   7.2636292331E-006
     -50.0   7.2641445988E-006
     -40.0   7.2623935618E-006
     -30.0   7.2556863327E-006
     -20.0   7.2400087607E-006
     -10.0   7.1652973822E-006
       0.0   6.4007441184E-006
      10.0   6.9254039816E-006
      20.0   7.0366570382E-006
      30.0   7.0235890612E-006
      40.0   6.9976565053E-006
      50.0   6.1651592297E-006
      60.0   1.5041905202E-006
      80.0   1.5984556763E-006
     100.0   2.1755762077E-006
     120.0   6.4490944915E-006
     140.0   6.4743461633E-006
     160.0   6.2347963275E-006
     180.0   6.2338393304E-006
     200.0   5.9853240216E-006
     220.0   6.2709408766E-006
     240.0   6.7334127312E-006
     260.0   6.9815640065E-006
     280.0   7.2277967744E-006
     300.0   7.2411201122E-006
     400.0   7.2545049955E-006
     500.0   7.2604672113E-006
    1000.0   7.2895781778E-006
