   -1000.0   3.6910930780E-005
    -500.0   3.6864840945E-005
    -400.0   3.6854559290E-005
    -300.0   3.6844542933E-005
    -280.0   3.6842651327E-005
    -260.0   3.6840862311E-005
    -240.0   3.6839275352E-005
    -220.0   3.6838216744E-005
    -200.0   3.6847756591E-005
    -180.0   3.7020208472E-005
    -160.0   3.7650676665E-005
    -140.0   3.7874362833E-005
    -120.0   3.7964479920E-005
    -100.0   3.8319062859E-005
     -80.0   3.8794284609E-005
     -60.0   3.9565067605E-005
     -50.0   4.0017955081E-005
     -40.0   4.0706946338E-005
     -30.0   4.1567651099E-005
     -20.0   4.2480917856E-005
     -10.0   4.1753499345E-005
       0.0   3.9328902055E-005
      10.0   3.6424182043E-005
      20.0   3.5182655514E-005
      30.0   3.4714504836E-005
      40.0   3.4595116118E-005
      50.0   3.4625863975E-005
      60.0   3.4667725101E-005
      80.0   3.4706024176E-005
     100.0   3.4579690065E-005
     120.0   3.4393163984E-005
     140.0   3.4250642495E-005
     160.0   3.4130125364E-005
     180.0   3.3552942331E-005
     200.0   3.2856208765E-005
     220.0   3.2728779557E-005
     240.0   3.2981108056E-005
     260.0   3.3592410279E-005
     280.0   3.4454242198E-005
     300.0   3.5557808606E-005
     400.0   3.6766467713E-005
     500.0   3.6759312402E-005
    1000.0   3.6708793311E-005
