   -1000.0   2.5272098675E-005
    -500.0   2.5348177620E-005
    -400.0   2.5362712098E-005
    -300.0   2.5384335566E-005
    -280.0   2.5391830373E-005
    -260.0   2.5403319486E-005
    -240.0   2.5440606386E-005
    -220.0   2.5522537671E-005
    -200.0   2.5781937084E-005
    -180.0   2.6993440497E-005
    -160.0   2.7869992161E-005
    -140.0   2.8238123401E-005
    -120.0   2.8690983244E-005
    -100.0   2.9067570670E-005
     -80.0   2.9737448578E-005
     -60.0   3.0763582985E-005
     -50.0   3.1593291534E-005
     -40.0   3.2676169245E-005
     -30.0   3.4136195436E-005
     -20.0   3.5569291139E-005
     -10.0   3.5893998527E-005
       0.0   3.4150707189E-005
      10.0   3.1668476648E-005
      20.0   2.9824121763E-005
      30.0   2.8758971820E-005
      40.0   2.8116632466E-005
      50.0   2.7655751231E-005
      60.0   2.7351184860E-005
      80.0   2.6518575099E-005
     100.0   2.5061571798E-005
     120.0   2.4533383173E-005
     140.0   2.5592695689E-005
     160.0   2.5930915629E-005
     180.0   2.6508718157E-005
     200.0   2.6328917793E-005
     220.0   2.5772800752E-005
     240.0   2.5597030481E-005
     260.0   2.5583220080E-005
     280.0   2.5553627772E-005
     300.0   2.5503061739E-005
     400.0   2.5450541455E-005
     500.0   2.5459074806E-005
    1000.0   2.5512055584E-005
