   -1000.0   4.2162847193E-005
    -500.0   4.2295478667E-005
    -400.0   4.2365053790E-005
    -300.0   4.2525610920E-005
    -280.0   4.2583714134E-005
    -260.0   4.2658933061E-005
    -240.0   4.2759601546E-005
    -220.0   4.2900774817E-005
    -200.0   4.3116734786E-005
    -180.0   4.3528077021E-005
    -160.0   4.4921503287E-005
    -140.0   4.7854521809E-005
    -120.0   5.2204004133E-005
    -100.0   5.9015766846E-005
     -80.0   7.4037645264E-005
     -60.0   1.1076611443E-004
     -50.0   1.3431484388E-004
     -40.0   1.5213464479E-004
     -30.0   1.7072405409E-004
     -20.0   1.8609640413E-004
     -10.0   1.8279069252E-004
       0.0   1.6746709493E-004
      10.0   1.7173580031E-004
      20.0   1.7258599168E-004
      30.0   1.5783850362E-004
      40.0   1.3966467108E-004
      50.0   1.2603387497E-004
      60.0   1.0980247017E-004
      80.0   7.1835568049E-005
     100.0   5.8197043606E-005
     120.0   5.1858844107E-005
     140.0   4.7950273895E-005
     160.0   4.5428830432E-005
     180.0   4.4192178381E-005
     200.0   4.3624893205E-005
     220.0   4.3257038212E-005
     240.0   4.2996905098E-005
     260.0   4.2802832899E-005
     280.0   4.2661084549E-005
     300.0   4.2563343421E-005
     400.0   4.2369059008E-005
     500.0   4.2299466391E-005
    1000.0   4.2213216258E-005
