   -1000.0   1.6745163579E-005
    -500.0   1.6799163764E-005
    -400.0   1.6809977150E-005
    -300.0   1.6820795027E-005
    -280.0   1.6822959135E-005
    -260.0   1.6825123418E-005
    -240.0   1.6827287876E-005
    -220.0   1.6829452506E-005
    -200.0   1.6831617306E-005
    -180.0   1.6833782275E-005
    -160.0   1.6835947409E-005
    -140.0   1.6838117425E-005
    -120.0   1.6840297476E-005
    -100.0   1.6842477642E-005
     -80.0   1.6844674996E-005
     -60.0   1.6847120956E-005
     -50.0   1.6848289238E-005
     -40.0   1.6849591381E-005
     -30.0   1.6851551276E-005
     -20.0   1.6862700318E-005
     -10.0   1.6853367230E-005
       0.0   1.6853674928E-005
      10.0   1.6854671700E-005
      20.0   1.6855873594E-005
      30.0   1.6856780455E-005
      40.0   1.6857811330E-005
      50.0   1.6855550309E-005
      60.0   1.6854690004E-005
      80.0   1.6852533211E-005
     100.0   1.6820035964E-005
     120.0   1.6804759077E-005
     140.0   1.6784042901E-005
     160.0   1.6795712058E-005
     180.0   1.6818998174E-005
     200.0   1.6731910178E-005
     220.0   1.6621759485E-005
     240.0   1.6548377107E-005
     260.0   1.6474458482E-005
     280.0   1.6149904504E-005
     300.0   1.5273205618E-005
     400.0   1.6896620467E-005
     500.0   1.6907498892E-005
    1000.0   1.6961848813E-005
