   -1000.0   3.4426214968E-005
    -500.0   3.4455337261E-005
    -400.0   3.4461094650E-005
    -300.0   3.4466845493E-005
    -280.0   3.4467994905E-005
    -260.0   3.4469144086E-005
    -240.0   3.4470293060E-005
    -220.0   3.4471441867E-005
    -200.0   3.4472590589E-005
    -180.0   3.4473739890E-005
    -160.0   3.4475007727E-005
    -140.0   3.4476784993E-005
    -120.0   3.4479137120E-005
    -100.0   3.4483219667E-005
     -80.0   3.4502650877E-005
     -60.0   3.4756970060E-005
     -50.0   3.4759389136E-005
     -40.0   3.4774740146E-005
     -30.0   3.4844999069E-005
     -20.0   3.4836692205E-005
     -10.0   3.4688604489E-005
       0.0   3.4686924198E-005
      10.0   3.4671238424E-005
      20.0   3.4627297454E-005
      30.0   3.4698393652E-005
      40.0   3.4830258024E-005
      50.0   3.4859808461E-005
      60.0   3.4777797336E-005
      80.0   3.4473435202E-005
     100.0   3.3827764314E-005
     120.0   3.3212971835E-005
     140.0   3.3379051292E-005
     160.0   3.3620142905E-005
     180.0   3.3918390752E-005
     200.0   3.4139390704E-005
     220.0   3.4272299991E-005
     240.0   3.4355657578E-005
     260.0   3.4407592019E-005
     280.0   3.4439073469E-005
     300.0   3.4451429255E-005
     400.0   3.4506905713E-005
     500.0   3.4512614121E-005
    1000.0   3.4541013230E-005
