   -1000.0   5.1859783020E-005
    -500.0   5.2007481942E-005
    -400.0   5.2037013923E-005
    -300.0   5.2066530058E-005
    -280.0   5.2072429731E-005
    -260.0   5.2078327595E-005
    -240.0   5.2084223238E-005
    -220.0   5.2090116132E-005
    -200.0   5.2096005583E-005
    -180.0   5.2101890676E-005
    -160.0   5.2107770181E-005
    -140.0   5.2113642424E-005
    -120.0   5.2119508153E-005
    -100.0   5.2125738438E-005
     -80.0   5.2132477562E-005
     -60.0   5.2143194813E-005
     -50.0   5.2149890825E-005
     -40.0   5.2157445510E-005
     -30.0   5.2163706046E-005
     -20.0   5.2163589961E-005
     -10.0   5.2160319439E-005
       0.0   5.2149323932E-005
      10.0   5.2134545925E-005
      20.0   5.2116857833E-005
      30.0   5.2083759792E-005
      40.0   5.1016722848E-005
      50.0   5.0853753156E-005
      60.0   5.0268713850E-005
      80.0   4.7808827139E-005
     100.0   4.4201891746E-005
     120.0   4.0796626831E-005
     140.0   3.8548877091E-005
     160.0   4.0266070018E-005
     180.0   3.9984797625E-005
     200.0   3.9885579491E-005
     220.0   4.4653213028E-005
     240.0   4.9217664234E-005
     260.0   5.0584224614E-005
     280.0   5.2060050896E-005
     300.0   5.2240443649E-005
     400.0   5.2272987981E-005
     500.0   5.2302960379E-005
    1000.0   5.2451194960E-005
