   -1000.0   6.1670681763E-006
    -500.0   6.1927178841E-006
    -400.0   6.1977021873E-006
    -300.0   6.2024652063E-006
    -280.0   6.2033649494E-006
    -260.0   6.2042557978E-006
    -240.0   6.2051952609E-006
    -220.0   6.2059726798E-006
    -200.0   6.2067566934E-006
    -180.0   6.2073966781E-006
    -160.0   6.2083515759E-006
    -140.0   6.2099336502E-006
    -120.0   6.2125013973E-006
    -100.0   6.2158146281E-006
     -80.0   6.2194749258E-006
     -60.0   6.2187283729E-006
     -50.0   6.2141564777E-006
     -40.0   6.2035319687E-006
     -30.0   6.1791398950E-006
     -20.0   6.1156591756E-006
     -10.0   5.8511944345E-006
       0.0   5.3310977614E-006
      10.0   5.5384164425E-006
      20.0   5.8011712513E-006
      30.0   5.8416848495E-006
      40.0   5.7959833606E-006
      50.0   2.2109663085E-006
      60.0   1.5348092836E-006
      80.0   1.6608955971E-006
     100.0   5.6704777100E-006
     120.0   5.7905176419E-006
     140.0   5.7937153613E-006
     160.0   5.5488833583E-006
     180.0   5.5495647375E-006
     200.0   5.5501235288E-006
     220.0   5.5501473466E-006
     240.0   6.1877519260E-006
     260.0   6.2005773838E-006
     280.0   6.2190378614E-006
     300.0   6.2294482457E-006
     400.0   6.2385708656E-006
     500.0   6.2446249154E-006
    1000.0   6.2717199302E-006
