   -1000.0   5.1521386338E-005
    -500.0   5.1551013396E-005
    -400.0   5.1555077616E-005
    -300.0   5.1560682027E-005
    -280.0   5.1562301580E-005
    -260.0   5.1564281074E-005
    -240.0   5.1566824910E-005
    -220.0   5.1570320366E-005
    -200.0   5.1575609373E-005
    -180.0   5.1585037621E-005
    -160.0   5.1620917614E-005
    -140.0   5.2256227962E-005
    -120.0   5.4455692560E-005
    -100.0   5.6500916253E-005
     -80.0   5.7490767294E-005
     -60.0   5.9365884319E-005
     -50.0   5.9988166919E-005
     -40.0   6.0880379839E-005
     -30.0   6.2919957518E-005
     -20.0   6.6260876930E-005
     -10.0   6.6073446629E-005
       0.0   6.5266709451E-005
      10.0   5.9250226028E-005
      20.0   5.8846217135E-005
      30.0   5.5750711383E-005
      40.0   5.3859259416E-005
      50.0   5.2839157540E-005
      60.0   5.2130535794E-005
      80.0   5.1194114017E-005
     100.0   5.0536786886E-005
     120.0   4.9909778513E-005
     140.0   4.9118694892E-005
     160.0   4.8549485665E-005
     180.0   4.8234494079E-005
     200.0   4.7346903765E-005
     220.0   4.5483012949E-005
     240.0   4.4655700277E-005
     260.0   4.5494098848E-005
     280.0   4.7635594097E-005
     300.0   4.9620275895E-005
     400.0   5.1563327362E-005
     500.0   5.1576957160E-005
    1000.0   5.1597146776E-005
