   -1000.0   3.4129407638E-005
    -500.0   3.4186806871E-005
    -400.0   3.4228941581E-005
    -300.0   3.4338524395E-005
    -280.0   3.4382386104E-005
    -260.0   3.4442587027E-005
    -240.0   3.4529439077E-005
    -220.0   3.4664410197E-005
    -200.0   3.4908369733E-005
    -180.0   3.5581088357E-005
    -160.0   3.9350030722E-005
    -140.0   4.5653534838E-005
    -120.0   5.1127957146E-005
    -100.0   5.4703350597E-005
     -80.0   5.9035189915E-005
     -60.0   6.6252722652E-005
     -50.0   7.0704930727E-005
     -40.0   7.5192247435E-005
     -30.0   8.0481340097E-005
     -20.0   7.7222475619E-005
     -10.0   7.5415454657E-005
       0.0   7.1792806854E-005
      10.0   6.7960693054E-005
      20.0   6.5991415620E-005
      30.0   6.0484591678E-005
      40.0   5.2747602760E-005
      50.0   4.7949081355E-005
      60.0   4.5051565000E-005
      80.0   4.1257752224E-005
     100.0   3.8801588576E-005
     120.0   3.7808375969E-005
     140.0   3.6152544978E-005
     160.0   3.4088536743E-005
     180.0   3.2187368057E-005
     200.0   3.0947553042E-005
     220.0   3.0719006255E-005
     240.0   3.1010087741E-005
     260.0   3.1477832750E-005
     280.0   3.1810412626E-005
     300.0   3.2186706716E-005
     400.0   3.4135515819E-005
     500.0   3.4154509322E-005
    1000.0   3.4140020597E-005
