   -1000.0   3.2577253958E-005
    -500.0   3.2643697946E-005
    -400.0   3.2656989994E-005
    -300.0   3.2670283024E-005
    -280.0   3.2672941705E-005
    -260.0   3.2675600394E-005
    -240.0   3.2678259083E-005
    -220.0   3.2680917758E-005
    -200.0   3.2683576404E-005
    -180.0   3.2686234999E-005
    -160.0   3.2688893518E-005
    -140.0   3.2691552651E-005
    -120.0   3.2694227326E-005
    -100.0   3.2696919693E-005
     -80.0   3.2699627854E-005
     -60.0   3.2708786844E-005
     -50.0   3.2712687888E-005
     -40.0   3.2711567135E-005
     -30.0   3.2715958734E-005
     -20.0   3.2708321571E-005
     -10.0   3.2709511648E-005
       0.0   3.2710813189E-005
      10.0   3.2712191616E-005
      20.0   3.2713485802E-005
      30.0   3.2714748831E-005
      40.0   3.2715982162E-005
      50.0   3.2717152616E-005
      60.0   3.2717815207E-005
      80.0   3.2689982855E-005
     100.0   3.2500323763E-005
     120.0   3.2254094833E-005
     140.0   3.2084495289E-005
     160.0   3.2127182414E-005
     180.0   3.2192649625E-005
     200.0   3.2221016409E-005
     220.0   3.2062035185E-005
     240.0   3.1691694699E-005
     260.0   3.1018353845E-005
     280.0   3.1743207948E-005
     300.0   3.2650616964E-005
     400.0   3.2763348869E-005
     500.0   3.2776681654E-005
    1000.0   3.2843249854E-005
