   -1000.0   4.0309948521E-005
    -500.0   4.0343417733E-005
    -400.0   4.0350092020E-005
    -300.0   4.0356761486E-005
    -280.0   4.0358094794E-005
    -260.0   4.0359427903E-005
    -240.0   4.0360760813E-005
    -220.0   4.0362093519E-005
    -200.0   4.0363426049E-005
    -180.0   4.0364758441E-005
    -160.0   4.0366090711E-005
    -140.0   4.0367422671E-005
    -120.0   4.0368754353E-005
    -100.0   4.0370085729E-005
     -80.0   4.0371416727E-005
     -60.0   4.0372746691E-005
     -50.0   4.0373410931E-005
     -40.0   4.0374074077E-005
     -30.0   4.0374734220E-005
     -20.0   4.0375384782E-005
     -10.0   4.0375966520E-005
       0.0   3.9707377205E-005
      10.0   4.0327665027E-005
      20.0   4.0346651528E-005
      30.0   4.0355251923E-005
      40.0   4.0358440697E-005
      50.0   4.0360719161E-005
      60.0   4.0362279856E-005
      80.0   4.0306503430E-005
     100.0   4.0266716908E-005
     120.0   4.0253259581E-005
     140.0   4.0213924654E-005
     160.0   4.0191485673E-005
     180.0   4.0142817566E-005
     200.0   4.0134959773E-005
     220.0   4.0187173116E-005
     240.0   4.0247623264E-005
     260.0   4.0268758755E-005
     280.0   4.0304655847E-005
     300.0   4.0353100386E-005
     400.0   4.0403313440E-005
     500.0   4.0409944946E-005
    1000.0   4.0443027162E-005
