   -1000.0   3.0520951819E-005
    -500.0   3.0567955069E-005
    -400.0   3.0577327628E-005
    -300.0   3.0586696865E-005
    -280.0   3.0588570240E-005
    -260.0   3.0590443432E-005
    -240.0   3.0592316426E-005
    -220.0   3.0594193801E-005
    -200.0   3.0596217795E-005
    -180.0   3.0598066742E-005
    -160.0   3.0600007971E-005
    -140.0   3.0601844028E-005
    -120.0   3.0611333523E-005
    -100.0   3.0609398128E-005
     -80.0   3.0608477113E-005
     -60.0   3.0611378788E-005
     -50.0   3.0612334899E-005
     -40.0   3.0614003559E-005
     -30.0   3.0615826346E-005
     -20.0   3.0619029343E-005
     -10.0   3.0662556950E-005
       0.0   3.1795307228E-005
      10.0   3.0608932545E-005
      20.0   3.0077525393E-005
      30.0   2.9733316677E-005
      40.0   2.9778117207E-005
      50.0   2.9912550704E-005
      60.0   2.9918750745E-005
      80.0   2.9822498224E-005
     100.0   2.9825207877E-005
     120.0   2.9885509118E-005
     140.0   2.9080609508E-005
     160.0   2.8667332969E-005
     180.0   2.8464565927E-005
     200.0   2.8393906253E-005
     220.0   2.8546374382E-005
     240.0   2.8685088765E-005
     260.0   2.9134904106E-005
     280.0   2.9878105500E-005
     300.0   2.9801502107E-005
     400.0   3.0652168878E-005
     500.0   3.0661563496E-005
    1000.0   3.0708301087E-005
