   -1000.0   2.8830774351E-005
    -500.0   2.8899822515E-005
    -400.0   2.8910821229E-005
    -300.0   2.8921820740E-005
    -280.0   2.8924021098E-005
    -260.0   2.8926221777E-005
    -240.0   2.8928422990E-005
    -220.0   2.8930625207E-005
    -200.0   2.8932829446E-005
    -180.0   2.8935040893E-005
    -160.0   2.8984014030E-005
    -140.0   2.9001034731E-005
    -120.0   2.9061113692E-005
    -100.0   2.9063043065E-005
     -80.0   2.9097047762E-005
     -60.0   2.9548991628E-005
     -50.0   2.9857680716E-005
     -40.0   3.0215179547E-005
     -30.0   3.0654307641E-005
     -20.0   3.2153904995E-005
     -10.0   3.0503644312E-005
       0.0   3.0083360300E-005
      10.0   3.0204876378E-005
      20.0   3.0407376868E-005
      30.0   2.9791231987E-005
      40.0   2.9626199250E-005
      50.0   2.9506533285E-005
      60.0   2.9476088415E-005
      80.0   2.9101492357E-005
     100.0   2.9067267217E-005
     120.0   2.8768817333E-005
     140.0   2.8662528141E-005
     160.0   2.8608428455E-005
     180.0   2.8463758398E-005
     200.0   2.8617404968E-005
     220.0   2.8706879102E-005
     240.0   2.8756386120E-005
     260.0   2.8817761350E-005
     280.0   2.8859810266E-005
     300.0   2.8902846417E-005
     400.0   2.8998778837E-005
     500.0   2.9009783538E-005
    1000.0   2.9064694553E-005
