   -1000.0   2.9197864117E-005
    -500.0   2.9240802324E-005
    -400.0   2.9249356385E-005
    -300.0   2.9257905790E-005
    -280.0   2.9259615111E-005
    -260.0   2.9261324245E-005
    -240.0   2.9263033225E-005
    -220.0   2.9264744525E-005
    -200.0   2.9266458009E-005
    -180.0   2.9268172215E-005
    -160.0   2.9269884568E-005
    -140.0   2.9271595941E-005
    -120.0   2.9273323003E-005
    -100.0   2.9275100730E-005
     -80.0   2.9276835990E-005
     -60.0   2.9278567723E-005
     -50.0   2.9279438735E-005
     -40.0   2.9280313710E-005
     -30.0   2.9281197001E-005
     -20.0   2.9282093905E-005
     -10.0   2.9288331296E-005
       0.0   2.9283893588E-005
      10.0   2.9285995485E-005
      20.0   2.9284758595E-005
      30.0   2.9284530560E-005
      40.0   2.9284719466E-005
      50.0   2.9285373648E-005
      60.0   2.9286237406E-005
      80.0   2.9288216545E-005
     100.0   2.9290267656E-005
     120.0   2.9291988871E-005
     140.0   2.9292948594E-005
     160.0   2.9295183486E-005
     180.0   2.9297499594E-005
     200.0   2.9299344049E-005
     220.0   2.9300972030E-005
     240.0   2.9302364221E-005
     260.0   2.9304701697E-005
     280.0   2.9306892655E-005
     300.0   2.9308885405E-005
     400.0   2.9317619561E-005
     500.0   2.9326131339E-005
    1000.0   2.9368618452E-005
