   -1000.0   9.9650607720E-006
    -500.0   1.2740020948E-005
    -400.0   1.4832879597E-005
    -300.0   1.9481576810E-005
    -280.0   2.1100975152E-005
    -260.0   2.3147074819E-005
    -240.0   2.5795128550E-005
    -220.0   2.9334216034E-005
    -200.0   3.4300599891E-005
    -180.0   4.2344926490E-005
    -160.0   5.8098415087E-005
    -140.0   8.1215786698E-005
    -120.0   1.1502550398E-004
    -100.0   1.6494331115E-004
     -80.0   2.5699233416E-004
     -60.0   4.8692912259E-004
     -50.0   6.4653291365E-004
     -40.0   7.4398818935E-004
     -30.0   7.6984271361E-004
     -20.0   7.6928748689E-004
     -10.0   7.4649115251E-004
       0.0   6.9928957413E-004
      10.0   6.2238357884E-004
      20.0   6.4146529183E-004
      30.0   6.4355835716E-004
      40.0   6.3678491285E-004
      50.0   5.7726110533E-004
      60.0   4.4510563096E-004
      80.0   2.3210603995E-004
     100.0   1.4620210733E-004
     120.0   1.0061374804E-004
     140.0   7.4058606127E-005
     160.0   5.6945440489E-005
     180.0   4.5452554938E-005
     200.0   3.7402091229E-005
     220.0   3.1640824386E-005
     240.0   2.7503482944E-005
     260.0   2.4365040930E-005
     280.0   2.1940038498E-005
     300.0   2.0054189424E-005
     400.0   1.4973020522E-005
     500.0   1.2862183198E-005
    1000.0   1.0176418124E-005
