   -1000.0   8.3357273122E-006
    -500.0   8.3676702028E-006
    -400.0   8.3740734040E-006
    -300.0   8.3804814593E-006
    -280.0   8.3817636329E-006
    -260.0   8.3830459870E-006
    -240.0   8.3843285177E-006
    -220.0   8.3856112203E-006
    -200.0   8.3868974776E-006
    -180.0   8.3881993571E-006
    -160.0   8.3894912819E-006
    -140.0   8.3907845202E-006
    -120.0   8.3920882041E-006
    -100.0   8.3933847135E-006
     -80.0   8.3948790659E-006
     -60.0   8.3965486482E-006
     -50.0   8.3972777443E-006
     -40.0   8.3979757297E-006
     -30.0   8.3987361826E-006
     -20.0   8.3996572123E-006
     -10.0   8.4182333254E-006
       0.0   8.4018668795E-006
      10.0   8.4014977670E-006
      20.0   8.4016293773E-006
      30.0   8.4021680973E-006
      40.0   8.4029900409E-006
      50.0   8.4032917303E-006
      60.0   8.4036995438E-006
      80.0   8.3606788071E-006
     100.0   8.3504477420E-006
     120.0   8.3336493537E-006
     140.0   8.3424840209E-006
     160.0   8.3331367298E-006
     180.0   8.3329014811E-006
     200.0   7.2380356165E-006
     220.0   6.7359972526E-006
     240.0   6.3520739406E-006
     260.0   5.8002661854E-006
     280.0   5.6641562641E-006
     300.0   6.2164771268E-006
     400.0   8.4253791752E-006
     500.0   8.4319185742E-006
    1000.0   8.4642701127E-006
