   -1000.0   3.2326385016E-005
    -500.0   3.2364532669E-005
    -400.0   3.2371730557E-005
    -300.0   3.2379063269E-005
    -280.0   3.2380569392E-005
    -260.0   3.2382101312E-005
    -240.0   3.2383670611E-005
    -220.0   3.2385296531E-005
    -200.0   3.2387013943E-005
    -180.0   3.2388896235E-005
    -160.0   3.2391427086E-005
    -140.0   3.2426578512E-005
    -120.0   3.2603765866E-005
    -100.0   3.2881257014E-005
     -80.0   3.4136873902E-005
     -60.0   3.7016276884E-005
     -50.0   3.8438457933E-005
     -40.0   4.0604388549E-005
     -30.0   4.4350892241E-005
     -20.0   4.6741155629E-005
     -10.0   4.4596548995E-005
       0.0   4.1492585643E-005
      10.0   3.9430769966E-005
      20.0   3.9398026878E-005
      30.0   3.8487866729E-005
      40.0   3.6569211344E-005
      50.0   3.5354758856E-005
      60.0   3.4705907144E-005
      80.0   3.3045648665E-005
     100.0   3.1263581357E-005
     120.0   3.0359708123E-005
     140.0   2.9852759147E-005
     160.0   3.0258047371E-005
     180.0   3.0735045392E-005
     200.0   3.1133067165E-005
     220.0   3.1432391096E-005
     240.0   3.1680019751E-005
     260.0   3.1873103602E-005
     280.0   3.1914999033E-005
     300.0   3.1609863365E-005
     400.0   3.2426918421E-005
     500.0   3.2434899639E-005
    1000.0   3.2470350448E-005
