   -1000.0   2.5516345500E-005
    -500.0   2.5574414870E-005
    -400.0   2.5585054121E-005
    -300.0   2.5596588641E-005
    -280.0   2.5599322016E-005
    -260.0   2.5602649195E-005
    -240.0   2.5615033931E-005
    -220.0   2.5641221911E-005
    -200.0   2.5743747125E-005
    -180.0   2.6221805470E-005
    -160.0   2.6495575872E-005
    -140.0   2.6552007980E-005
    -120.0   2.6711694912E-005
    -100.0   2.6861692675E-005
     -80.0   2.7087447543E-005
     -60.0   2.7468137087E-005
     -50.0   2.7784294562E-005
     -40.0   2.8317188024E-005
     -30.0   2.9157363821E-005
     -20.0   3.0175409366E-005
     -10.0   3.0169844576E-005
       0.0   2.8199033682E-005
      10.0   2.6040079809E-005
      20.0   2.5049429145E-005
      30.0   2.4958829300E-005
      40.0   2.5062488261E-005
      50.0   2.5167053015E-005
      60.0   2.5246892824E-005
      80.0   2.5111535083E-005
     100.0   2.4072154931E-005
     120.0   2.4225124300E-005
     140.0   2.5062007729E-005
     160.0   2.5429486868E-005
     180.0   2.5884764480E-005
     200.0   2.5772286234E-005
     220.0   2.5280845258E-005
     240.0   2.5320510779E-005
     260.0   2.5436368676E-005
     280.0   2.5541450924E-005
     300.0   2.5615098452E-005
     400.0   2.5665890039E-005
     500.0   2.5676497420E-005
    1000.0   2.5727790548E-005
