   -1000.0   1.9773196091E-005
    -500.0   1.9956983950E-005
    -400.0   2.0080219161E-005
    -300.0   2.0379286415E-005
    -280.0   2.0495623484E-005
    -260.0   2.0654053977E-005
    -240.0   2.0881961281E-005
    -220.0   2.1239576092E-005
    -200.0   2.2003808277E-005
    -180.0   2.6104039325E-005
    -160.0   3.5157280565E-005
    -140.0   4.5205538189E-005
    -120.0   5.6025031428E-005
    -100.0   6.5603990113E-005
     -80.0   7.7951059850E-005
     -60.0   9.1825909071E-005
     -50.0   1.0042968697E-004
     -40.0   1.1222586271E-004
     -30.0   1.2779053526E-004
     -20.0   1.3324357279E-004
     -10.0   1.2877434924E-004
       0.0   1.2189374739E-004
      10.0   1.0361732048E-004
      20.0   9.3890189066E-005
      30.0   8.6331933545E-005
      40.0   7.7456678543E-005
      50.0   6.6283531526E-005
      60.0   5.7541110200E-005
      80.0   4.7210522484E-005
     100.0   4.0338782996E-005
     120.0   3.5170221396E-005
     140.0   3.0235237523E-005
     160.0   2.3653920272E-005
     180.0   1.7230814774E-005
     200.0   1.2725376117E-005
     220.0   1.1526961026E-005
     240.0   1.1095922594E-005
     260.0   1.1410978942E-005
     280.0   1.2301664899E-005
     300.0   1.3211071630E-005
     400.0   1.9722433598E-005
     500.0   1.9920517977E-005
    1000.0   1.9965134080E-005
