   -1000.0   2.9167253782E-005
    -500.0   2.9216951901E-005
    -400.0   2.9226823010E-005
    -300.0   2.9236690906E-005
    -280.0   2.9238663960E-005
    -260.0   2.9240636786E-005
    -240.0   2.9242641146E-005
    -220.0   2.9244639020E-005
    -200.0   2.9246591639E-005
    -180.0   2.9248542771E-005
    -160.0   2.9250755553E-005
    -140.0   2.9253061551E-005
    -120.0   2.9255263417E-005
    -100.0   2.9257416102E-005
     -80.0   2.9259842238E-005
     -60.0   2.9262234020E-005
     -50.0   2.9263503187E-005
     -40.0   2.9264739162E-005
     -30.0   2.9265910801E-005
     -20.0   2.9267325024E-005
     -10.0   2.9266575931E-005
       0.0   2.6260867492E-005
      10.0   2.7680373896E-005
      20.0   2.8156544547E-005
      30.0   2.8278274518E-005
      40.0   2.8424736011E-005
      50.0   2.8517835133E-005
      60.0   2.7953838334E-005
      80.0   2.8172580276E-005
     100.0   2.8520507425E-005
     120.0   2.9096334468E-005
     140.0   2.9163989679E-005
     160.0   2.9135900382E-005
     180.0   2.9105766235E-005
     200.0   2.9012582675E-005
     220.0   2.9083613906E-005
     240.0   2.9078455844E-005
     260.0   2.8977468990E-005
     280.0   2.9221806747E-005
     300.0   2.9295754325E-005
     400.0   2.9305719719E-005
     500.0   2.9315576742E-005
    1000.0   2.9364812066E-005
