   -1000.0   3.7805837332E-006
    -500.0   3.8041752663E-006
    -400.0   3.8106144580E-006
    -300.0   3.8208956610E-006
    -280.0   3.8244180763E-006
    -260.0   3.8295997897E-006
    -240.0   3.8422318203E-006
    -220.0   3.9878162533E-006
    -200.0   4.1093984990E-006
    -180.0   4.3639909797E-006
    -160.0   4.8277699287E-006
    -140.0   5.1684592174E-006
    -120.0   5.8044860597E-006
    -100.0   1.1816242076E-005
     -80.0   1.5026201361E-005
     -60.0   1.9008966150E-005
     -50.0   2.1967267093E-005
     -40.0   2.6504867503E-005
     -30.0   3.2416497555E-005
     -20.0   3.8741803082E-005
     -10.0   4.2140013724E-005
       0.0   4.0807462177E-005
      10.0   3.0656827955E-005
      20.0   2.0578305283E-005
      30.0   1.6269778997E-005
      40.0   1.4361753094E-005
      50.0   1.2886781300E-005
      60.0   1.1981620935E-005
      80.0   1.0779661969E-005
     100.0   1.0061781404E-005
     120.0   4.5891604917E-006
     140.0   3.5750395872E-006
     160.0   4.3253233083E-006
     180.0   3.6669067886E-006
     200.0   3.7694018661E-006
     220.0   3.7046754472E-006
     240.0   3.7332971112E-006
     260.0   3.9498377109E-006
     280.0   3.9829516332E-006
     300.0   4.0185593242E-006
     400.0   3.8427706258E-006
     500.0   3.8446182023E-006
    1000.0   3.8625824306E-006
