   -1000.0   1.4704771553E-005
    -500.0   1.4801675513E-005
    -400.0   1.4845866074E-005
    -300.0   1.4932675151E-005
    -280.0   1.4961720420E-005
    -260.0   1.4998075152E-005
    -240.0   1.5044780725E-005
    -220.0   1.5106759155E-005
    -200.0   1.5192572225E-005
    -180.0   1.5318907034E-005
    -160.0   1.5526154370E-005
    -140.0   1.6307496064E-005
    -120.0   1.7998859313E-005
    -100.0   2.0552269913E-005
     -80.0   2.6678322217E-005
     -60.0   4.6831497367E-005
     -50.0   5.9290061134E-005
     -40.0   6.6835463932E-005
     -30.0   6.8685732858E-005
     -20.0   6.3765736987E-005
     -10.0   5.4632701955E-005
       0.0   4.5830983525E-005
      10.0   4.5116366046E-005
      20.0   4.6018578851E-005
      30.0   4.6421591835E-005
      40.0   4.5442595083E-005
      50.0   4.3572993503E-005
      60.0   3.7098612080E-005
      80.0   2.6498987330E-005
     100.0   2.1058840086E-005
     120.0   1.8984090194E-005
     140.0   1.7547305531E-005
     160.0   1.6640187698E-005
     180.0   1.6086875846E-005
     200.0   1.5703169215E-005
     220.0   1.5346451267E-005
     240.0   1.4656466755E-005
     260.0   1.3786692739E-005
     280.0   1.3465517834E-005
     300.0   1.3895106215E-005
     400.0   1.4919848012E-005
     500.0   1.4903352017E-005
    1000.0   1.4914958720E-005
