   -1000.0   2.9660770689E-005
    -500.0   2.9709336350E-005
    -400.0   2.9719032463E-005
    -300.0   2.9728723694E-005
    -280.0   2.9730661155E-005
    -260.0   2.9732598286E-005
    -240.0   2.9734535044E-005
    -220.0   2.9736471386E-005
    -200.0   2.9738407266E-005
    -180.0   2.9740342709E-005
    -160.0   2.9742487049E-005
    -140.0   2.9744806533E-005
    -120.0   2.9747392494E-005
    -100.0   2.9750144792E-005
     -80.0   2.9753202562E-005
     -60.0   2.9774453560E-005
     -50.0   2.9784735402E-005
     -40.0   2.9792814121E-005
     -30.0   2.9800404215E-005
     -20.0   2.9819911266E-005
     -10.0   2.9826445042E-005
       0.0   2.9812159288E-005
      10.0   2.9796284860E-005
      20.0   2.9801981265E-005
      30.0   2.9805807899E-005
      40.0   2.9807364521E-005
      50.0   2.9819585842E-005
      60.0   2.9828693926E-005
      80.0   2.9802375440E-005
     100.0   2.9508815549E-005
     120.0   2.8629609637E-005
     140.0   2.8582066033E-005
     160.0   2.8489701396E-005
     180.0   2.8294471341E-005
     200.0   2.8735860278E-005
     220.0   2.8867091583E-005
     240.0   2.8977488129E-005
     260.0   2.9145229973E-005
     280.0   2.9284983547E-005
     300.0   2.9442432566E-005
     400.0   2.9796187235E-005
     500.0   2.9806155497E-005
    1000.0   2.9854589386E-005
