   -1000.0   2.6405619040E-005
    -500.0   2.6369033136E-005
    -400.0   2.6361595862E-005
    -300.0   2.6354788194E-005
    -280.0   2.6353612607E-005
    -260.0   2.6352562212E-005
    -240.0   2.6351699852E-005
    -220.0   2.6351140005E-005
    -200.0   2.6351122362E-005
    -180.0   2.6352296983E-005
    -160.0   2.6365530875E-005
    -140.0   2.6889244717E-005
    -120.0   2.8127665427E-005
    -100.0   2.8568039500E-005
     -80.0   2.9072230376E-005
     -60.0   3.4906302110E-005
     -50.0   4.5720211854E-005
     -40.0   5.8456657479E-005
     -30.0   6.4023183624E-005
     -20.0   6.1884584284E-005
     -10.0   5.0680150072E-005
       0.0   4.2266645848E-005
      10.0   4.4798875515E-005
      20.0   5.0455423956E-005
      30.0   5.2888410628E-005
      40.0   4.9129983553E-005
      50.0   4.0869104388E-005
      60.0   3.4561661387E-005
      80.0   3.0378192115E-005
     100.0   3.0039245456E-005
     120.0   2.8473648690E-005
     140.0   2.4161716825E-005
     160.0   2.3288760028E-005
     180.0   2.4067097085E-005
     200.0   2.4759650071E-005
     220.0   2.5255161087E-005
     240.0   2.5597044730E-005
     260.0   2.5838861811E-005
     280.0   2.5977753958E-005
     300.0   2.6185668674E-005
     400.0   2.6296485895E-005
     500.0   2.6289313112E-005
    1000.0   2.6249788946E-005
