   -1000.0   3.7087592223E-005
    -500.0   3.7123333693E-005
    -400.0   3.7130352415E-005
    -300.0   3.7137338501E-005
    -280.0   3.7138728762E-005
    -260.0   3.7140115548E-005
    -240.0   3.7141498285E-005
    -220.0   3.7142877087E-005
    -200.0   3.7144258413E-005
    -180.0   3.7153315819E-005
    -160.0   3.7169753648E-005
    -140.0   3.7184714750E-005
    -120.0   3.7206087188E-005
    -100.0   3.7232689196E-005
     -80.0   3.7269661712E-005
     -60.0   3.7306610240E-005
     -50.0   3.7322433393E-005
     -40.0   3.7312116069E-005
     -30.0   3.7304551530E-005
     -20.0   3.7285253466E-005
     -10.0   3.6173160477E-005
       0.0   3.3250328363E-005
      10.0   3.5047592463E-005
      20.0   3.5253083163E-005
      30.0   3.5305411415E-005
      40.0   3.5498091264E-005
      50.0   3.5683460438E-005
      60.0   3.5761202213E-005
      80.0   3.5651506276E-005
     100.0   3.5096523881E-005
     120.0   3.4919268259E-005
     140.0   3.4819672421E-005
     160.0   3.5076425127E-005
     180.0   3.5094985538E-005
     200.0   3.4573287593E-005
     220.0   3.2951539697E-005
     240.0   3.2043644173E-005
     260.0   3.2017128638E-005
     280.0   3.3711155054E-005
     300.0   3.7170666474E-005
     400.0   3.7186101350E-005
     500.0   3.7193454328E-005
    1000.0   3.7228638138E-005
