   -1000.0   5.0211691288E-005
    -500.0   5.0241411519E-005
    -400.0   5.0246352956E-005
    -300.0   5.0253622096E-005
    -280.0   5.0256092124E-005
    -260.0   5.0259680706E-005
    -240.0   5.0266348240E-005
    -220.0   5.0342899965E-005
    -200.0   5.1079087950E-005
    -180.0   5.2168409324E-005
    -160.0   5.3570410940E-005
    -140.0   5.5007113697E-005
    -120.0   5.6331660122E-005
    -100.0   5.7829201562E-005
     -80.0   5.9613761737E-005
     -60.0   6.1202067743E-005
     -50.0   6.1999253381E-005
     -40.0   6.3059645738E-005
     -30.0   6.4409793935E-005
     -20.0   6.5469609845E-005
     -10.0   6.6977539538E-005
       0.0   5.6985933261E-005
      10.0   6.1000489584E-005
      20.0   5.8863819459E-005
      30.0   5.6930330233E-005
      40.0   5.5270002375E-005
      50.0   5.3694986326E-005
      60.0   5.2460240521E-005
      80.0   4.7492110796E-005
     100.0   3.4274549825E-005
     120.0   2.8032140656E-005
     140.0   2.7597055115E-005
     160.0   2.7319649901E-005
     180.0   2.7956922675E-005
     200.0   3.0363702839E-005
     220.0   3.3771499437E-005
     240.0   3.6850106991E-005
     260.0   3.9681894108E-005
     280.0   4.2800584678E-005
     300.0   4.7232034816E-005
     400.0   5.0265505796E-005
     500.0   5.0276072572E-005
    1000.0   5.0298848564E-005
