   -1000.0   2.5706042109E-005
    -500.0   3.3651268916E-005
    -400.0   3.9839351809E-005
    -300.0   5.4097194593E-005
    -280.0   5.9234047320E-005
    -260.0   6.5861962665E-005
    -240.0   7.4697132997E-005
    -220.0   8.7073657191E-005
    -200.0   1.0607726175E-004
    -180.0   1.3749716289E-004
    -160.0   1.8739610623E-004
    -140.0   2.6992922291E-004
    -120.0   4.1859172396E-004
    -100.0   7.3474580463E-004
     -80.0   1.3591155540E-003
     -60.0   2.1341990828E-003
     -50.0   2.5591630476E-003
     -40.0   2.7831730173E-003
     -30.0   2.8566903092E-003
     -20.0   3.1297072853E-003
     -10.0   3.3376819907E-003
       0.0   2.5558015347E-003
      10.0   1.8419374963E-003
      20.0   1.8715917598E-003
      30.0   1.9541471834E-003
      40.0   1.7457130179E-003
      50.0   1.4883135116E-003
      60.0   1.2641958615E-003
      80.0   8.7779281864E-004
     100.0   5.8380276593E-004
     120.0   3.8140070507E-004
     140.0   2.8167499847E-004
     160.0   2.1896539340E-004
     180.0   1.7401824491E-004
     200.0   1.3966447494E-004
     220.0   1.1210267516E-004
     240.0   9.1204990405E-005
     260.0   7.6271192854E-005
     280.0   6.5086356928E-005
     300.0   5.7043875146E-005
     400.0   3.9605341630E-005
     500.0   3.3560895929E-005
    1000.0   2.6111545130E-005
