   -1000.0   6.2564225643E-005
    -500.0   9.1331305975E-005
    -400.0   1.1337151770E-004
    -300.0   1.6282766364E-004
    -280.0   1.8017865084E-004
    -260.0   2.0217419574E-004
    -240.0   2.3067414386E-004
    -220.0   2.6894754969E-004
    -200.0   3.2292703800E-004
    -180.0   4.0482437515E-004
    -160.0   5.3234907520E-004
    -140.0   7.3663673194E-004
    -120.0   1.0706129731E-003
    -100.0   1.6335884643E-003
     -80.0   2.3826457431E-003
     -60.0   4.1438323829E-003
     -50.0   5.1892483434E-003
     -40.0   6.2466493836E-003
     -30.0   7.1690273065E-003
     -20.0   7.6935238637E-003
     -10.0   7.1205508944E-003
       0.0   6.0476062775E-003
      10.0   5.0569257855E-003
      20.0   4.8612031755E-003
      30.0   4.9402672204E-003
      40.0   4.7528862837E-003
      50.0   4.0942386108E-003
      60.0   3.3074519114E-003
      80.0   2.0383793096E-003
     100.0   1.3170054551E-003
     120.0   9.4409109651E-004
     140.0   7.2078891228E-004
     160.0   5.6540466397E-004
     180.0   4.5055187882E-004
     200.0   3.7007626226E-004
     220.0   3.0738723207E-004
     240.0   2.5977322437E-004
     260.0   2.2300102603E-004
     280.0   1.9406918788E-004
     300.0   1.7199937505E-004
     400.0   1.1375092649E-004
     500.0   9.1368472360E-005
    1000.0   6.3794405365E-005
