   -1000.0   4.9945424131E-006
    -500.0   5.0266299861E-006
    -400.0   5.0394482470E-006
    -300.0   5.0697346065E-006
    -280.0   5.0856747143E-006
    -260.0   5.1296356464E-006
    -240.0   5.3978725355E-006
    -220.0   5.5690660465E-006
    -200.0   5.5414339742E-006
    -180.0   5.7353313948E-006
    -160.0   8.6090406430E-006
    -140.0   9.5189386296E-006
    -120.0   1.1182405709E-005
    -100.0   1.2856788951E-005
     -80.0   1.5724434486E-005
     -60.0   1.7720352622E-005
     -50.0   1.9222937915E-005
     -40.0   2.0143364205E-005
     -30.0   1.9846612872E-005
     -20.0   1.8449266647E-005
     -10.0   1.6134554990E-005
       0.0   1.6927017866E-005
      10.0   2.0969076208E-005
      20.0   1.8347282260E-005
      30.0   1.5968844976E-005
      40.0   1.4201485840E-005
      50.0   1.2686017397E-005
      60.0   1.1815038877E-005
      80.0   7.1202855797E-006
     100.0   5.5104546920E-006
     120.0   7.2328822318E-006
     140.0   6.6938991948E-006
     160.0   6.3656979559E-006
     180.0   6.0161272869E-006
     200.0   5.7958510518E-006
     220.0   5.4934584258E-006
     240.0   5.6961869254E-006
     260.0   5.5222246748E-006
     280.0   5.3323617943E-006
     300.0   5.1326577373E-006
     400.0   5.0745026829E-006
     500.0   5.0712339360E-006
    1000.0   5.0859242498E-006
