   -1000.0   1.6703512088E-005
    -500.0   1.6945420685E-005
    -400.0   1.7098599891E-005
    -300.0   1.7417285529E-005
    -280.0   1.7523252984E-005
    -260.0   1.7653697880E-005
    -240.0   1.7816788299E-005
    -220.0   1.8029800704E-005
    -200.0   1.8314973558E-005
    -180.0   1.8692192553E-005
    -160.0   1.9209136069E-005
    -140.0   1.9748354552E-005
    -120.0   2.0700586131E-005
    -100.0   2.2012063572E-005
     -80.0   2.3266424468E-005
     -60.0   2.4092720512E-005
     -50.0   2.4474839407E-005
     -40.0   2.4691986083E-005
     -30.0   2.7693351288E-005
     -20.0   2.3795403436E-005
     -10.0   2.6365267251E-005
       0.0   3.9106069393E-005
      10.0   4.1256670725E-005
      20.0   3.9697141686E-005
      30.0   3.3882116902E-005
      40.0   3.1537261698E-005
      50.0   2.9001284892E-005
      60.0   2.6799874737E-005
      80.0   2.3548509779E-005
     100.0   2.1320370249E-005
     120.0   1.9865215258E-005
     140.0   1.9062962857E-005
     160.0   1.8200050455E-005
     180.0   1.7438094682E-005
     200.0   1.6676212157E-005
     220.0   1.5855003329E-005
     240.0   1.4952161840E-005
     260.0   1.3799765584E-005
     280.0   1.3152423150E-005
     300.0   1.3296133881E-005
     400.0   1.6892785951E-005
     500.0   1.6967850458E-005
    1000.0   1.6912170369E-005
