   -1000.0   3.6085067447E-005
    -500.0   3.6124619826E-005
    -400.0   3.6132271285E-005
    -300.0   3.6140060395E-005
    -280.0   3.6141682796E-005
    -260.0   3.6143382184E-005
    -240.0   3.6145322382E-005
    -220.0   3.6211336593E-005
    -200.0   3.6683966102E-005
    -180.0   3.7138875952E-005
    -160.0   3.7612809962E-005
    -140.0   3.8148465442E-005
    -120.0   3.8827962839E-005
    -100.0   3.9357416662E-005
     -80.0   4.0135370908E-005
     -60.0   4.0527650924E-005
     -50.0   4.0488515338E-005
     -40.0   4.0656238868E-005
     -30.0   4.0526591145E-005
     -20.0   4.0794919037E-005
     -10.0   4.1831413275E-005
       0.0   3.6953331960E-005
      10.0   3.9697456138E-005
      20.0   3.9170326314E-005
      30.0   3.8546011668E-005
      40.0   3.7800229911E-005
      50.0   3.7445109611E-005
      60.0   3.6919428038E-005
      80.0   3.6028967323E-005
     100.0   3.5567386457E-005
     120.0   3.4501515696E-005
     140.0   3.2769770978E-005
     160.0   2.8567661859E-005
     180.0   2.6244279930E-005
     200.0   2.7821909319E-005
     220.0   2.9032742685E-005
     240.0   3.0079267069E-005
     260.0   3.1650901090E-005
     280.0   3.3435895752E-005
     300.0   3.6178186085E-005
     400.0   3.6192196151E-005
     500.0   3.6200102637E-005
    1000.0   3.6238026338E-005
