   -1000.0   2.5227115477E-005
    -500.0   2.5635570118E-005
    -400.0   2.5928551168E-005
    -300.0   2.6610635485E-005
    -280.0   2.6864097837E-005
    -260.0   2.7200804354E-005
    -240.0   2.7675675989E-005
    -220.0   2.8394550376E-005
    -200.0   2.9691060163E-005
    -180.0   3.3456767842E-005
    -160.0   4.2895649893E-005
    -140.0   5.3692908310E-005
    -120.0   6.5244570997E-005
    -100.0   8.1506666846E-005
     -80.0   1.0116069666E-004
     -60.0   1.1458330486E-004
     -50.0   1.1653376586E-004
     -40.0   1.2332578594E-004
     -30.0   1.3997256506E-004
     -20.0   1.6606904567E-004
     -10.0   1.9454926639E-004
       0.0   1.8632485563E-004
      10.0   1.9537036470E-004
      20.0   1.5801758298E-004
      30.0   1.3525091277E-004
      40.0   1.1727178126E-004
      50.0   1.0521898409E-004
      60.0   9.4744604769E-005
      80.0   7.6856414677E-005
     100.0   5.9968216863E-005
     120.0   4.9295497847E-005
     140.0   4.3776794307E-005
     160.0   3.8508494053E-005
     180.0   3.4160763912E-005
     200.0   3.0706571155E-005
     220.0   2.7456216710E-005
     240.0   2.7166484413E-005
     260.0   2.6891069081E-005
     280.0   2.6722647471E-005
     300.0   2.6560360803E-005
     400.0   2.5962981856E-005
     500.0   2.5715008841E-005
    1000.0   2.5433875669E-005
