   -1000.0   5.3128572840E-005
    -500.0   5.3219927035E-005
    -400.0   5.3238057912E-005
    -300.0   5.3256039857E-005
    -280.0   5.3259605044E-005
    -260.0   5.3263154581E-005
    -240.0   5.3266684839E-005
    -220.0   5.3270190973E-005
    -200.0   5.3273666363E-005
    -180.0   5.3277101674E-005
    -160.0   5.3280483238E-005
    -140.0   5.3283790123E-005
    -120.0   5.3287505723E-005
    -100.0   5.3290757631E-005
     -80.0   5.3293486661E-005
     -60.0   5.3264591041E-005
     -50.0   5.2901207716E-005
     -40.0   5.2771826512E-005
     -30.0   5.2673189030E-005
     -20.0   5.2184637688E-005
     -10.0   5.1587717717E-005
       0.0   5.1096137119E-005
      10.0   5.0769132190E-005
      20.0   5.0128205228E-005
      30.0   4.9785452284E-005
      40.0   4.8724469633E-005
      50.0   4.8506569763E-005
      60.0   4.7820872735E-005
      80.0   4.6864217404E-005
     100.0   4.6244057184E-005
     120.0   4.5567390876E-005
     140.0   4.5103384344E-005
     160.0   4.4469991958E-005
     180.0   4.3359061853E-005
     200.0   4.0993752329E-005
     220.0   3.9146830624E-005
     240.0   3.9739363940E-005
     260.0   4.3183637714E-005
     280.0   4.6829091370E-005
     300.0   5.0635018508E-005
     400.0   5.3378438433E-005
     500.0   5.3400803787E-005
    1000.0   5.3494535782E-005
