   -1000.0   2.1582926585E-005
    -500.0   2.1542695964E-005
    -400.0   2.1534640576E-005
    -300.0   2.1526583100E-005
    -280.0   2.1524971354E-005
    -260.0   2.1523359525E-005
    -240.0   2.1521747613E-005
    -220.0   2.1520135617E-005
    -200.0   2.1518523538E-005
    -180.0   2.1516911379E-005
    -160.0   2.1515299488E-005
    -140.0   2.1513689124E-005
    -120.0   2.1512082453E-005
    -100.0   2.1510528513E-005
     -80.0   2.1508962951E-005
     -60.0   2.1507367024E-005
     -50.0   2.1506568142E-005
     -40.0   2.1505769436E-005
     -30.0   2.1504971646E-005
     -20.0   2.1504178244E-005
     -10.0   2.1503386976E-005
       0.0   2.1502586389E-005
      10.0   2.1501771651E-005
      20.0   2.1500943762E-005
      30.0   2.1500110792E-005
      40.0   2.1499278444E-005
      50.0   2.1498449210E-005
      60.0   2.1497625122E-005
      80.0   2.1495992047E-005
     100.0   2.1494365517E-005
     120.0   2.1492725477E-005
     140.0   2.1491107671E-005
     160.0   2.1489492710E-005
     180.0   2.1487878908E-005
     200.0   2.1486265157E-005
     220.0   2.1484651273E-005
     240.0   2.1483037269E-005
     260.0   2.1481423144E-005
     280.0   2.1479808831E-005
     300.0   2.1478194415E-005
     400.0   2.1470122396E-005
     500.0   2.1462048265E-005
    1000.0   2.1421646503E-005
