   -1000.0   1.5464315197E-005
    -500.0   1.5510281576E-005
    -400.0   1.5519486765E-005
    -300.0   1.5528693588E-005
    -280.0   1.5530534781E-005
    -260.0   1.5532375782E-005
    -240.0   1.5534216510E-005
    -220.0   1.5536056861E-005
    -200.0   1.5537896711E-005
    -180.0   1.5539735953E-005
    -160.0   1.5541602678E-005
    -140.0   1.5543505345E-005
    -120.0   1.5545406879E-005
    -100.0   1.5547277214E-005
     -80.0   1.5549154126E-005
     -60.0   1.5552080786E-005
     -50.0   1.5553136007E-005
     -40.0   1.5555176845E-005
     -30.0   1.5555324892E-005
     -20.0   1.5556198837E-005
     -10.0   1.5556880954E-005
       0.0   1.5557785110E-005
      10.0   1.5558133886E-005
      20.0   1.5559144867E-005
      30.0   1.5560207292E-005
      40.0   1.5561154801E-005
      50.0   1.5561997620E-005
      60.0   1.5563192478E-005
      80.0   1.5565030749E-005
     100.0   1.5566575035E-005
     120.0   1.5492409818E-005
     140.0   1.4902868356E-005
     160.0   1.4272679569E-005
     180.0   1.4332196000E-005
     200.0   1.4742020591E-005
     220.0   1.4984524501E-005
     240.0   1.5183147152E-005
     260.0   1.5311293128E-005
     280.0   1.5392586074E-005
     300.0   1.5453135211E-005
     400.0   1.5593170894E-005
     500.0   1.5602597842E-005
    1000.0   1.5649122873E-005
