   -1000.0   3.2976939581E-005
    -500.0   3.3536722212E-005
    -400.0   3.3881655919E-005
    -300.0   3.4758048820E-005
    -280.0   3.5180833551E-005
    -260.0   3.6386225069E-005
    -240.0   4.2234576538E-005
    -220.0   4.9509519221E-005
    -200.0   5.4602957862E-005
    -180.0   4.8872221451E-005
    -160.0   5.1491077057E-005
    -140.0   1.2813734184E-004
    -120.0   1.9796983034E-004
    -100.0   2.6191133320E-004
     -80.0   3.5867018622E-004
     -60.0   4.7094976105E-004
     -50.0   5.4077794174E-004
     -40.0   6.1774156774E-004
     -30.0   7.2169867731E-004
     -20.0   8.8412361885E-004
     -10.0   1.1415774492E-003
       0.0   1.2499634679E-003
      10.0   8.8407001094E-004
      20.0   5.8942217928E-004
      30.0   4.4214372938E-004
      40.0   3.5778609773E-004
      50.0   3.0466628363E-004
      60.0   2.5720897474E-004
      80.0   1.9139916026E-004
     100.0   1.5111354943E-004
     120.0   1.2665981333E-004
     140.0   1.1021720771E-004
     160.0   8.2335036080E-005
     180.0   7.5868836421E-005
     200.0   6.6673062881E-005
     220.0   5.3124241324E-005
     240.0   4.5841155460E-005
     260.0   3.9535097461E-005
     280.0   3.6084246816E-005
     300.0   3.4954520015E-005
     400.0   3.3991229147E-005
     500.0   3.3683513134E-005
    1000.0   3.3370235834E-005
