   -1000.0   4.6500769957E-005
    -500.0   4.6524239852E-005
    -400.0   4.6528903848E-005
    -300.0   4.6533561405E-005
    -280.0   4.6534492143E-005
    -260.0   4.6535422622E-005
    -240.0   4.6536352842E-005
    -220.0   4.6537282803E-005
    -200.0   4.6538212506E-005
    -180.0   4.6539141949E-005
    -160.0   4.6540071132E-005
    -140.0   4.6541000055E-005
    -120.0   4.6541928718E-005
    -100.0   4.6542857198E-005
     -80.0   4.6543806793E-005
     -60.0   4.6544794412E-005
     -50.0   4.6545347853E-005
     -40.0   4.6545759306E-005
     -30.0   4.6546213969E-005
     -20.0   4.6546655539E-005
     -10.0   4.6547841416E-005
       0.0   4.6547482505E-005
      10.0   4.6548565132E-005
      20.0   4.6548053607E-005
      30.0   4.6548024579E-005
      40.0   4.6547783199E-005
      50.0   4.6547697724E-005
      60.0   4.6547799361E-005
      80.0   4.6539663430E-005
     100.0   4.6550400244E-005
     120.0   4.6551630508E-005
     140.0   4.6552538725E-005
     160.0   4.6553307889E-005
     180.0   4.6554294278E-005
     200.0   4.6556679971E-005
     220.0   4.6557675613E-005
     240.0   4.6558599988E-005
     260.0   4.6559523874E-005
     280.0   4.6560447435E-005
     300.0   4.6561370708E-005
     400.0   4.6565983029E-005
     500.0   4.6570588771E-005
    1000.0   4.6593519253E-005
