   -1000.0   2.9445515371E-005
    -500.0   2.9533770967E-005
    -400.0   2.9545485072E-005
    -300.0   2.9557202819E-005
    -280.0   2.9559548335E-005
    -260.0   2.9561896824E-005
    -240.0   2.9567610174E-005
    -220.0   2.9659450945E-005
    -200.0   2.9648372088E-005
    -180.0   2.9810581511E-005
    -160.0   2.9688226064E-005
    -140.0   2.9714313034E-005
    -120.0   2.9835329054E-005
    -100.0   3.0350428121E-005
     -80.0   3.0378319260E-005
     -60.0   3.0704729558E-005
     -50.0   3.0840642878E-005
     -40.0   3.1345905703E-005
     -30.0   3.2121824898E-005
     -20.0   3.2475916945E-005
     -10.0   3.1915078108E-005
       0.0   3.3952764730E-005
      10.0   3.1511736764E-005
      20.0   3.0461690921E-005
      30.0   2.9517219102E-005
      40.0   2.9192678910E-005
      50.0   2.9245619389E-005
      60.0   2.9252046202E-005
      80.0   2.9060817047E-005
     100.0   2.8952511542E-005
     120.0   2.8141227691E-005
     140.0   2.8002897663E-005
     160.0   2.8658825120E-005
     180.0   2.8893900592E-005
     200.0   2.8838519750E-005
     220.0   2.8658909675E-005
     240.0   2.8126542294E-005
     260.0   2.8907052385E-005
     280.0   2.9372719220E-005
     300.0   2.9517208951E-005
     400.0   2.9639178676E-005
     500.0   2.9650898600E-005
    1000.0   2.9709413163E-005
