   -1000.0   1.1556999119E-004
    -500.0   1.1664530112E-004
    -400.0   1.1705087480E-004
    -300.0   1.1782396387E-004
    -280.0   1.1810131568E-004
    -260.0   1.1849596584E-004
    -240.0   1.1959499929E-004
    -220.0   1.2327064374E-004
    -200.0   1.2732690059E-004
    -180.0   1.3132148677E-004
    -160.0   1.4050417680E-004
    -140.0   1.5537589925E-004
    -120.0   1.7404486676E-004
    -100.0   3.6787644327E-004
     -80.0   5.0522954975E-004
     -60.0   6.6819199170E-004
     -50.0   7.9878688452E-004
     -40.0   9.6995729605E-004
     -30.0   1.1860405889E-003
     -20.0   1.3837232244E-003
     -10.0   1.6721551104E-003
       0.0   1.5791687795E-003
      10.0   1.2414366637E-003
      20.0   8.0128632180E-004
      30.0   6.1753789303E-004
      40.0   4.9990822032E-004
      50.0   4.2863159233E-004
      60.0   3.8571125139E-004
      80.0   3.3344714607E-004
     100.0   2.8394231191E-004
     120.0   1.8440742665E-004
     140.0   1.6255667162E-004
     160.0   1.4764484740E-004
     180.0   1.3685922184E-004
     200.0   1.3139208926E-004
     220.0   1.2739017745E-004
     240.0   1.2364864737E-004
     260.0   1.2217784209E-004
     280.0   1.2148514459E-004
     300.0   1.2018565733E-004
     400.0   1.1823258880E-004
     500.0   1.1813145825E-004
    1000.0   1.1858303598E-004
