   -1000.0   1.0869798793E-005
    -500.0   1.0908308771E-005
    -400.0   1.0916013280E-005
    -300.0   1.0923712126E-005
    -280.0   1.0925250562E-005
    -260.0   1.0926788351E-005
    -240.0   1.0928325388E-005
    -220.0   1.0929861573E-005
    -200.0   1.0931396970E-005
    -180.0   1.0932979186E-005
    -160.0   1.0934613290E-005
    -140.0   1.0936248451E-005
    -120.0   1.0937942812E-005
    -100.0   1.0939741040E-005
     -80.0   1.0943197365E-005
     -60.0   1.0947520329E-005
     -50.0   1.0949529554E-005
     -40.0   1.0951186297E-005
     -30.0   1.0952516038E-005
     -20.0   1.0954527873E-005
     -10.0   1.0960339732E-005
       0.0   1.1003878766E-005
      10.0   1.0956900035E-005
      20.0   1.0954530836E-005
      30.0   1.0953693482E-005
      40.0   1.0954262420E-005
      50.0   1.0951350464E-005
      60.0   1.0911134162E-005
      80.0   1.0862792910E-005
     100.0   1.0871258619E-005
     120.0   1.0839851364E-005
     140.0   1.0818049158E-005
     160.0   1.0811359877E-005
     180.0   1.0805802373E-005
     200.0   1.0138300272E-005
     220.0   7.9017184160E-006
     240.0   6.5822654774E-006
     260.0   5.7033716085E-006
     280.0   6.0827631075E-006
     300.0   6.7870064888E-006
     400.0   1.0973699888E-005
     500.0   1.0984923364E-005
    1000.0   1.1024675993E-005
