   -1000.0   1.5221434095E-005
    -500.0   1.5272103434E-005
    -400.0   1.5282185873E-005
    -300.0   1.5292308311E-005
    -280.0   1.5294344333E-005
    -260.0   1.5296388235E-005
    -240.0   1.5298444183E-005
    -220.0   1.5300519893E-005
    -200.0   1.5302631637E-005
    -180.0   1.5304821454E-005
    -160.0   1.5307254190E-005
    -140.0   1.5361793272E-005
    -120.0   1.5865579339E-005
    -100.0   1.6127419760E-005
     -80.0   1.6463600527E-005
     -60.0   1.6874923771E-005
     -50.0   1.7018057642E-005
     -40.0   1.7026027341E-005
     -30.0   1.6946819833E-005
     -20.0   1.7465488697E-005
     -10.0   1.7524604698E-005
       0.0   1.6837617868E-005
      10.0   1.7135801543E-005
      20.0   1.7051976147E-005
      30.0   1.6434893585E-005
      40.0   1.6202868090E-005
      50.0   1.6015757599E-005
      60.0   1.5836218158E-005
      80.0   1.5552503371E-005
     100.0   1.5323790587E-005
     120.0   1.5227771885E-005
     140.0   1.4551072298E-005
     160.0   1.4293776770E-005
     180.0   1.4513712745E-005
     200.0   1.4417532033E-005
     220.0   1.4190044763E-005
     240.0   1.2875372376E-005
     260.0   1.2815461787E-005
     280.0   1.5073664935E-005
     300.0   1.5350243083E-005
     400.0   1.5362590258E-005
     500.0   1.5372846780E-005
    1000.0   1.5423504576E-005
