   -1000.0   5.7791751368E-005
    -500.0   5.7801624699E-005
    -400.0   5.7803521308E-005
    -300.0   5.7805390097E-005
    -280.0   5.7805759114E-005
    -260.0   5.7806126095E-005
    -240.0   5.7806490793E-005
    -220.0   5.7806852956E-005
    -200.0   5.7807212376E-005
    -180.0   5.7807569027E-005
    -160.0   5.7807923442E-005
    -140.0   5.7808278027E-005
    -120.0   5.7808672816E-005
    -100.0   5.7817041861E-005
     -80.0   5.7830060136E-005
     -60.0   5.7915939423E-005
     -50.0   5.7979269809E-005
     -40.0   5.8032221304E-005
     -30.0   5.8097997291E-005
     -20.0   5.8087387749E-005
     -10.0   5.8471857672E-005
       0.0   5.8249055391E-005
      10.0   5.7955765066E-005
      20.0   5.7962288925E-005
      30.0   5.7963664010E-005
      40.0   5.7948322014E-005
      50.0   5.7632534603E-005
      60.0   5.7269104116E-005
      80.0   5.3639683992E-005
     100.0   4.9655409644E-005
     120.0   4.6894257153E-005
     140.0   4.7895059814E-005
     160.0   5.0133494080E-005
     180.0   5.1671399690E-005
     200.0   5.2064167002E-005
     220.0   5.2229257299E-005
     240.0   5.4217938739E-005
     260.0   5.5814043731E-005
     280.0   5.7649948888E-005
     300.0   5.7811307529E-005
     400.0   5.7817823979E-005
     500.0   5.7820169288E-005
    1000.0   5.7829576676E-005
