   -1000.0   3.9097809601E-005
    -500.0   3.9087143752E-005
    -400.0   3.9084977890E-005
    -300.0   3.9082803164E-005
    -280.0   3.9082367155E-005
    -260.0   3.9081930792E-005
    -240.0   3.9081494074E-005
    -220.0   3.9081057001E-005
    -200.0   3.9080619574E-005
    -180.0   3.9080181793E-005
    -160.0   3.9079743678E-005
    -140.0   3.9079306882E-005
    -120.0   3.9078875976E-005
    -100.0   3.9078454234E-005
     -80.0   3.9078189059E-005
     -60.0   3.9078081777E-005
     -50.0   3.9077871091E-005
     -40.0   3.9077652986E-005
     -30.0   3.9079122050E-005
     -20.0   3.9077303073E-005
     -10.0   3.9077105381E-005
       0.0   3.9079055902E-005
      10.0   3.9076643532E-005
      20.0   3.9076366930E-005
      30.0   3.9079679433E-005
      40.0   3.9075725879E-005
      50.0   3.9075444182E-005
      60.0   3.9075176726E-005
      80.0   3.9074528097E-005
     100.0   3.9073865366E-005
     120.0   3.9073414128E-005
     140.0   3.9073008983E-005
     160.0   3.9072609699E-005
     180.0   3.9072195063E-005
     200.0   3.9071765902E-005
     220.0   3.9071328761E-005
     240.0   3.9070885652E-005
     260.0   3.9070441130E-005
     280.0   3.9069995368E-005
     300.0   3.9069539226E-005
     400.0   3.9067331344E-005
     500.0   3.9065085508E-005
    1000.0   3.9053722529E-005
