   -1000.0   2.9956563140E-005
    -500.0   2.9941353399E-005
    -400.0   2.9938698063E-005
    -300.0   2.9940707720E-005
    -280.0   2.9942619440E-005
    -260.0   2.9945710988E-005
    -240.0   2.9950940467E-005
    -220.0   2.9961360742E-005
    -200.0   3.0033847676E-005
    -180.0   3.0449890684E-005
    -160.0   3.1073788746E-005
    -140.0   3.1650273545E-005
    -120.0   3.2130536050E-005
    -100.0   3.3523606523E-005
     -80.0   3.9253425931E-005
     -60.0   4.4573101111E-005
     -50.0   4.7132151682E-005
     -40.0   5.1014475209E-005
     -30.0   6.1157102637E-005
     -20.0   8.2167149682E-005
     -10.0   9.4928695072E-005
       0.0   9.7506915595E-005
      10.0   7.2522051028E-005
      20.0   5.8927009199E-005
      30.0   4.7660397746E-005
      40.0   4.1782311100E-005
      50.0   3.9299052844E-005
      60.0   3.7591563261E-005
      80.0   3.3990388406E-005
     100.0   3.0402096566E-005
     120.0   2.9501089915E-005
     140.0   2.9139297987E-005
     160.0   2.8832178781E-005
     180.0   2.8519962061E-005
     200.0   2.8611877277E-005
     220.0   2.9038923752E-005
     240.0   2.9300635262E-005
     260.0   2.9301390365E-005
     280.0   2.9358428593E-005
     300.0   2.9373605870E-005
     400.0   2.9871290478E-005
     500.0   2.9879408849E-005
    1000.0   2.9849821743E-005
