   -1000.0   1.8066279372E-006
    -500.0   1.8214021448E-006
    -400.0   1.8244725581E-006
    -300.0   1.8278958436E-006
    -280.0   1.8288499746E-006
    -260.0   1.8310742414E-006
    -240.0   1.8631220957E-006
    -220.0   1.8994946124E-006
    -200.0   1.9300561375E-006
    -180.0   1.8845594308E-006
    -160.0   1.9360101447E-006
    -140.0   2.1689316693E-006
    -120.0   2.2682668808E-006
    -100.0   2.3630120554E-006
     -80.0   2.5098252942E-006
     -60.0   2.7435876892E-006
     -50.0   2.8725106824E-006
     -40.0   2.9729386558E-006
     -30.0   3.1890724025E-006
     -20.0   3.5303583171E-006
     -10.0   3.8400270185E-006
       0.0   3.5789406753E-006
      10.0   3.2492121332E-006
      20.0   2.7002025346E-006
      30.0   2.4414291455E-006
      40.0   2.3212907901E-006
      50.0   2.2749321594E-006
      60.0   1.6822538761E-006
      80.0   2.1687654743E-006
     100.0   2.1308647616E-006
     120.0   2.0280239133E-006
     140.0   2.0444362907E-006
     160.0   1.9760310463E-006
     180.0   1.9541544534E-006
     200.0   1.9422298748E-006
     220.0   1.9113100228E-006
     240.0   1.8868010969E-006
     260.0   1.8827227276E-006
     280.0   1.8455204579E-006
     300.0   1.8455754409E-006
     400.0   1.8480404043E-006
     500.0   1.8508826419E-006
    1000.0   1.8656889294E-006
