   -1000.0   3.3054396461E-005
    -500.0   3.3099724876E-005
    -400.0   3.3108747144E-005
    -300.0   3.3117766162E-005
    -280.0   3.3119569633E-005
    -260.0   3.3121373040E-005
    -240.0   3.3123176440E-005
    -220.0   3.3124979936E-005
    -200.0   3.3126783746E-005
    -180.0   3.3128588449E-005
    -160.0   3.3130397748E-005
    -140.0   3.3143224308E-005
    -120.0   3.3153252432E-005
    -100.0   3.3164970495E-005
     -80.0   3.3183978780E-005
     -60.0   3.3203628377E-005
     -50.0   3.3290578625E-005
     -40.0   3.3665468416E-005
     -30.0   3.3888672289E-005
     -20.0   3.4073866887E-005
     -10.0   3.3906779532E-005
       0.0   3.3790753280E-005
      10.0   3.3525446207E-005
      20.0   3.3681794890E-005
      30.0   3.3605216781E-005
      40.0   3.3560840697E-005
      50.0   3.3425553329E-005
      60.0   3.3362342684E-005
      80.0   3.3320661395E-005
     100.0   3.3316609301E-005
     120.0   3.3302336031E-005
     140.0   3.2311984287E-005
     160.0   2.9914560057E-005
     180.0   3.1091590975E-005
     200.0   3.1795109657E-005
     220.0   3.2352492383E-005
     240.0   3.2543968047E-005
     260.0   3.2649969325E-005
     280.0   3.2706991300E-005
     300.0   3.2846030080E-005
     400.0   3.3180739149E-005
     500.0   3.3189795509E-005
    1000.0   3.3234762095E-005
