   -1000.0   5.4536360166E-006
    -500.0   5.4779611637E-006
    -400.0   5.4828411393E-006
    -300.0   5.4877256410E-006
    -280.0   5.4887030165E-006
    -260.0   5.4896805247E-006
    -240.0   5.4906586731E-006
    -220.0   5.4916381415E-006
    -200.0   5.4926187516E-006
    -180.0   5.4936020796E-006
    -160.0   5.4945851143E-006
    -140.0   5.4955750633E-006
    -120.0   5.4965933519E-006
    -100.0   5.4976246972E-006
     -80.0   5.4988933447E-006
     -60.0   5.4999850680E-006
     -50.0   5.5005393498E-006
     -40.0   5.5010991799E-006
     -30.0   5.5016116391E-006
     -20.0   5.5021361321E-006
     -10.0   5.5026677969E-006
       0.0   5.5041574530E-006
      10.0   5.5040230330E-006
      20.0   5.5048104988E-006
      30.0   5.4270971343E-006
      40.0   5.3984654440E-006
      50.0   5.3890218125E-006
      60.0   5.3564824814E-006
      80.0   5.3219781840E-006
     100.0   3.3745096148E-006
     120.0   1.9359429627E-006
     140.0   3.6087110576E-006
     160.0   4.3935242200E-006
     180.0   4.5967395881E-006
     200.0   4.5920318985E-006
     220.0   4.3429109596E-006
     240.0   4.0388865931E-006
     260.0   4.9384141115E-006
     280.0   5.4962102996E-006
     300.0   5.5066456632E-006
     400.0   5.5220478289E-006
     500.0   5.5269997647E-006
    1000.0   5.5517404737E-006
