   -1000.0   1.2459750317E-005
    -500.0   1.2504219820E-005
    -400.0   1.2514351049E-005
    -300.0   1.2526580808E-005
    -280.0   1.2529587438E-005
    -260.0   1.2532932507E-005
    -240.0   1.2536741936E-005
    -220.0   1.2541206680E-005
    -200.0   1.2546629707E-005
    -180.0   1.2553525052E-005
    -160.0   1.2562896690E-005
    -140.0   1.2579481269E-005
    -120.0   1.2610083331E-005
    -100.0   1.2660813297E-005
     -80.0   1.2793624376E-005
     -60.0   1.3038381918E-005
     -50.0   1.3155252773E-005
     -40.0   1.3286292727E-005
     -30.0   1.3428441885E-005
     -20.0   1.3451113442E-005
     -10.0   1.3606882811E-005
       0.0   1.4945923234E-005
      10.0   1.4483136291E-005
      20.0   1.3783074674E-005
      30.0   1.3399600668E-005
      40.0   1.3172390256E-005
      50.0   1.3026726348E-005
      60.0   1.2913395026E-005
      80.0   1.2699964895E-005
     100.0   1.2517367388E-005
     120.0   1.2430589038E-005
     140.0   1.2375860715E-005
     160.0   1.2384132816E-005
     180.0   1.2407732167E-005
     200.0   1.2406636279E-005
     220.0   1.2294729607E-005
     240.0   1.1978115444E-005
     260.0   1.1764187375E-005
     280.0   1.1380943592E-005
     300.0   1.0392178138E-005
     400.0   1.2530495373E-005
     500.0   1.2577760783E-005
    1000.0   1.2629839878E-005
