   -1000.0   4.0455556835E-005
    -500.0   4.0490829376E-005
    -400.0   4.0498805577E-005
    -300.0   4.0508346469E-005
    -280.0   4.0510664012E-005
    -260.0   4.0513224684E-005
    -240.0   4.0516115495E-005
    -220.0   4.0519466198E-005
    -200.0   4.0523477457E-005
    -180.0   4.0528474421E-005
    -160.0   4.0535029254E-005
    -140.0   4.0556837237E-005
    -120.0   4.0613591749E-005
    -100.0   4.0688172037E-005
     -80.0   4.0998458774E-005
     -60.0   4.1451899546E-005
     -50.0   4.1875521488E-005
     -40.0   4.2415603345E-005
     -30.0   4.3412087637E-005
     -20.0   4.6144204658E-005
     -10.0   8.2852223796E-005
       0.0   1.6435181550E-004
      10.0   4.6875944428E-005
      20.0   4.3001584773E-005
      30.0   4.1894145920E-005
      40.0   4.1540817862E-005
      50.0   4.1234432748E-005
      60.0   4.0964347651E-005
      80.0   4.0206166036E-005
     100.0   3.8383578815E-005
     120.0   3.7720988890E-005
     140.0   3.7111964082E-005
     160.0   3.7648650837E-005
     180.0   3.8694685901E-005
     200.0   3.8991054036E-005
     220.0   3.9214000552E-005
     240.0   3.9129939172E-005
     260.0   3.9136175657E-005
     280.0   3.8506372674E-005
     300.0   3.6986404258E-005
     400.0   4.0548532701E-005
     500.0   4.0556371579E-005
    1000.0   4.0588552052E-005
