   -1000.0   4.5919161577E-005
    -500.0   4.5945065817E-005
    -400.0   4.5950225755E-005
    -300.0   4.5955379032E-005
    -280.0   4.5956408845E-005
    -260.0   4.5957438360E-005
    -240.0   4.5958467568E-005
    -220.0   4.5959496455E-005
    -200.0   4.5960525002E-005
    -180.0   4.5961553187E-005
    -160.0   4.5962581248E-005
    -140.0   4.5963609082E-005
    -120.0   4.5964636674E-005
    -100.0   4.5965667129E-005
     -80.0   4.5966697933E-005
     -60.0   4.5967728561E-005
     -50.0   4.5968243651E-005
     -40.0   4.5968760636E-005
     -30.0   4.5969313473E-005
     -20.0   4.5972174339E-005
     -10.0   4.6146850151E-005
       0.0   4.5973360651E-005
      10.0   4.5971357638E-005
      20.0   4.5971796442E-005
      30.0   4.5945656430E-005
      40.0   4.5836935788E-005
      50.0   4.5720777688E-005
      60.0   4.5559403129E-005
      80.0   4.5470064757E-005
     100.0   4.5489819633E-005
     120.0   4.5449386891E-005
     140.0   4.5338602917E-005
     160.0   4.5286623810E-005
     180.0   4.5204566349E-005
     200.0   4.5261199557E-005
     220.0   4.4875991310E-005
     240.0   4.4233587789E-005
     260.0   4.3985679770E-005
     280.0   4.3931379454E-005
     300.0   4.4352241242E-005
     400.0   4.5991225579E-005
     500.0   4.5996378683E-005
    1000.0   4.6021826090E-005
