   -1000.0   6.1360395340E-006
    -500.0   6.1620677312E-006
    -400.0   6.1672766686E-006
    -300.0   6.1724804043E-006
    -280.0   6.1735199784E-006
    -260.0   6.1745590555E-006
    -240.0   6.1755976936E-006
    -220.0   6.1766364393E-006
    -200.0   6.1778070326E-006
    -180.0   6.1791488954E-006
    -160.0   6.1807300729E-006
    -140.0   6.1825426549E-006
    -120.0   6.1845774790E-006
    -100.0   6.1871211758E-006
     -80.0   6.1971255222E-006
     -60.0   6.2322254565E-006
     -50.0   6.2447129181E-006
     -40.0   6.2548652379E-006
     -30.0   6.2673735491E-006
     -20.0   6.2794005638E-006
     -10.0   6.3106331262E-006
       0.0   6.2730057308E-006
      10.0   6.2753144887E-006
      20.0   6.2497746697E-006
      30.0   6.2379541356E-006
      40.0   6.2282795175E-006
      50.0   6.2230443165E-006
      60.0   6.2085622138E-006
      80.0   6.1020860210E-006
     100.0   6.0738782209E-006
     120.0   6.0567807380E-006
     140.0   6.0592233088E-006
     160.0   6.0645396210E-006
     180.0   6.0675458092E-006
     200.0   4.5704730481E-006
     220.0   3.8379648242E-006
     240.0   3.7156976491E-006
     260.0   3.7923285287E-006
     280.0   4.4866180812E-006
     300.0   4.6396405982E-006
     400.0   6.2049964891E-006
     500.0   6.2137360128E-006
    1000.0   6.2410367957E-006
