   -1000.0   6.6477173245E-006
    -500.0   6.6896887019E-006
    -400.0   6.7063290389E-006
    -300.0   6.7375954805E-006
    -280.0   6.7480559317E-006
    -260.0   6.7613229594E-006
    -240.0   6.7788265754E-006
    -220.0   6.8032809087E-006
    -200.0   6.8409037261E-006
    -180.0   6.9122892454E-006
    -160.0   7.2213751794E-006
    -140.0   1.2239986167E-005
    -120.0   1.4970745470E-005
    -100.0   1.6591653888E-005
     -80.0   1.9025045728E-005
     -60.0   2.4127215130E-005
     -50.0   4.0620055975E-005
     -40.0   8.3601563920E-005
     -30.0   1.4165150205E-004
     -20.0   1.7794777431E-004
     -10.0   8.9197540672E-005
       0.0   6.4689096743E-005
      10.0   7.5344751077E-005
      20.0   1.1849539843E-004
      30.0   1.1243877039E-004
      40.0   7.5474611120E-005
      50.0   3.9010040346E-005
      60.0   2.2615560104E-005
      80.0   1.7874476312E-005
     100.0   1.4849072281E-005
     120.0   1.3602173928E-005
     140.0   1.1464616210E-005
     160.0   1.0259749964E-005
     180.0   9.6503529947E-006
     200.0   9.1474853904E-006
     220.0   8.5905916543E-006
     240.0   8.2222446721E-006
     260.0   7.8919373678E-006
     280.0   7.6221340628E-006
     300.0   7.4002496446E-006
     400.0   6.7611763945E-006
     500.0   6.7481571479E-006
    1000.0   6.7589043217E-006
