   -1000.0   3.7230283197E-005
    -500.0   3.7286881340E-005
    -400.0   3.7308250718E-005
    -300.0   3.7366555037E-005
    -280.0   3.7390375809E-005
    -260.0   3.7423825729E-005
    -240.0   3.7475008758E-005
    -220.0   3.7569577992E-005
    -200.0   3.7919978836E-005
    -180.0   3.9006861627E-005
    -160.0   4.0621625548E-005
    -140.0   4.2346570053E-005
    -120.0   4.4420660387E-005
    -100.0   4.8920885166E-005
     -80.0   6.4804604650E-005
     -60.0   8.1651414627E-005
     -50.0   8.7407954117E-005
     -40.0   9.3904128747E-005
     -30.0   1.0375851612E-004
     -20.0   1.2695287585E-004
     -10.0   1.5423996010E-004
       0.0   1.3571745099E-004
      10.0   1.1425176867E-004
      20.0   9.7628023141E-005
      30.0   8.2290928197E-005
      40.0   7.3561615958E-005
      50.0   6.9320251401E-005
      60.0   6.6431641914E-005
      80.0   5.6992022403E-005
     100.0   4.6610255893E-005
     120.0   4.2332198820E-005
     140.0   4.0424335571E-005
     160.0   3.9097411346E-005
     180.0   3.8158390948E-005
     200.0   3.7584283697E-005
     220.0   3.7291307125E-005
     240.0   3.6853566242E-005
     260.0   3.6569409751E-005
     280.0   3.6399543423E-005
     300.0   3.6361064842E-005
     400.0   3.7225311941E-005
     500.0   3.7244222850E-005
    1000.0   3.7211084233E-005
