   -1000.0   5.4908416182E-005
    -500.0   5.4921919551E-005
    -400.0   5.4924587667E-005
    -300.0   5.4927241416E-005
    -280.0   5.4927769903E-005
    -260.0   5.4928297430E-005
    -240.0   5.4928823859E-005
    -220.0   5.4929349013E-005
    -200.0   5.4929872653E-005
    -180.0   5.4930394463E-005
    -160.0   5.4930914005E-005
    -140.0   5.4931430668E-005
    -120.0   5.4931985689E-005
    -100.0   5.4932686752E-005
     -80.0   5.4936283326E-005
     -60.0   5.4940583306E-005
     -50.0   5.4940880971E-005
     -40.0   5.4940724126E-005
     -30.0   5.4944645012E-005
     -20.0   5.4949499896E-005
     -10.0   5.4949389055E-005
       0.0   5.4794984362E-005
      10.0   5.4676229829E-005
      20.0   5.4647485810E-005
      30.0   5.4625671489E-005
      40.0   5.4537246424E-005
      50.0   5.3839583616E-005
      60.0   5.3251059942E-005
      80.0   5.1135729765E-005
     100.0   4.8925781770E-005
     120.0   4.8816574512E-005
     140.0   4.9413359912E-005
     160.0   5.0632821186E-005
     180.0   5.1170099867E-005
     200.0   5.1955053099E-005
     220.0   5.1937882179E-005
     240.0   5.2214023486E-005
     260.0   5.0199343299E-005
     280.0   5.1295106482E-005
     300.0   5.2694794449E-005
     400.0   5.4945370627E-005
     500.0   5.4948203415E-005
    1000.0   5.4961201427E-005
