   -1000.0   5.0919965295E-005
    -500.0   5.0938888394E-005
    -400.0   5.0942617188E-005
    -300.0   5.0946338235E-005
    -280.0   5.0947081471E-005
    -260.0   5.0947824365E-005
    -240.0   5.0948566906E-005
    -220.0   5.0949309079E-005
    -200.0   5.0950050866E-005
    -180.0   5.0950792249E-005
    -160.0   5.0951533449E-005
    -140.0   5.0952321548E-005
    -120.0   5.0953378374E-005
    -100.0   5.0954325567E-005
     -80.0   5.0955100174E-005
     -60.0   5.0955866906E-005
     -50.0   5.0956197516E-005
     -40.0   5.0956464751E-005
     -30.0   5.0956754353E-005
     -20.0   5.0956758303E-005
     -10.0   5.0956651489E-005
       0.0   5.0950810141E-005
      10.0   5.0938154846E-005
      20.0   5.0916414111E-005
      30.0   5.0890983203E-005
      40.0   5.0872031819E-005
      50.0   5.0860679440E-005
      60.0   5.0854221428E-005
      80.0   5.0849639679E-005
     100.0   5.0857898127E-005
     120.0   5.0869301268E-005
     140.0   5.0888641207E-005
     160.0   5.0900347408E-005
     180.0   5.0904293987E-005
     200.0   5.0893029558E-005
     220.0   5.0852457779E-005
     240.0   5.0855077753E-005
     260.0   5.0891031160E-005
     280.0   5.0929954488E-005
     300.0   5.0953429440E-005
     400.0   5.0972176174E-005
     500.0   5.0975847317E-005
    1000.0   5.0994057224E-005
