   -1000.0   3.7600547820E-006
    -500.0   3.7791468158E-006
    -400.0   3.7829120783E-006
    -300.0   3.7865833006E-006
    -280.0   3.7872938130E-006
    -260.0   3.7879907756E-006
    -240.0   3.7886700494E-006
    -220.0   3.7893342878E-006
    -200.0   3.7899621715E-006
    -180.0   3.7907414311E-006
    -160.0   3.7913146040E-006
    -140.0   3.7917612043E-006
    -120.0   3.7920909888E-006
    -100.0   3.7920284371E-006
     -80.0   3.7913060306E-006
     -60.0   3.7886556592E-006
     -50.0   3.7855851814E-006
     -40.0   3.7796631350E-006
     -30.0   3.7667719213E-006
     -20.0   3.7305751945E-006
     -10.0   3.5676960403E-006
       0.0   3.2150382473E-006
      10.0   3.4242681937E-006
      20.0   3.5983868483E-006
      30.0   3.6472749919E-006
      40.0   3.6622425311E-006
      50.0   3.6748719691E-006
      60.0   3.6730916343E-006
      80.0   3.6525390368E-006
     100.0   1.3170589089E-006
     120.0   1.5844183504E-006
     140.0   3.4604832124E-006
     160.0   3.4794070951E-006
     180.0   3.2726037477E-006
     200.0   3.2790857077E-006
     220.0   3.4054289474E-006
     240.0   3.7677242065E-006
     260.0   3.7836737741E-006
     280.0   3.7939775333E-006
     300.0   3.8044068976E-006
     400.0   3.8135545036E-006
     500.0   3.8178013729E-006
    1000.0   3.8377173512E-006
