   -1000.0   3.5069592583E-005
    -500.0   3.5036991027E-005
    -400.0   3.5029679258E-005
    -300.0   3.5022426197E-005
    -280.0   3.5020995538E-005
    -260.0   3.5019579032E-005
    -240.0   3.5018184062E-005
    -220.0   3.5016823698E-005
    -200.0   3.5015523817E-005
    -180.0   3.5014348712E-005
    -160.0   3.5014199025E-005
    -140.0   3.5036855288E-005
    -120.0   3.5107999517E-005
    -100.0   3.5193730511E-005
     -80.0   3.5547577228E-005
     -60.0   3.6268793036E-005
     -50.0   3.6662864829E-005
     -40.0   3.7231132133E-005
     -30.0   3.8013817100E-005
     -20.0   3.8292579083E-005
     -10.0   3.7440049370E-005
       0.0   3.6659728448E-005
      10.0   3.6716800017E-005
      20.0   3.6859795162E-005
      30.0   3.6540020091E-005
      40.0   3.6093851300E-005
      50.0   3.5820711302E-005
      60.0   3.5638563227E-005
      80.0   3.5079570292E-005
     100.0   3.4333892322E-005
     120.0   3.3848707979E-005
     140.0   3.3487023333E-005
     160.0   3.3599296750E-005
     180.0   3.3894916135E-005
     200.0   3.4131268869E-005
     220.0   3.4303265617E-005
     240.0   3.4396751249E-005
     260.0   3.4468073761E-005
     280.0   3.4495902578E-005
     300.0   3.4355727802E-005
     400.0   3.4968587566E-005
     500.0   3.4962654481E-005
    1000.0   3.4926046333E-005
