   -1000.0   3.2167633300E-005
    -500.0   3.2146368008E-005
    -400.0   3.2142082800E-005
    -300.0   3.2137790023E-005
    -280.0   3.2136930559E-005
    -260.0   3.2136070792E-005
    -240.0   3.2135210722E-005
    -220.0   3.2134350350E-005
    -200.0   3.2133489675E-005
    -180.0   3.2132628697E-005
    -160.0   3.2131767443E-005
    -140.0   3.2130907994E-005
    -120.0   3.2130048316E-005
    -100.0   3.2129186915E-005
     -80.0   3.2128325508E-005
     -60.0   3.2135867428E-005
     -50.0   3.2127050798E-005
     -40.0   3.2126639146E-005
     -30.0   3.2126219825E-005
     -20.0   3.2125786043E-005
     -10.0   3.2166914039E-005
       0.0   3.2124903106E-005
      10.0   3.2166045214E-005
      20.0   3.2124051337E-005
      30.0   3.2123622039E-005
      40.0   3.2123180361E-005
      50.0   3.2122731027E-005
      60.0   3.2130684152E-005
      80.0   3.2121414643E-005
     100.0   3.2120548349E-005
     120.0   3.2119682033E-005
     140.0   3.2118814301E-005
     160.0   3.2117946617E-005
     180.0   3.2117079954E-005
     200.0   3.2116213105E-005
     220.0   3.2115345917E-005
     240.0   3.2114478359E-005
     260.0   3.2113610576E-005
     280.0   3.2112742402E-005
     300.0   3.2111874156E-005
     400.0   3.2107528266E-005
     500.0   3.2103174863E-005
    1000.0   3.2081294009E-005
