   -1000.0   3.5483487066E-005
    -500.0   3.6471790877E-005
    -400.0   3.7176993127E-005
    -300.0   3.8845801277E-005
    -280.0   3.9472543522E-005
    -260.0   4.0311722217E-005
    -240.0   4.1512295524E-005
    -220.0   4.3545382645E-005
    -200.0   4.9054793810E-005
    -180.0   5.8110751064E-005
    -160.0   7.4157784906E-005
    -140.0   1.0506596504E-004
    -120.0   2.6077598654E-004
    -100.0   4.0576286034E-004
     -80.0   5.4464288828E-004
     -60.0   7.6427175044E-004
     -50.0   8.9007284270E-004
     -40.0   1.0546081026E-003
     -30.0   1.2269837059E-003
     -20.0   1.4455159564E-003
     -10.0   1.6741031431E-003
       0.0   1.5557221869E-003
      10.0   1.2268799310E-003
      20.0   8.5422210310E-004
      30.0   6.2358114117E-004
      40.0   4.9331745690E-004
      50.0   4.0956853007E-004
      60.0   3.5610086475E-004
      80.0   2.7832063456E-004
     100.0   2.3944302077E-004
     120.0   1.8791297783E-004
     140.0   1.1906943971E-004
     160.0   9.2719691130E-005
     180.0   7.5229530308E-005
     200.0   6.2827244780E-005
     220.0   5.5979031882E-005
     240.0   5.1582413576E-005
     260.0   4.8064424314E-005
     280.0   4.5614218666E-005
     300.0   4.2485696924E-005
     400.0   3.7238719434E-005
     500.0   3.6571982172E-005
    1000.0   3.5833906104E-005
