   -1000.0   3.1035481562E-005
    -500.0   3.1086338794E-005
    -400.0   3.1096770732E-005
    -300.0   3.1107774538E-005
    -280.0   3.1110125404E-005
    -260.0   3.1112565653E-005
    -240.0   3.1115127627E-005
    -220.0   3.1117860339E-005
    -200.0   3.1120844450E-005
    -180.0   3.1127735375E-005
    -160.0   3.1150190021E-005
    -140.0   3.1175859798E-005
    -120.0   3.1190716503E-005
    -100.0   3.1207888229E-005
     -80.0   3.1231997734E-005
     -60.0   3.1336328349E-005
     -50.0   3.1510688801E-005
     -40.0   3.1679053027E-005
     -30.0   3.1920503803E-005
     -20.0   3.2533100548E-005
     -10.0   3.6175473337E-005
       0.0   9.0276762356E-005
      10.0   3.4139494210E-005
      20.0   3.2005313431E-005
      30.0   3.1651355760E-005
      40.0   3.1503104364E-005
      50.0   3.1425759505E-005
      60.0   3.1327893247E-005
      80.0   3.1242281376E-005
     100.0   3.1206851432E-005
     120.0   2.9942940045E-005
     140.0   2.9754087274E-005
     160.0   2.9347823299E-005
     180.0   2.8780783900E-005
     200.0   2.8896099399E-005
     220.0   2.9526101776E-005
     240.0   3.0008137819E-005
     260.0   3.0299557779E-005
     280.0   3.0498567409E-005
     300.0   3.0216269193E-005
     400.0   3.1169441604E-005
     500.0   3.1184749403E-005
    1000.0   3.1234767101E-005
