   -1000.0   5.5504214262E-006
    -500.0   5.5835324002E-006
    -400.0   5.5952401145E-006
    -300.0   5.6163015931E-006
    -280.0   5.6233016004E-006
    -260.0   5.6322655582E-006
    -240.0   5.6444200717E-006
    -220.0   5.6628051599E-006
    -200.0   5.7024831465E-006
    -180.0   6.0803001082E-006
    -160.0   6.6897782805E-006
    -140.0   7.3077327833E-006
    -120.0   8.2963181766E-006
    -100.0   9.5517173461E-006
     -80.0   1.9917878782E-005
     -60.0   3.2182500930E-005
     -50.0   3.8376390037E-005
     -40.0   4.5742660013E-005
     -30.0   5.4006519064E-005
     -20.0   5.9907301589E-005
     -10.0   7.1462607081E-005
       0.0   5.0494464742E-005
      10.0   5.1846898784E-005
      20.0   4.1691321728E-005
      30.0   3.2651661965E-005
      40.0   2.8145004726E-005
      50.0   2.4655294729E-005
      60.0   2.1618292709E-005
      80.0   1.6326808038E-005
     100.0   9.4610920186E-006
     120.0   8.6462401490E-006
     140.0   7.8434115732E-006
     160.0   7.3542052169E-006
     180.0   6.9732147618E-006
     200.0   6.7247439283E-006
     220.0   6.1542187408E-006
     240.0   4.9766695412E-006
     260.0   4.2976011991E-006
     280.0   3.8181492581E-006
     300.0   3.8033332576E-006
     400.0   5.5981400542E-006
     500.0   5.6260228443E-006
    1000.0   5.6484409152E-006
