   -1000.0   2.2564031031E-005
    -500.0   2.2624775483E-005
    -400.0   2.2637039167E-005
    -300.0   2.2651206739E-005
    -280.0   2.2655441780E-005
    -260.0   2.2665844715E-005
    -240.0   2.2937849704E-005
    -220.0   2.3063587229E-005
    -200.0   2.3355300040E-005
    -180.0   2.3066477284E-005
    -160.0   2.3244471881E-005
    -140.0   2.4816133810E-005
    -120.0   2.5471950871E-005
    -100.0   2.5986565713E-005
     -80.0   2.6834430332E-005
     -60.0   2.8100678869E-005
     -50.0   2.9141636464E-005
     -40.0   2.9719391151E-005
     -30.0   3.1322877936E-005
     -20.0   3.5336694998E-005
     -10.0   4.1286177719E-005
       0.0   4.0441447355E-005
      10.0   2.9875086218E-005
      20.0   2.5531287271E-005
      30.0   2.4133745593E-005
      40.0   2.3701344305E-005
      50.0   2.3731030348E-005
      60.0   2.3348022883E-005
      80.0   2.4343601639E-005
     100.0   2.4512249907E-005
     120.0   2.3836177610E-005
     140.0   2.4048822521E-005
     160.0   2.3645395920E-005
     180.0   2.3561359827E-005
     200.0   2.3367837364E-005
     220.0   2.3219109343E-005
     240.0   2.3068863579E-005
     260.0   2.2826087399E-005
     280.0   2.2719145967E-005
     300.0   2.2719307734E-005
     400.0   2.2728169253E-005
     500.0   2.2738836164E-005
    1000.0   2.2795025498E-005
