   -1000.0   3.7017799083E-005
    -500.0   3.7161747276E-005
    -400.0   3.7182079497E-005
    -300.0   3.7203465881E-005
    -280.0   3.7208063404E-005
    -260.0   3.7212890697E-005
    -240.0   3.7218100268E-005
    -220.0   3.7224130399E-005
    -200.0   3.7335551306E-005
    -180.0   3.8107508075E-005
    -160.0   3.8922651552E-005
    -140.0   4.0309816066E-005
    -120.0   5.5661494128E-005
    -100.0   6.9203454300E-005
     -80.0   8.3720186746E-005
     -60.0   9.9925288849E-005
     -50.0   1.1139636587E-004
     -40.0   1.2259776117E-004
     -30.0   1.3329820793E-004
     -20.0   1.4439292438E-004
     -10.0   1.6788523859E-004
       0.0   2.0989468395E-004
      10.0   1.4492403668E-004
      20.0   9.7908301630E-005
      30.0   8.0952875394E-005
      40.0   7.1997987084E-005
      50.0   6.5099779404E-005
      60.0   6.2501706204E-005
      80.0   5.5070181694E-005
     100.0   5.3366207648E-005
     120.0   5.0920104141E-005
     140.0   4.3039986035E-005
     160.0   4.1079331708E-005
     180.0   3.8460739773E-005
     200.0   3.7539338998E-005
     220.0   3.7775051026E-005
     240.0   3.7746347167E-005
     260.0   3.7535675357E-005
     280.0   3.7616889701E-005
     300.0   3.7481737663E-005
     400.0   3.7338923669E-005
     500.0   3.7357926056E-005
    1000.0   3.7455438931E-005
