   -1000.0   3.2967576820E-005
    -500.0   3.4882559710E-005
    -400.0   3.6398038207E-005
    -300.0   3.9937578877E-005
    -280.0   4.1227548116E-005
    -260.0   4.2904009818E-005
    -240.0   4.5161277712E-005
    -220.0   4.8368338643E-005
    -200.0   5.3328978525E-005
    -180.0   6.0921894257E-005
    -160.0   7.2549818818E-005
    -140.0   9.1100712137E-005
    -120.0   1.2362669057E-004
    -100.0   1.9843467239E-004
     -80.0   2.8045473920E-004
     -60.0   3.7529898091E-004
     -50.0   4.2865559546E-004
     -40.0   4.9407119590E-004
     -30.0   5.4618340734E-004
     -20.0   5.5580225423E-004
     -10.0   5.4646387173E-004
       0.0   5.2094024450E-004
      10.0   4.7764569501E-004
      20.0   4.6688271065E-004
      30.0   4.6199993248E-004
      40.0   4.1866929965E-004
      50.0   3.5806614600E-004
      60.0   3.1067164864E-004
      80.0   2.2688149634E-004
     100.0   1.6339540434E-004
     120.0   1.1072515308E-004
     140.0   8.3171533645E-005
     160.0   6.8147719791E-005
     180.0   5.8252232730E-005
     200.0   5.1618235489E-005
     220.0   4.6937798085E-005
     240.0   4.3921036416E-005
     260.0   4.1747817384E-005
     280.0   4.0146772521E-005
     300.0   3.8951986145E-005
     400.0   3.5998113320E-005
     500.0   3.4680949100E-005
    1000.0   3.2871108884E-005
