   -1000.0   2.8919229517E-005
    -500.0   2.8997699628E-005
    -400.0   2.9014602428E-005
    -300.0   2.9071521111E-005
    -280.0   2.9096355559E-005
    -260.0   2.9131983849E-005
    -240.0   2.9187600578E-005
    -220.0   2.9308717441E-005
    -200.0   2.9585076700E-005
    -180.0   3.0084573285E-005
    -160.0   3.1367155447E-005
    -140.0   3.6504958605E-005
    -120.0   4.2424832210E-005
    -100.0   4.7270352961E-005
     -80.0   5.0766170663E-005
     -60.0   5.6441525687E-005
     -50.0   6.0985416253E-005
     -40.0   6.7369320952E-005
     -30.0   7.7992769476E-005
     -20.0   8.9163833559E-005
     -10.0   8.9618323770E-005
       0.0   8.5188296153E-005
      10.0   7.7055588843E-005
      20.0   5.9946742081E-005
      30.0   4.9889534178E-005
      40.0   4.2483182884E-005
      50.0   3.8660302954E-005
      60.0   3.6717237182E-005
      80.0   3.4911712311E-005
     100.0   3.3846558483E-005
     120.0   3.2137552613E-005
     140.0   2.9626025747E-005
     160.0   2.6823453636E-005
     180.0   2.6110975493E-005
     200.0   2.6182879545E-005
     220.0   2.6419030106E-005
     240.0   2.6707517910E-005
     260.0   2.7184010116E-005
     280.0   2.7504898874E-005
     300.0   2.7705322891E-005
     400.0   2.8828645926E-005
     500.0   2.8881944519E-005
    1000.0   2.8847536693E-005
