   -1000.0   8.2271824396E-006
    -500.0   8.2619058035E-006
    -400.0   8.2710100179E-006
    -300.0   8.2837062414E-006
    -280.0   8.2871981265E-006
    -260.0   8.2912631683E-006
    -240.0   8.2961142554E-006
    -220.0   8.3020757753E-006
    -200.0   8.3096673270E-006
    -180.0   8.3197868096E-006
    -160.0   8.3342422492E-006
    -140.0   8.3594989441E-006
    -120.0   8.4164334611E-006
    -100.0   8.5569409738E-006
     -80.0   8.6846853881E-006
     -60.0   8.8659578259E-006
     -50.0   8.9883716109E-006
     -40.0   9.1650641755E-006
     -30.0   9.4043063256E-006
     -20.0   9.7114799983E-006
     -10.0   9.7239825160E-006
       0.0   1.0994338176E-005
      10.0   1.0649352332E-005
      20.0   9.8719675495E-006
      30.0   9.3401409932E-006
      40.0   9.0034857555E-006
      50.0   8.7722500469E-006
      60.0   8.6389652301E-006
      80.0   8.4715533698E-006
     100.0   8.3825553479E-006
     120.0   8.2805148339E-006
     140.0   8.2304154263E-006
     160.0   8.2163557545E-006
     180.0   8.2113599149E-006
     200.0   8.1978525241E-006
     220.0   8.1372797523E-006
     240.0   7.7806322431E-006
     260.0   7.3157323759E-006
     280.0   6.4218945171E-006
     300.0   6.1419087227E-006
     400.0   8.2719146379E-006
     500.0   8.3128069635E-006
    1000.0   8.3517162393E-006
