   -1000.0   2.8274600180E-005
    -500.0   2.8231681474E-005
    -400.0   2.8223066928E-005
    -300.0   2.8214448220E-005
    -280.0   2.8212723980E-005
    -260.0   2.8210999574E-005
    -240.0   2.8209275003E-005
    -220.0   2.8207550628E-005
    -200.0   2.8205842033E-005
    -180.0   2.8204149100E-005
    -160.0   2.8202459528E-005
    -140.0   2.8200769227E-005
    -120.0   2.8199088885E-005
    -100.0   2.8197434642E-005
     -80.0   2.8196154336E-005
     -60.0   2.8195422035E-005
     -50.0   2.8194742151E-005
     -40.0   2.8194015254E-005
     -30.0   2.8193242321E-005
     -20.0   2.8192589194E-005
     -10.0   2.8497313084E-005
       0.0   2.8191389226E-005
      10.0   2.8495159538E-005
      20.0   2.8188595419E-005
      30.0   2.8187331979E-005
      40.0   2.8186252762E-005
      50.0   2.8185253412E-005
      60.0   2.8184263180E-005
      80.0   2.8182119945E-005
     100.0   2.8180149468E-005
     120.0   2.8178353372E-005
     140.0   2.8176583648E-005
     160.0   2.8174823741E-005
     180.0   2.8173058208E-005
     200.0   2.8171289063E-005
     220.0   2.8169541794E-005
     240.0   2.8167809651E-005
     260.0   2.8166076120E-005
     280.0   2.8164338575E-005
     300.0   2.8162609950E-005
     400.0   2.8154000314E-005
     500.0   2.8145348313E-005
    1000.0   2.8102025994E-005
