   -1000.0   1.1162878779E-005
    -500.0   1.1202283615E-005
    -400.0   1.1210173569E-005
    -300.0   1.1218065443E-005
    -280.0   1.1219643991E-005
    -260.0   1.1221222625E-005
    -240.0   1.1222801403E-005
    -220.0   1.1224380457E-005
    -200.0   1.1225960109E-005
    -180.0   1.1227541821E-005
    -160.0   1.1229465572E-005
    -140.0   1.1231914049E-005
    -120.0   1.1235085671E-005
    -100.0   1.1239765302E-005
     -80.0   1.1245795622E-005
     -60.0   1.1283135717E-005
     -50.0   1.1321892326E-005
     -40.0   1.1348738658E-005
     -30.0   1.1366790799E-005
     -20.0   1.1389089978E-005
     -10.0   1.1377987766E-005
       0.0   1.1371201521E-005
      10.0   1.1348202896E-005
      20.0   1.1338391543E-005
      30.0   1.1321365099E-005
      40.0   1.1308797601E-005
      50.0   1.1295178801E-005
      60.0   1.1279664121E-005
      80.0   1.1258142584E-005
     100.0   1.1237470299E-005
     120.0   1.1158613685E-005
     140.0   1.1162709721E-005
     160.0   1.1139763924E-005
     180.0   1.1115905321E-005
     200.0   1.1149157358E-005
     220.0   1.1172003846E-005
     240.0   1.1192116147E-005
     260.0   1.1192793539E-005
     280.0   1.0775751170E-005
     300.0   9.7142475016E-006
     400.0   1.1269951358E-005
     500.0   1.1280935048E-005
    1000.0   1.1321255877E-005
