   -1000.0   3.4799258995E-005
    -500.0   3.4840435413E-005
    -400.0   3.4848558083E-005
    -300.0   3.4856677101E-005
    -280.0   3.4858300444E-005
    -260.0   3.4859923625E-005
    -240.0   3.4861546634E-005
    -220.0   3.4863169463E-005
    -200.0   3.4864792456E-005
    -180.0   3.4866420363E-005
    -160.0   3.4868062520E-005
    -140.0   3.4869704297E-005
    -120.0   3.4871340377E-005
    -100.0   3.4872987657E-005
     -80.0   3.4874631284E-005
     -60.0   3.4876272732E-005
     -50.0   3.4877087717E-005
     -40.0   3.4877897523E-005
     -30.0   3.4878691475E-005
     -20.0   3.4879444472E-005
     -10.0   3.4879935262E-005
       0.0   3.2900848928E-005
      10.0   3.4694661573E-005
      20.0   3.4756913869E-005
      30.0   3.4783206046E-005
      40.0   3.4801235196E-005
      50.0   3.4810171608E-005
      60.0   3.4813946051E-005
      80.0   3.4698887833E-005
     100.0   3.4621187737E-005
     120.0   3.4587022904E-005
     140.0   3.4489750894E-005
     160.0   3.4516985595E-005
     180.0   3.4531112093E-005
     200.0   3.4604714273E-005
     220.0   3.4644035077E-005
     240.0   3.4753128718E-005
     260.0   3.4801689062E-005
     280.0   3.4821290451E-005
     300.0   3.4858698316E-005
     400.0   3.4913412157E-005
     500.0   3.4921504592E-005
    1000.0   3.4961907265E-005
