   -1000.0   5.2425389040E-004
    -500.0   5.2626027003E-004
    -400.0   5.2666924178E-004
    -300.0   5.2717885117E-004
    -280.0   5.2730792382E-004
    -260.0   5.2745370674E-004
    -240.0   5.2762284479E-004
    -220.0   5.2782590783E-004
    -200.0   5.2808064428E-004
    -180.0   5.2842011908E-004
    -160.0   5.2891801790E-004
    -140.0   5.2984868903E-004
    -120.0   5.6144381231E-004
    -100.0   5.8895765737E-004
     -80.0   6.2872341986E-004
     -60.0   7.1836756453E-004
     -50.0   1.4749249530E-003
     -40.0   1.9885298746E-003
     -30.0   2.7264909785E-003
     -20.0   2.6049072947E-003
     -10.0   1.9971526214E-003
       0.0   1.7101552283E-003
      10.0   1.4585580779E-003
      20.0   1.8806435070E-003
      30.0   2.1500746848E-003
      40.0   1.6133857064E-003
      50.0   1.3294435438E-003
      60.0   7.1220280545E-004
      80.0   6.2073670032E-004
     100.0   5.8580221793E-004
     120.0   5.6613066106E-004
     140.0   5.5581247353E-004
     160.0   5.4696465839E-004
     180.0   5.4258207144E-004
     200.0   5.3736533519E-004
     220.0   5.3595378036E-004
     240.0   5.3317565658E-004
     260.0   5.3187667099E-004
     280.0   5.3106503180E-004
     300.0   5.3024485161E-004
     400.0   5.2932400329E-004
     500.0   5.2956985827E-004
    1000.0   5.3111629072E-004
