   -1000.0   3.5079140386E-005
    -500.0   3.5013950247E-005
    -400.0   3.5000868012E-005
    -300.0   3.4987782741E-005
    -280.0   3.4985165329E-005
    -260.0   3.4982547803E-005
    -240.0   3.4979930167E-005
    -220.0   3.4977312429E-005
    -200.0   3.4974694611E-005
    -180.0   3.4972076762E-005
    -160.0   3.4969461314E-005
    -140.0   3.4967229598E-005
    -120.0   3.4967514212E-005
    -100.0   3.4969268921E-005
     -80.0   3.4967863514E-005
     -60.0   3.4965994482E-005
     -50.0   3.4965199492E-005
     -40.0   3.4964537620E-005
     -30.0   3.4964045682E-005
     -20.0   3.4963601292E-005
     -10.0   3.4985572144E-005
       0.0   3.4959172106E-005
      10.0   3.4960981544E-005
      20.0   3.4950929765E-005
      30.0   3.4944426209E-005
      40.0   3.4936575389E-005
      50.0   3.4929716659E-005
      60.0   3.4925020858E-005
      80.0   3.4920309124E-005
     100.0   3.4920573706E-005
     120.0   3.4921441445E-005
     140.0   3.4921714667E-005
     160.0   3.4921641989E-005
     180.0   3.4920731848E-005
     200.0   3.4917684969E-005
     220.0   3.4914496708E-005
     240.0   3.4913137239E-005
     260.0   3.4911903788E-005
     280.0   3.4910450490E-005
     300.0   3.4908565361E-005
     400.0   3.4896098986E-005
     500.0   3.4882989343E-005
    1000.0   3.4817394897E-005
