   -1000.0   5.2907454940E-005
    -500.0   5.2924022907E-005
    -400.0   5.2927301058E-005
    -300.0   5.2930568493E-005
    -280.0   5.2931220367E-005
    -260.0   5.2931871562E-005
    -240.0   5.2932521974E-005
    -220.0   5.2933171454E-005
    -200.0   5.2933819792E-005
    -180.0   5.2934498360E-005
    -160.0   5.2935384870E-005
    -140.0   5.2937246045E-005
    -120.0   5.2937380983E-005
    -100.0   5.2939724789E-005
     -80.0   5.2939864724E-005
     -60.0   5.2940934652E-005
     -50.0   5.2943114050E-005
     -40.0   5.2946535453E-005
     -30.0   5.2946706997E-005
     -20.0   5.2942389019E-005
     -10.0   5.2895455538E-005
       0.0   4.9815157716E-005
      10.0   5.1013821433E-005
      20.0   5.1425998581E-005
      30.0   5.1599136857E-005
      40.0   5.1658351381E-005
      50.0   5.1749329595E-005
      60.0   5.1914220041E-005
      80.0   5.1990293635E-005
     100.0   5.1825164959E-005
     120.0   5.1563391969E-005
     140.0   5.1433726383E-005
     160.0   5.0381687701E-005
     180.0   4.8628734784E-005
     200.0   4.7455171730E-005
     220.0   4.7657730105E-005
     240.0   4.8566401578E-005
     260.0   4.9469603226E-005
     280.0   5.0495661955E-005
     300.0   5.1584794680E-005
     400.0   5.2953189954E-005
     500.0   5.2956460415E-005
    1000.0   5.2972431777E-005
