   -1000.0   1.8649701612E-005
    -500.0   1.8693889269E-005
    -400.0   1.8698886117E-005
    -300.0   1.8700458696E-005
    -280.0   1.8700085113E-005
    -260.0   1.8699387305E-005
    -240.0   1.8698329499E-005
    -220.0   1.8696890533E-005
    -200.0   1.8695056472E-005
    -180.0   1.8693016966E-005
    -160.0   1.8742439697E-005
    -140.0   1.8725199866E-005
    -120.0   1.8730866318E-005
    -100.0   1.8777390465E-005
     -80.0   1.8821898732E-005
     -60.0   1.8837414412E-005
     -50.0   1.8819893583E-005
     -40.0   1.8783189017E-005
     -30.0   1.8709901573E-005
     -20.0   1.8399284371E-005
     -10.0   1.7643404264E-005
       0.0   1.7336358890E-005
      10.0   1.7012292719E-005
      20.0   1.6679760002E-005
      30.0   1.6325882762E-005
      40.0   1.5799436058E-005
      50.0   1.5767371672E-005
      60.0   1.5891277414E-005
      80.0   1.5818411846E-005
     100.0   1.4140751292E-005
     120.0   7.5567621136E-006
     140.0   5.3662942328E-006
     160.0   4.9364931840E-006
     180.0   5.0055927317E-006
     200.0   5.1558274641E-006
     220.0   5.2796781455E-006
     240.0   5.3836145338E-006
     260.0   6.7917788523E-006
     280.0   9.9226322052E-006
     300.0   1.1744871791E-005
     400.0   1.8592616330E-005
     500.0   1.8731564569E-005
    1000.0   1.8846358658E-005
