   -1000.0   3.0591326986E-005
    -500.0   3.0637605557E-005
    -400.0   3.0646667269E-005
    -300.0   3.0655726219E-005
    -280.0   3.0657537677E-005
    -260.0   3.0659349023E-005
    -240.0   3.0661160258E-005
    -220.0   3.0662971386E-005
    -200.0   3.0664782674E-005
    -180.0   3.0666594833E-005
    -160.0   3.0668407640E-005
    -140.0   3.0670227730E-005
    -120.0   3.0672072893E-005
    -100.0   3.0673910602E-005
     -80.0   3.0675741279E-005
     -60.0   3.0677566737E-005
     -50.0   3.0678477838E-005
     -40.0   3.0679388655E-005
     -30.0   3.0680299348E-005
     -20.0   3.0681209437E-005
     -10.0   3.0682107062E-005
       0.0   3.0682901446E-005
      10.0   3.0683375062E-005
      20.0   3.0683501336E-005
      30.0   3.0683552414E-005
      40.0   3.0683788258E-005
      50.0   3.0684302077E-005
      60.0   3.0685060850E-005
      80.0   3.0687075693E-005
     100.0   3.0689404862E-005
     120.0   3.0691854727E-005
     140.0   3.0694166244E-005
     160.0   3.0695676487E-005
     180.0   3.0697237691E-005
     200.0   3.0699628551E-005
     220.0   3.0701940882E-005
     240.0   3.0704050354E-005
     260.0   3.0706081148E-005
     280.0   3.0708022959E-005
     300.0   3.0709902655E-005
     400.0   3.0719060671E-005
     500.0   3.0728097206E-005
    1000.0   3.0773236641E-005
