   -1000.0   2.9688614113E-005
    -500.0   2.9739890109E-005
    -400.0   2.9749613321E-005
    -300.0   2.9759343029E-005
    -280.0   2.9761291510E-005
    -260.0   2.9763241904E-005
    -240.0   2.9765195326E-005
    -220.0   2.9767153959E-005
    -200.0   2.9769123036E-005
    -180.0   2.9771123253E-005
    -160.0   2.9810575357E-005
    -140.0   2.9866339328E-005
    -120.0   2.9945537531E-005
    -100.0   3.0001566832E-005
     -80.0   3.0147030114E-005
     -60.0   3.1249226196E-005
     -50.0   3.1984894783E-005
     -40.0   3.2779957999E-005
     -30.0   3.3055135132E-005
     -20.0   3.3444629004E-005
     -10.0   3.3405898988E-005
       0.0   3.2710347379E-005
      10.0   3.2643360562E-005
      20.0   3.2931464319E-005
      30.0   3.2484433909E-005
      40.0   3.2166079339E-005
      50.0   3.1583051489E-005
      60.0   3.1157446354E-005
      80.0   3.0430076202E-005
     100.0   2.9833651897E-005
     120.0   2.8855602157E-005
     140.0   2.8696517283E-005
     160.0   2.8561964296E-005
     180.0   2.8356626628E-005
     200.0   2.8793772437E-005
     220.0   2.8928995956E-005
     240.0   2.9042055932E-005
     260.0   2.9210536994E-005
     280.0   2.9343807009E-005
     300.0   2.9496134205E-005
     400.0   2.9826849609E-005
     500.0   2.9836882132E-005
    1000.0   2.9885413031E-005
