   -1000.0   4.0561077370E-005
    -500.0   4.0595252681E-005
    -400.0   4.0601814218E-005
    -300.0   4.0608370525E-005
    -280.0   4.0609681133E-005
    -260.0   4.0610991515E-005
    -240.0   4.0612301665E-005
    -220.0   4.0613611578E-005
    -200.0   4.0614921248E-005
    -180.0   4.0616230672E-005
    -160.0   4.0617539875E-005
    -140.0   4.0619010686E-005
    -120.0   4.0620882791E-005
    -100.0   4.0622783620E-005
     -80.0   4.0625638885E-005
     -60.0   4.0636263987E-005
     -50.0   4.0638454979E-005
     -40.0   4.0639877910E-005
     -30.0   4.0646242832E-005
     -20.0   4.0645434798E-005
     -10.0   4.0644995679E-005
       0.0   4.0643488898E-005
      10.0   4.0644110531E-005
      20.0   4.0643088835E-005
      30.0   4.0640261861E-005
      40.0   4.0639184681E-005
      50.0   4.0596821000E-005
      60.0   4.0585262562E-005
      80.0   4.0543373478E-005
     100.0   4.0159020771E-005
     120.0   3.9956409829E-005
     140.0   3.9766004414E-005
     160.0   3.9833359513E-005
     180.0   4.0053135035E-005
     200.0   4.0116737345E-005
     220.0   4.0177617464E-005
     240.0   4.0150109326E-005
     260.0   4.0118494178E-005
     280.0   3.9927663748E-005
     300.0   3.9458838966E-005
     400.0   4.0654092317E-005
     500.0   4.0660639104E-005
    1000.0   4.0693161337E-005
