   -1000.0   3.4119244819E-005
    -500.0   3.4095111787E-005
    -400.0   3.4089967471E-005
    -300.0   3.4084815586E-005
    -280.0   3.4083784301E-005
    -260.0   3.4082752714E-005
    -240.0   3.4081720825E-005
    -220.0   3.4080688638E-005
    -200.0   3.4079656706E-005
    -180.0   3.4078626316E-005
    -160.0   3.4077595451E-005
    -140.0   3.4076569523E-005
    -120.0   3.4075559511E-005
    -100.0   3.4074533615E-005
     -80.0   3.4073506079E-005
     -60.0   3.4072479521E-005
     -50.0   3.4071967237E-005
     -40.0   3.4071456508E-005
     -30.0   3.4070947887E-005
     -20.0   3.4070444715E-005
     -10.0   3.4079656750E-005
       0.0   3.4069432772E-005
      10.0   3.4076596311E-005
      20.0   3.4068323659E-005
      30.0   3.4067792309E-005
      40.0   3.4067268280E-005
      50.0   3.4066746331E-005
      60.0   3.4066225713E-005
      80.0   3.4065185901E-005
     100.0   3.4064146957E-005
     120.0   3.4063107490E-005
     140.0   3.4062063053E-005
     160.0   3.4061019289E-005
     180.0   3.4059975839E-005
     200.0   3.4058932826E-005
     220.0   3.4057891178E-005
     240.0   3.4056850004E-005
     260.0   3.4055812867E-005
     280.0   3.4054776670E-005
     300.0   3.4053738118E-005
     400.0   3.4048539178E-005
     500.0   3.4043326667E-005
    1000.0   3.4017150269E-005
