   -1000.0   3.5566421913E-005
    -500.0   3.5499997484E-005
    -400.0   3.5486695593E-005
    -300.0   3.5473390628E-005
    -280.0   3.5470729267E-005
    -260.0   3.5468067782E-005
    -240.0   3.5465406175E-005
    -220.0   3.5462744445E-005
    -200.0   3.5460082592E-005
    -180.0   3.5457420617E-005
    -160.0   3.5454758531E-005
    -140.0   3.5452096820E-005
    -120.0   3.5449436598E-005
    -100.0   3.5459937117E-005
     -80.0   3.5444166313E-005
     -60.0   3.5441548417E-005
     -50.0   3.5440211139E-005
     -40.0   3.5438875724E-005
     -30.0   3.5437558313E-005
     -20.0   3.5436245392E-005
     -10.0   3.5434911816E-005
       0.0   3.5433566081E-005
      10.0   3.5432222089E-005
      20.0   3.5430878293E-005
      30.0   3.5429532947E-005
      40.0   3.5428188716E-005
      50.0   3.5426847001E-005
      60.0   3.5425507044E-005
      80.0   3.5422829993E-005
     100.0   3.5433305653E-005
     120.0   3.5417482214E-005
     140.0   3.5414815986E-005
     160.0   3.5412150778E-005
     180.0   3.5409485878E-005
     200.0   3.5406820937E-005
     220.0   3.5404155819E-005
     240.0   3.5401489998E-005
     260.0   3.5398824391E-005
     280.0   3.5396160046E-005
     300.0   3.5393495637E-005
     400.0   3.5380169778E-005
     500.0   3.5366840286E-005
    1000.0   3.5300146995E-005
