   -1000.0   5.3427653881E-005
    -500.0   5.3422215649E-005
    -400.0   5.3420807018E-005
    -300.0   5.3419329120E-005
    -280.0   5.3419023057E-005
    -260.0   5.3418714611E-005
    -240.0   5.3418407387E-005
    -220.0   5.3418114403E-005
    -200.0   5.3418962674E-005
    -180.0   5.3509087479E-005
    -160.0   5.3650904415E-005
    -140.0   5.3822126727E-005
    -120.0   5.3917810242E-005
    -100.0   5.3999015951E-005
     -80.0   5.4067435336E-005
     -60.0   5.4413068894E-005
     -50.0   5.4688358169E-005
     -40.0   5.4835866941E-005
     -30.0   5.4900668091E-005
     -20.0   5.4761180977E-005
     -10.0   5.3373831309E-005
       0.0   5.0724262706E-005
      10.0   4.7732232972E-005
      20.0   4.7804943138E-005
      30.0   4.8207857264E-005
      40.0   4.8772577908E-005
      50.0   4.9330363668E-005
      60.0   4.9602469222E-005
      80.0   4.9189654284E-005
     100.0   4.8522156348E-005
     120.0   4.7529489678E-005
     140.0   4.5850889268E-005
     160.0   4.0694855656E-005
     180.0   3.5431536333E-005
     200.0   3.2795370652E-005
     220.0   3.3346782180E-005
     240.0   3.6291896801E-005
     260.0   3.9951014091E-005
     280.0   4.4007909038E-005
     300.0   4.8313519511E-005
     400.0   5.3406647790E-005
     500.0   5.3407484371E-005
    1000.0   5.3401594249E-005
