   -1000.0   4.1197977375E-005
    -500.0   4.1153246253E-005
    -400.0   4.1144262471E-005
    -300.0   4.1135271303E-005
    -280.0   4.1133472183E-005
    -260.0   4.1131672769E-005
    -240.0   4.1129873093E-005
    -220.0   4.1128074631E-005
    -200.0   4.1126279898E-005
    -180.0   4.1124485427E-005
    -160.0   4.1122690196E-005
    -140.0   4.1120894909E-005
    -120.0   4.1119097971E-005
    -100.0   4.1117300940E-005
     -80.0   4.1115502298E-005
     -60.0   4.1113703055E-005
     -50.0   4.1112802711E-005
     -40.0   4.1111901620E-005
     -30.0   4.1111000486E-005
     -20.0   4.1110099651E-005
     -10.0   4.1109196980E-005
       0.0   4.1108292967E-005
      10.0   4.1107389393E-005
      20.0   4.1106485906E-005
      30.0   4.1105580770E-005
      40.0   4.1104675732E-005
      50.0   4.1103770767E-005
      60.0   4.1102865568E-005
      80.0   4.1101054284E-005
     100.0   4.1099241703E-005
     120.0   4.1097421625E-005
     140.0   4.1095603263E-005
     160.0   4.1093788346E-005
     180.0   4.1091978461E-005
     200.0   4.1090177802E-005
     220.0   4.1088378752E-005
     240.0   4.1086576905E-005
     260.0   4.1084773295E-005
     280.0   4.1082969538E-005
     300.0   4.1081166611E-005
     400.0   4.1072126150E-005
     500.0   4.1063075850E-005
    1000.0   4.1017713384E-005
