   -1000.0   5.3884965295E-005
    -500.0   5.3903737133E-005
    -400.0   5.3906943793E-005
    -300.0   5.3910141686E-005
    -280.0   5.3910780202E-005
    -260.0   5.3911418379E-005
    -240.0   5.3912056253E-005
    -220.0   5.3912693895E-005
    -200.0   5.3913331460E-005
    -180.0   5.3913969321E-005
    -160.0   5.3914709731E-005
    -140.0   5.3915965036E-005
    -120.0   5.3925788495E-005
    -100.0   5.4080621744E-005
     -80.0   5.4202245396E-005
     -60.0   5.4170862365E-005
     -50.0   5.4147033505E-005
     -40.0   5.4157803275E-005
     -30.0   5.4219162969E-005
     -20.0   5.4197864196E-005
     -10.0   5.5080058236E-005
       0.0   5.4413392377E-005
      10.0   5.4082222056E-005
      20.0   5.3915275874E-005
      30.0   5.3710333642E-005
      40.0   5.3297449257E-005
      50.0   5.2691315544E-005
      60.0   5.2432419511E-005
      80.0   5.1980430528E-005
     100.0   5.2229165155E-005
     120.0   5.2417633310E-005
     140.0   5.2101879913E-005
     160.0   5.2124198145E-005
     180.0   5.2164732662E-005
     200.0   5.1959437493E-005
     220.0   5.0548298523E-005
     240.0   4.9591912686E-005
     260.0   4.9592082610E-005
     280.0   5.0153125274E-005
     300.0   5.1209319321E-005
     400.0   5.3932204192E-005
     500.0   5.3935428514E-005
    1000.0   5.3951028350E-005
