   -1000.0   9.9943158918E-006
    -500.0   1.0181839402E-005
    -400.0   1.0306072592E-005
    -300.0   1.0588266495E-005
    -280.0   1.0691596894E-005
    -260.0   1.0827480056E-005
    -240.0   1.1014539654E-005
    -220.0   1.1291793023E-005
    -200.0   1.1773012405E-005
    -180.0   1.4213495399E-005
    -160.0   1.9806586276E-005
    -140.0   2.7503173515E-005
    -120.0   3.7449198462E-005
    -100.0   4.8988363385E-005
     -80.0   6.7212196288E-005
     -60.0   2.0914228555E-004
     -50.0   3.3960620082E-004
     -40.0   4.3532210900E-004
     -30.0   4.6534033863E-004
     -20.0   4.6404800528E-004
     -10.0   4.5168588819E-004
       0.0   4.2950670032E-004
      10.0   3.8091996359E-004
      20.0   3.3533767463E-004
      30.0   3.2654857996E-004
      40.0   3.1158728308E-004
      50.0   2.5806510579E-004
      60.0   1.6579233176E-004
      80.0   6.4368382967E-005
     100.0   4.7392937518E-005
     120.0   3.6392167143E-005
     140.0   2.8635828020E-005
     160.0   2.3386138196E-005
     180.0   1.9343665071E-005
     200.0   1.6930871773E-005
     220.0   1.5065617777E-005
     240.0   1.3822437723E-005
     260.0   1.2821541416E-005
     280.0   1.2066560769E-005
     300.0   1.1502884366E-005
     400.0   1.0439593570E-005
     500.0   1.0280551545E-005
    1000.0   1.0153249837E-005
