   -1000.0   3.1564095370E-005
    -500.0   3.1990933562E-005
    -400.0   3.2275429511E-005
    -300.0   3.2948514065E-005
    -280.0   3.3208529511E-005
    -260.0   3.3577086667E-005
    -240.0   3.4380662792E-005
    -220.0   3.8412669134E-005
    -200.0   4.3523949642E-005
    -180.0   4.8442599250E-005
    -160.0   5.8143269311E-005
    -140.0   7.3044664697E-005
    -120.0   1.0743683202E-004
    -100.0   3.2612730265E-004
     -80.0   5.8898237393E-004
     -60.0   8.6277746157E-004
     -50.0   1.0259879633E-003
     -40.0   1.2100561873E-003
     -30.0   1.3965647255E-003
     -20.0   1.4879229716E-003
     -10.0   1.5110012075E-003
       0.0   1.6281435520E-003
      10.0   1.1930729880E-003
      20.0   8.5112027696E-004
      30.0   6.2934791108E-004
      40.0   4.9050450764E-004
      50.0   3.9314771095E-004
      60.0   3.2938463208E-004
      80.0   2.6244247468E-004
     100.0   2.0020651804E-004
     120.0   1.1857529216E-004
     140.0   8.5975511887E-005
     160.0   6.8157137346E-005
     180.0   5.6933181199E-005
     200.0   5.0031637387E-005
     220.0   4.2644611787E-005
     240.0   3.7609702257E-005
     260.0   3.5521920292E-005
     280.0   3.4609337219E-005
     300.0   3.3127086059E-005
     400.0   3.2303120061E-005
     500.0   3.2073852098E-005
    1000.0   3.1822477118E-005
