   -1000.0   3.4873178751E-005
    -500.0   3.5035335750E-005
    -400.0   3.5052904257E-005
    -300.0   3.5103999307E-005
    -280.0   3.5125558177E-005
    -260.0   3.5156083620E-005
    -240.0   3.5202579199E-005
    -220.0   3.5284181751E-005
    -200.0   3.5502189422E-005
    -180.0   3.6088636813E-005
    -160.0   3.7306834397E-005
    -140.0   4.1491306114E-005
    -120.0   4.7155802551E-005
    -100.0   4.9284873439E-005
     -80.0   5.1380971119E-005
     -60.0   5.4470053836E-005
     -50.0   5.6463331227E-005
     -40.0   5.8832774151E-005
     -30.0   6.1483322118E-005
     -20.0   6.4954298278E-005
     -10.0   6.9573097342E-005
       0.0   7.1401456625E-005
      10.0   6.4725644091E-005
      20.0   5.5650689452E-005
      30.0   4.8866923049E-005
      40.0   4.5505456851E-005
      50.0   4.3768836838E-005
      60.0   4.2716255850E-005
      80.0   4.1544782286E-005
     100.0   4.0998221259E-005
     120.0   4.0588775186E-005
     140.0   3.8562481534E-005
     160.0   3.6471720059E-005
     180.0   3.5440830807E-005
     200.0   3.4592430799E-005
     220.0   3.4303259226E-005
     240.0   3.4375577143E-005
     260.0   3.4520436757E-005
     280.0   3.4675848525E-005
     300.0   3.4715965423E-005
     400.0   3.5004735700E-005
     500.0   3.4996715736E-005
    1000.0   3.4965630264E-005
