   -1000.0   1.5015627977E-005
    -500.0   1.5067114840E-005
    -400.0   1.5077306309E-005
    -300.0   1.5087579246E-005
    -280.0   1.5089655835E-005
    -260.0   1.5091746318E-005
    -240.0   1.5093856835E-005
    -220.0   1.5095997809E-005
    -200.0   1.5098189064E-005
    -180.0   1.5100475957E-005
    -160.0   1.5103018160E-005
    -140.0   1.5272696738E-005
    -120.0   1.5913384679E-005
    -100.0   1.6300636265E-005
     -80.0   1.6477134952E-005
     -60.0   1.6985093820E-005
     -50.0   2.0289230566E-005
     -40.0   2.4250543613E-005
     -30.0   3.1121429047E-005
     -20.0   3.2509301334E-005
     -10.0   2.5494141162E-005
       0.0   2.0575510300E-005
      10.0   2.1308018154E-005
      20.0   2.3574568422E-005
      30.0   2.4777456532E-005
      40.0   2.1466884268E-005
      50.0   1.9413880077E-005
      60.0   1.7086516333E-005
      80.0   1.6617141930E-005
     100.0   1.6361279806E-005
     120.0   1.5971779258E-005
     140.0   1.5623692547E-005
     160.0   1.5450174050E-005
     180.0   1.5391252090E-005
     200.0   1.5299020258E-005
     220.0   1.5263923532E-005
     240.0   1.5226674429E-005
     260.0   1.5119135920E-005
     280.0   1.4581811304E-005
     300.0   1.4247724036E-005
     400.0   1.5158553948E-005
     500.0   1.5168843575E-005
    1000.0   1.5219799371E-005
