   -1000.0   6.5536064873E-005
    -500.0   6.5536791390E-005
    -400.0   6.5536860054E-005
    -300.0   6.5536917990E-005
    -280.0   6.5536928284E-005
    -260.0   6.5536938145E-005
    -240.0   6.5536947571E-005
    -220.0   6.5536956561E-005
    -200.0   6.5536965112E-005
    -180.0   6.5536973221E-005
    -160.0   6.5536980890E-005
    -140.0   6.5536988900E-005
    -120.0   6.5537006717E-005
    -100.0   6.5537039658E-005
     -80.0   6.5537059715E-005
     -60.0   6.5537077149E-005
     -50.0   6.5537084219E-005
     -40.0   6.5537110905E-005
     -30.0   6.5537102902E-005
     -20.0   6.5534365777E-005
     -10.0   6.5534501264E-005
       0.0   6.5525101099E-005
      10.0   6.5515229091E-005
      20.0   6.5499498009E-005
      30.0   6.5487355509E-005
      40.0   6.5481394094E-005
      50.0   6.5459192489E-005
      60.0   6.5460109840E-005
      80.0   6.5445431960E-005
     100.0   6.5444922923E-005
     120.0   6.5439252291E-005
     140.0   6.5432022439E-005
     160.0   6.5421716093E-005
     180.0   6.5419080023E-005
     200.0   6.5336768983E-005
     220.0   6.5289433116E-005
     240.0   6.5294733858E-005
     260.0   6.5310128034E-005
     280.0   6.5380261120E-005
     300.0   6.5444460788E-005
     400.0   6.5537021214E-005
     500.0   6.5536995501E-005
    1000.0   6.5536696405E-005
