   -1000.0   2.3108143414E-005
    -500.0   2.3179268636E-005
    -400.0   2.3193460193E-005
    -300.0   2.3207651649E-005
    -280.0   2.3210489983E-005
    -260.0   2.3213328505E-005
    -240.0   2.3216167462E-005
    -220.0   2.3219007375E-005
    -200.0   2.3221849422E-005
    -180.0   2.3224696646E-005
    -160.0   2.3227721976E-005
    -140.0   2.3236039778E-005
    -120.0   2.3274906780E-005
    -100.0   2.3418014544E-005
     -80.0   2.3582383803E-005
     -60.0   2.3642553230E-005
     -50.0   2.3592779683E-005
     -40.0   2.3589369069E-005
     -30.0   2.3630790242E-005
     -20.0   2.3638382893E-005
     -10.0   2.3651381342E-005
       0.0   2.3632231798E-005
      10.0   2.3599864768E-005
      20.0   2.3598584146E-005
      30.0   2.3553139672E-005
      40.0   2.3128036505E-005
      50.0   2.2945686595E-005
      60.0   2.2896300217E-005
      80.0   2.2485020764E-005
     100.0   2.2291186671E-005
     120.0   2.2007242626E-005
     140.0   2.1635297841E-005
     160.0   2.1302419641E-005
     180.0   2.1319583273E-005
     200.0   2.1495224641E-005
     220.0   1.9849130035E-005
     240.0   1.7677210586E-005
     260.0   1.5939528734E-005
     280.0   1.6345748529E-005
     300.0   1.7719827106E-005
     400.0   2.3306051643E-005
     500.0   2.3321151572E-005
    1000.0   2.3392743367E-005
