   -1000.0   4.6518715078E-005
    -500.0   4.6546550284E-005
    -400.0   4.6561765974E-005
    -300.0   4.6613860827E-005
    -280.0   4.6635779229E-005
    -260.0   4.6665854412E-005
    -240.0   4.6708645049E-005
    -220.0   4.6772729694E-005
    -200.0   4.6876233556E-005
    -180.0   4.7068561866E-005
    -160.0   4.7564541444E-005
    -140.0   4.9860738188E-005
    -120.0   5.5347843170E-005
    -100.0   6.1546958052E-005
     -80.0   6.4821279279E-005
     -60.0   6.7209669855E-005
     -50.0   6.8373598167E-005
     -40.0   6.9870023755E-005
     -30.0   7.1350978227E-005
     -20.0   7.2449282166E-005
     -10.0   7.1935977388E-005
       0.0   7.1350400230E-005
      10.0   7.0041295944E-005
      20.0   6.6441445864E-005
      30.0   6.3104253408E-005
      40.0   6.0181406530E-005
      50.0   5.7848287809E-005
      60.0   5.5969966049E-005
      80.0   5.3260048434E-005
     100.0   5.1198071617E-005
     120.0   4.9192542527E-005
     140.0   4.7129004572E-005
     160.0   4.5766869044E-005
     180.0   4.5260228826E-005
     200.0   4.4604636145E-005
     220.0   4.3688850451E-005
     240.0   4.3324076211E-005
     260.0   4.3848960526E-005
     280.0   4.4772218833E-005
     300.0   4.5626489647E-005
     400.0   4.6447793158E-005
     500.0   4.6440710710E-005
    1000.0   4.6382512274E-005
