   -1000.0   2.2064993540E-005
    -500.0   2.2124026231E-005
    -400.0   2.2136217478E-005
    -300.0   2.2149244855E-005
    -280.0   2.2152099366E-005
    -260.0   2.2155116635E-005
    -240.0   2.2158368776E-005
    -220.0   2.2161974842E-005
    -200.0   2.2166637987E-005
    -180.0   2.2174386507E-005
    -160.0   2.2186910552E-005
    -140.0   2.2206163150E-005
    -120.0   2.2243565529E-005
    -100.0   2.2315432529E-005
     -80.0   2.2764741048E-005
     -60.0   2.4211562391E-005
     -50.0   2.4898370017E-005
     -40.0   2.5513989158E-005
     -30.0   2.6096324987E-005
     -20.0   2.6009220352E-005
     -10.0   2.5691293461E-005
       0.0   2.5239814259E-005
      10.0   2.4697422276E-005
      20.0   2.4376257208E-005
      30.0   2.4119890173E-005
      40.0   2.3817951321E-005
      50.0   2.3405426876E-005
      60.0   2.3063862144E-005
      80.0   2.2404109976E-005
     100.0   2.0820066673E-005
     120.0   1.9052971833E-005
     140.0   1.7571424577E-005
     160.0   1.7316355974E-005
     180.0   1.7664954455E-005
     200.0   1.8388370672E-005
     220.0   1.9333192263E-005
     240.0   2.0240599652E-005
     260.0   2.0802505911E-005
     280.0   2.0585821017E-005
     300.0   1.9341220360E-005
     400.0   2.2128774956E-005
     500.0   2.2227248297E-005
    1000.0   2.2299766204E-005
