   -1000.0   1.3338302762E-005
    -500.0   1.3466280590E-005
    -400.0   1.3539005603E-005
    -300.0   1.3687551248E-005
    -280.0   1.3736895720E-005
    -260.0   1.3797797866E-005
    -240.0   1.3874306051E-005
    -220.0   1.3972442541E-005
    -200.0   1.4101790615E-005
    -180.0   1.4279836648E-005
    -160.0   1.4531630462E-005
    -140.0   1.4894944994E-005
    -120.0   1.5456887340E-005
    -100.0   1.6337008885E-005
     -80.0   1.7219607212E-005
     -60.0   1.9122434446E-005
     -50.0   2.0566733034E-005
     -40.0   2.2403090047E-005
     -30.0   2.4225289396E-005
     -20.0   2.9824306201E-005
     -10.0   2.0156203852E-005
       0.0   4.0575312836E-005
      10.0   4.5371401609E-005
      20.0   3.5097886368E-005
      30.0   2.9023681489E-005
      40.0   2.4684941691E-005
      50.0   2.1661815122E-005
      60.0   1.9528239327E-005
      80.0   1.7225166207E-005
     100.0   1.5763728333E-005
     120.0   1.4900733631E-005
     140.0   1.4341991193E-005
     160.0   1.3884479407E-005
     180.0   1.3302632891E-005
     200.0   1.2171044157E-005
     220.0   9.5011349160E-006
     240.0   7.4104826617E-006
     260.0   6.8230136784E-006
     280.0   7.0446540318E-006
     300.0   7.6491017669E-006
     400.0   1.3111846602E-005
     500.0   1.3448776031E-005
    1000.0   1.3512013586E-005
