   -1000.0   3.6618809767E-005
    -500.0   3.6588091316E-005
    -400.0   3.6581890815E-005
    -300.0   3.6575682679E-005
    -280.0   3.6574440135E-005
    -260.0   3.6573197286E-005
    -240.0   3.6571954131E-005
    -220.0   3.6570710671E-005
    -200.0   3.6569466906E-005
    -180.0   3.6568222835E-005
    -160.0   3.6566978462E-005
    -140.0   3.6565734173E-005
    -120.0   3.6564490754E-005
    -100.0   3.6563247216E-005
     -80.0   3.6562009687E-005
     -60.0   3.6560780318E-005
     -50.0   3.6560160169E-005
     -40.0   3.6559540408E-005
     -30.0   3.6560607568E-005
     -20.0   3.6558306487E-005
     -10.0   3.6588015475E-005
       0.0   3.6559641784E-005
      10.0   3.6586760860E-005
      20.0   3.6555800785E-005
      30.0   3.6558508572E-005
      40.0   3.6554541337E-005
      50.0   3.6553914511E-005
      60.0   3.6553288317E-005
      80.0   3.6552031839E-005
     100.0   3.6550777646E-005
     120.0   3.6549527398E-005
     140.0   3.6548277219E-005
     160.0   3.6547027509E-005
     180.0   3.6545777716E-005
     200.0   3.6544527603E-005
     220.0   3.6543277224E-005
     240.0   3.6542026426E-005
     260.0   3.6540775402E-005
     280.0   3.6539523891E-005
     300.0   3.6538271723E-005
     400.0   3.6532010405E-005
     500.0   3.6525741118E-005
    1000.0   3.6494279882E-005
