   -1000.0   7.6292543946E-005
    -500.0   7.8613729134E-005
    -400.0   8.0498550663E-005
    -300.0   8.5645670507E-005
    -280.0   8.7794763130E-005
    -260.0   9.0435673981E-005
    -240.0   9.4345337081E-005
    -220.0   9.9436113110E-005
    -200.0   1.0376346886E-004
    -180.0   1.0933187286E-004
    -160.0   1.1353225936E-004
    -140.0   1.1674477536E-004
    -120.0   1.1923806973E-004
    -100.0   1.2118602105E-004
     -80.0   1.2390904633E-004
     -60.0   1.2669298875E-004
     -50.0   1.2768154127E-004
     -40.0   1.2739716282E-004
     -30.0   1.2543103246E-004
     -20.0   1.1495610015E-004
     -10.0   1.1744817687E-004
       0.0   1.1969387511E-004
      10.0   1.2286173475E-004
      20.0   1.2127069045E-004
      30.0   1.2396830952E-004
      40.0   1.2298990994E-004
      50.0   1.2089220833E-004
      60.0   1.1602654817E-004
      80.0   1.0839559148E-004
     100.0   1.0059409536E-004
     120.0   9.5924650133E-005
     140.0   9.1149863172E-005
     160.0   8.8360209973E-005
     180.0   8.5759908679E-005
     200.0   8.3356120074E-005
     220.0   8.1754369123E-005
     240.0   8.0097857175E-005
     260.0   7.8809571647E-005
     280.0   7.8107559641E-005
     300.0   7.7898615849E-005
     400.0   7.8235413494E-005
     500.0   7.7745701144E-005
    1000.0   7.6787255042E-005
