   -1000.0   3.8085369090E-005
    -500.0   3.9188457680E-005
    -400.0   3.9438158734E-005
    -300.0   4.0017859000E-005
    -280.0   4.0233535321E-005
    -260.0   4.0520027736E-005
    -240.0   4.0921721222E-005
    -220.0   4.1552145069E-005
    -200.0   4.3409810463E-005
    -180.0   4.8937438538E-005
    -160.0   5.7896546318E-005
    -140.0   9.1846700529E-005
    -120.0   1.9975570955E-004
    -100.0   2.7164610387E-004
     -80.0   3.6391649572E-004
     -60.0   4.8801122154E-004
     -50.0   5.7569372065E-004
     -40.0   6.6699420743E-004
     -30.0   7.7412427065E-004
     -20.0   8.8872611233E-004
     -10.0   1.0679747037E-003
       0.0   9.5392181638E-004
      10.0   6.8893508886E-004
      20.0   4.8758907691E-004
      30.0   3.6968182016E-004
      40.0   2.9181281169E-004
      50.0   2.4787478955E-004
      60.0   2.1760589599E-004
      80.0   1.7994144087E-004
     100.0   1.5761697288E-004
     120.0   1.4208963851E-004
     140.0   9.8332242445E-005
     160.0   7.3083999808E-005
     180.0   6.3289555342E-005
     200.0   5.5083813138E-005
     220.0   4.9669411467E-005
     240.0   4.6880465688E-005
     260.0   4.5406743615E-005
     280.0   4.4363179018E-005
     300.0   4.2825633272E-005
     400.0   3.9525133742E-005
     500.0   3.9309333760E-005
    1000.0   3.9104377250E-005
