   -1000.0   3.4928102655E-005
    -500.0   3.4948079732E-005
    -400.0   3.4952035997E-005
    -300.0   3.4955984472E-005
    -280.0   3.4956773232E-005
    -260.0   3.4957561680E-005
    -240.0   3.4958349819E-005
    -220.0   3.4959137651E-005
    -200.0   3.4959925182E-005
    -180.0   3.4960714163E-005
    -160.0   3.4961605600E-005
    -140.0   3.4962602628E-005
    -120.0   3.4963702178E-005
    -100.0   3.4965002205E-005
     -80.0   3.4966787036E-005
     -60.0   3.4976106039E-005
     -50.0   3.4979517609E-005
     -40.0   3.4980396435E-005
     -30.0   3.4981819418E-005
     -20.0   3.4983324034E-005
     -10.0   3.4984340556E-005
       0.0   3.4984282798E-005
      10.0   3.4984532199E-005
      20.0   3.4983632590E-005
      30.0   3.4981912664E-005
      40.0   3.4980078043E-005
      50.0   3.4979261363E-005
      60.0   3.4977690808E-005
      80.0   3.4972332735E-005
     100.0   3.4930819636E-005
     120.0   3.4850918570E-005
     140.0   3.4842859781E-005
     160.0   3.4849924198E-005
     180.0   3.4865849403E-005
     200.0   3.4901500758E-005
     220.0   3.4923774023E-005
     240.0   3.4940578520E-005
     260.0   3.4952388025E-005
     280.0   3.4961603332E-005
     300.0   3.4968637099E-005
     400.0   3.4983403411E-005
     500.0   3.4987291051E-005
    1000.0   3.5006603692E-005
