   -1000.0   3.0129565092E-005
    -500.0   3.0219766052E-005
    -400.0   3.0237684067E-005
    -300.0   3.0255579149E-005
    -280.0   3.0259152416E-005
    -260.0   3.0262722451E-005
    -240.0   3.0266288252E-005
    -220.0   3.0269848384E-005
    -200.0   3.0273400733E-005
    -180.0   3.0284781766E-005
    -160.0   3.0285124476E-005
    -140.0   3.0299855670E-005
    -120.0   3.0341012859E-005
    -100.0   3.0379360234E-005
     -80.0   3.0342900569E-005
     -60.0   3.0312853157E-005
     -50.0   3.0305205643E-005
     -40.0   3.0304849229E-005
     -30.0   3.0301202713E-005
     -20.0   3.0289320193E-005
     -10.0   2.9882107998E-005
       0.0   2.8294236346E-005
      10.0   2.8230602283E-005
      20.0   2.9816717100E-005
      30.0   2.9770725881E-005
      40.0   2.8931748836E-005
      50.0   2.8991714382E-005
      60.0   2.8835674409E-005
      80.0   2.8349410858E-005
     100.0   2.7877698516E-005
     120.0   2.6980004631E-005
     140.0   2.1427134044E-005
     160.0   1.3817031432E-005
     180.0   8.5730992268E-006
     200.0   7.5728126412E-006
     220.0   1.1139737261E-005
     240.0   1.4151071364E-005
     260.0   1.7068997718E-005
     280.0   2.0332244683E-005
     300.0   2.4040168467E-005
     400.0   3.0380509233E-005
     500.0   3.0399136139E-005
    1000.0   3.0489445405E-005
