   -1000.0   7.5110665147E-006
    -500.0   7.5408412769E-006
    -400.0   7.5467960651E-006
    -300.0   7.5527416440E-006
    -280.0   7.5539287241E-006
    -260.0   7.5551148407E-006
    -240.0   7.5562998734E-006
    -220.0   7.5574839134E-006
    -200.0   7.5587188898E-006
    -180.0   7.5600601368E-006
    -160.0   7.5615736681E-006
    -140.0   7.5630044002E-006
    -120.0   7.5646529647E-006
    -100.0   7.5666383485E-006
     -80.0   7.5708446443E-006
     -60.0   7.5851593869E-006
     -50.0   7.5910934039E-006
     -40.0   7.5975126275E-006
     -30.0   7.6041393593E-006
     -20.0   7.6098909978E-006
     -10.0   7.6242324413E-006
       0.0   7.6093892278E-006
      10.0   7.6027248588E-006
      20.0   7.5946016525E-006
      30.0   7.5903300921E-006
      40.0   7.5883950019E-006
      50.0   7.5860493549E-006
      60.0   7.5750997232E-006
      80.0   7.4735047218E-006
     100.0   7.4431537812E-006
     120.0   7.4146793663E-006
     140.0   7.4141978976E-006
     160.0   7.4186529846E-006
     180.0   6.5339048345E-006
     200.0   4.7217571116E-006
     220.0   4.2806586427E-006
     240.0   3.9991140545E-006
     260.0   4.0932844743E-006
     280.0   4.7675023107E-006
     300.0   5.2390959060E-006
     400.0   7.5895524491E-006
     500.0   7.5998506467E-006
    1000.0   7.6310841411E-006
