   -1000.0   9.8517282430E-006
    -500.0   1.1043457858E-005
    -400.0   1.1947260181E-005
    -300.0   1.3992370471E-005
    -280.0   1.4717299829E-005
    -260.0   1.5642438035E-005
    -240.0   1.6854915255E-005
    -220.0   1.8501843265E-005
    -200.0   2.0862507879E-005
    -180.0   2.4614028343E-005
    -160.0   3.3208117915E-005
    -140.0   5.1345163544E-005
    -120.0   8.0377907951E-005
    -100.0   1.3271065334E-004
     -80.0   2.4172107738E-004
     -60.0   5.9290468667E-004
     -50.0   7.8517990112E-004
     -40.0   9.5089416652E-004
     -30.0   1.0496795403E-003
     -20.0   1.2479096513E-003
     -10.0   1.0417961037E-003
       0.0   8.7682130226E-004
      10.0   8.9758111813E-004
      20.0   8.7769030520E-004
      30.0   8.0391820141E-004
      40.0   6.6946924525E-004
      50.0   5.5891666647E-004
      60.0   4.4768479342E-004
      80.0   1.9893877043E-004
     100.0   1.2337028949E-004
     120.0   8.8866727322E-005
     140.0   6.8255525618E-005
     160.0   5.3766192568E-005
     180.0   4.2955358333E-005
     200.0   3.5326294473E-005
     220.0   2.9088578088E-005
     240.0   2.4789997109E-005
     260.0   2.1496560292E-005
     280.0   1.8546009921E-005
     300.0   1.6017960465E-005
     400.0   1.2093712423E-005
     500.0   1.1142259966E-005
    1000.0   1.0010740429E-005
