   -1000.0   1.2715146765E-005
    -500.0   1.2757938852E-005
    -400.0   1.2766516475E-005
    -300.0   1.2775099869E-005
    -280.0   1.2776817148E-005
    -260.0   1.2778534593E-005
    -240.0   1.2780252186E-005
    -220.0   1.2781969900E-005
    -200.0   1.2783687704E-005
    -180.0   1.2785406705E-005
    -160.0   1.2787131233E-005
    -140.0   1.2788858663E-005
    -120.0   1.2790589694E-005
    -100.0   1.2792328096E-005
     -80.0   1.2794095202E-005
     -60.0   1.2797258156E-005
     -50.0   1.2798379636E-005
     -40.0   1.2799440105E-005
     -30.0   1.2799992851E-005
     -20.0   1.2802634488E-005
     -10.0   1.2801754753E-005
       0.0   1.2802368089E-005
      10.0   1.2802709881E-005
      20.0   1.2803582055E-005
      30.0   1.2805021389E-005
      40.0   1.2807267497E-005
      50.0   1.2809429950E-005
      60.0   1.2812760672E-005
      80.0   1.2816670292E-005
     100.0   1.2678305060E-005
     120.0   1.2290746802E-005
     140.0   1.2168256651E-005
     160.0   1.2173499560E-005
     180.0   1.2153797258E-005
     200.0   1.2285122584E-005
     220.0   1.2432739009E-005
     240.0   1.2531207888E-005
     260.0   1.2605176275E-005
     280.0   1.2661528829E-005
     300.0   1.2092964373E-005
     400.0   1.2834633645E-005
     500.0   1.2843950644E-005
    1000.0   1.2887376043E-005
