   -1000.0   3.9517145802E-005
    -500.0   3.9468248852E-005
    -400.0   3.9458357339E-005
    -300.0   3.9448456963E-005
    -280.0   3.9446475609E-005
    -260.0   3.9444493750E-005
    -240.0   3.9442511338E-005
    -220.0   3.9440528320E-005
    -200.0   3.9438544643E-005
    -180.0   3.9436560288E-005
    -160.0   3.9434575358E-005
    -140.0   3.9432590440E-005
    -120.0   3.9430608509E-005
    -100.0   3.9428892575E-005
     -80.0   3.9438349908E-005
     -60.0   3.9456441568E-005
     -50.0   3.9459169878E-005
     -40.0   3.9460754805E-005
     -30.0   3.9457965358E-005
     -20.0   3.9452003662E-005
     -10.0   3.9445208031E-005
       0.0   3.9429637924E-005
      10.0   3.9405014533E-005
      20.0   3.9361437152E-005
      30.0   3.9288439706E-005
      40.0   3.9197989788E-005
      50.0   3.9125349740E-005
      60.0   3.9089511219E-005
      80.0   3.9109404272E-005
     100.0   3.9170403307E-005
     120.0   3.9216058581E-005
     140.0   3.9246053581E-005
     160.0   3.9253869911E-005
     180.0   3.9291963030E-005
     200.0   3.9388859193E-005
     220.0   3.9396548837E-005
     240.0   3.9394738441E-005
     260.0   3.9392811140E-005
     280.0   3.9390856719E-005
     300.0   3.9388889822E-005
     400.0   3.9378990239E-005
     500.0   3.9369055255E-005
    1000.0   3.9319230885E-005
