   -1000.0   5.7116921352E-005
    -500.0   5.7180714751E-005
    -400.0   5.7188151725E-005
    -300.0   5.7199192796E-005
    -280.0   5.7202402591E-005
    -260.0   5.7206245312E-005
    -240.0   5.7210988880E-005
    -220.0   5.7217070252E-005
    -200.0   5.7225254966E-005
    -180.0   5.7237048782E-005
    -160.0   5.7256176153E-005
    -140.0   5.7304841268E-005
    -120.0   6.3089102641E-005
    -100.0   7.0334843078E-005
     -80.0   7.9606525182E-005
     -60.0   1.0782141464E-004
     -50.0   1.4842405740E-004
     -40.0   1.8556793905E-004
     -30.0   2.6107892961E-004
     -20.0   2.4351569912E-004
     -10.0   1.4977379477E-004
       0.0   1.3234949516E-004
      10.0   1.2662250179E-004
      20.0   1.3895228669E-004
      30.0   1.5506238047E-004
      40.0   1.3937440670E-004
      50.0   1.2197565916E-004
      60.0   1.0269694609E-004
      80.0   7.9606006855E-005
     100.0   7.1755158106E-005
     120.0   6.5334682649E-005
     140.0   5.8238910888E-005
     160.0   5.7045546301E-005
     180.0   5.5914596429E-005
     200.0   5.5596751508E-005
     220.0   5.5063481765E-005
     240.0   5.4314239316E-005
     260.0   5.3092589434E-005
     280.0   5.4665921618E-005
     300.0   5.6462326859E-005
     400.0   5.7222692640E-005
     500.0   5.7226469852E-005
    1000.0   5.7246793737E-005
