   -1000.0   9.1153573045E-006
    -500.0   9.1512405304E-006
    -400.0   9.1597302483E-006
    -300.0   9.1705040488E-006
    -280.0   9.1732825400E-006
    -260.0   9.1764499548E-006
    -240.0   9.1801663897E-006
    -220.0   9.1846895625E-006
    -200.0   9.1904633918E-006
    -180.0   9.1983353852E-006
    -160.0   9.2102871896E-006
    -140.0   9.2928677348E-006
    -120.0   1.0197521211E-005
    -100.0   1.1596444816E-005
     -80.0   1.5455521630E-005
     -60.0   2.7697690099E-005
     -50.0   3.6714700523E-005
     -40.0   4.2465862570E-005
     -30.0   4.5575224392E-005
     -20.0   4.4681126393E-005
     -10.0   4.1699271181E-005
       0.0   3.7472128164E-005
      10.0   3.0556326591E-005
      20.0   3.4109532474E-005
      30.0   3.6502212984E-005
      40.0   3.5625659148E-005
      50.0   3.1690033450E-005
      60.0   2.4484701470E-005
      80.0   1.5063147832E-005
     100.0   1.1935906830E-005
     120.0   1.1159055305E-005
     140.0   1.0531069607E-005
     160.0   1.0269631866E-005
     180.0   1.0017402109E-005
     200.0   9.8583170660E-006
     220.0   9.6840423250E-006
     240.0   9.5463361387E-006
     260.0   9.4061534215E-006
     280.0   9.3037251474E-006
     300.0   9.2336412307E-006
     400.0   9.2141019908E-006
     500.0   9.2185238900E-006
    1000.0   9.2496382931E-006
