   -1000.0   2.3095964056E-005
    -500.0   2.3156405829E-005
    -400.0   2.3167880793E-005
    -300.0   2.3179704840E-005
    -280.0   2.3182182042E-005
    -260.0   2.3184747436E-005
    -240.0   2.3187457141E-005
    -220.0   2.3190667335E-005
    -200.0   2.3199648476E-005
    -180.0   2.3200046537E-005
    -160.0   2.3238475301E-005
    -140.0   2.3616778129E-005
    -120.0   2.4324593951E-005
    -100.0   2.4896913044E-005
     -80.0   2.5185231595E-005
     -60.0   2.5510429181E-005
     -50.0   2.5547634305E-005
     -40.0   2.5461292231E-005
     -30.0   2.5246183523E-005
     -20.0   2.5089526197E-005
     -10.0   2.4606742921E-005
       0.0   2.4285017260E-005
      10.0   2.3795617117E-005
      20.0   2.3195867021E-005
      30.0   2.2372462747E-005
      40.0   2.2207947255E-005
      50.0   2.2167865664E-005
      60.0   2.2060658361E-005
      80.0   2.2904343025E-005
     100.0   2.3753831552E-005
     120.0   2.3673283177E-005
     140.0   2.3547831993E-005
     160.0   2.3422871865E-005
     180.0   2.3315024347E-005
     200.0   2.3249537047E-005
     220.0   2.3239611300E-005
     240.0   2.3239572143E-005
     260.0   2.3237270027E-005
     280.0   2.3244470662E-005
     300.0   2.3246867433E-005
     400.0   2.3257739770E-005
     500.0   2.3268831699E-005
    1000.0   2.3324840362E-005
