   -1000.0   3.3332983050E-005
    -500.0   3.3297422421E-005
    -400.0   3.3290197416E-005
    -300.0   3.3282965912E-005
    -280.0   3.3281518852E-005
    -260.0   3.3280071558E-005
    -240.0   3.3278624055E-005
    -220.0   3.3277176394E-005
    -200.0   3.3275728739E-005
    -180.0   3.3274296933E-005
    -160.0   3.3273125218E-005
    -140.0   3.3272338022E-005
    -120.0   3.3272065109E-005
    -100.0   3.3278178159E-005
     -80.0   3.3284989691E-005
     -60.0   3.3286197728E-005
     -50.0   3.3290666841E-005
     -40.0   3.3286819771E-005
     -30.0   3.3286389852E-005
     -20.0   3.3287292966E-005
     -10.0   3.3288541092E-005
       0.0   3.3288514906E-005
      10.0   3.3286024198E-005
      20.0   3.3281095371E-005
      30.0   3.3272665117E-005
      40.0   3.3255213909E-005
      50.0   3.3229996543E-005
      60.0   3.3197124140E-005
      80.0   3.3164985524E-005
     100.0   3.3151951689E-005
     120.0   3.3143869438E-005
     140.0   3.3140722802E-005
     160.0   3.3140041129E-005
     180.0   3.3157803123E-005
     200.0   3.3185090237E-005
     220.0   3.3207085244E-005
     240.0   3.3220881291E-005
     260.0   3.3224547682E-005
     280.0   3.3227823312E-005
     300.0   3.3233244129E-005
     400.0   3.3232159251E-005
     500.0   3.3224880917E-005
    1000.0   3.3188373018E-005
