   -1000.0   1.1632215171E-005
    -500.0   1.1695452836E-005
    -400.0   1.1721592004E-005
    -300.0   1.1772745965E-005
    -280.0   1.1790273041E-005
    -260.0   1.1812658958E-005
    -240.0   1.1842276199E-005
    -220.0   1.1883366121E-005
    -200.0   1.1944801304E-005
    -180.0   1.2096698894E-005
    -160.0   1.2429657136E-005
    -140.0   1.3061362131E-005
    -120.0   1.5603421800E-005
    -100.0   2.1708029993E-005
     -80.0   2.8215845752E-005
     -60.0   3.4383931575E-005
     -50.0   3.7153213290E-005
     -40.0   4.0483835711E-005
     -30.0   4.2573238036E-005
     -20.0   4.2752295725E-005
     -10.0   3.8978517125E-005
       0.0   3.4666497940E-005
      10.0   3.0821823218E-005
      20.0   2.9823881447E-005
      30.0   3.0127464480E-005
      40.0   2.9841819022E-005
      50.0   2.7450368192E-005
      60.0   2.5361578035E-005
      80.0   2.1334908771E-005
     100.0   1.8129567289E-005
     120.0   1.5506699575E-005
     140.0   1.3614641070E-005
     160.0   1.2966391559E-005
     180.0   1.2518804778E-005
     200.0   1.2009266386E-005
     220.0   1.1384443070E-005
     240.0   9.6512632097E-006
     260.0   7.8461061308E-006
     280.0   7.1569801711E-006
     300.0   7.4536889927E-006
     400.0   1.1722341615E-005
     500.0   1.1760562284E-005
    1000.0   1.1793437977E-005
