   -1000.0   1.0021693172E-004
    -500.0   1.0442455884E-004
    -400.0   1.0752538263E-004
    -300.0   1.1460503105E-004
    -280.0   1.1714106740E-004
    -260.0   1.2039691908E-004
    -240.0   1.2469107526E-004
    -220.0   1.3054806638E-004
    -200.0   1.3887326643E-004
    -180.0   1.5121723809E-004
    -160.0   1.6971363423E-004
    -140.0   1.9860851851E-004
    -120.0   2.3791312624E-004
    -100.0   3.1500956591E-004
     -80.0   3.9358415979E-004
     -60.0   4.8285638427E-004
     -50.0   5.1332792916E-004
     -40.0   5.4088409989E-004
     -30.0   5.5981982240E-004
     -20.0   5.5106829348E-004
     -10.0   5.2002064863E-004
       0.0   4.9009490047E-004
      10.0   4.5515385112E-004
      20.0   4.5355519963E-004
      30.0   4.8195947825E-004
      40.0   4.9779312189E-004
      50.0   4.7540012307E-004
      60.0   4.4140744424E-004
      80.0   3.6704145092E-004
     100.0   3.0307634585E-004
     120.0   2.4371204992E-004
     140.0   2.0445469845E-004
     160.0   1.7912028648E-004
     180.0   1.6113404854E-004
     200.0   1.4778831487E-004
     220.0   1.3797504522E-004
     240.0   1.3051332090E-004
     260.0   1.2483703769E-004
     280.0   1.2038446582E-004
     300.0   1.1694065331E-004
     400.0   1.0827451518E-004
     500.0   1.0506365085E-004
    1000.0   1.0123790074E-004
