   -1000.0   2.4385505998E-005
    -500.0   2.4413558393E-005
    -400.0   2.4419191559E-005
    -300.0   2.4425109717E-005
    -280.0   2.4426376292E-005
    -260.0   2.4427697938E-005
    -240.0   2.4429101499E-005
    -220.0   2.4430635267E-005
    -200.0   2.4432398981E-005
    -180.0   2.4434658585E-005
    -160.0   2.4448117355E-005
    -140.0   2.5120324136E-005
    -120.0   2.6768427426E-005
    -100.0   2.7640769813E-005
     -80.0   2.8309444802E-005
     -60.0   3.1367092430E-005
     -50.0   4.0514479388E-005
     -40.0   5.8890294792E-005
     -30.0   7.2830791078E-005
     -20.0   7.4458120736E-005
     -10.0   6.5639753013E-005
       0.0   5.5416897715E-005
      10.0   5.7093814487E-005
      20.0   6.3459340603E-005
      30.0   6.2280825738E-005
      40.0   5.1136452460E-005
      50.0   3.8786996351E-005
      60.0   3.1264201134E-005
      80.0   2.8100768148E-005
     100.0   2.7276694168E-005
     120.0   2.5570722903E-005
     140.0   2.2655391114E-005
     160.0   2.2437230959E-005
     180.0   2.3092975087E-005
     200.0   2.3644301015E-005
     220.0   2.4088264619E-005
     240.0   2.4270833301E-005
     260.0   2.4253410750E-005
     280.0   2.4316643870E-005
     300.0   2.4390269005E-005
     400.0   2.4461968753E-005
     500.0   2.4467384633E-005
    1000.0   2.4494080221E-005
