   -1000.0   5.1656340191E-005
    -500.0   5.1636825153E-005
    -400.0   5.1633612932E-005
    -300.0   5.1633907778E-005
    -280.0   5.1635061221E-005
    -260.0   5.1636977403E-005
    -240.0   5.1640056601E-005
    -220.0   5.1645012003E-005
    -200.0   5.1653244804E-005
    -180.0   5.1667941258E-005
    -160.0   5.1698772798E-005
    -140.0   5.2118876434E-005
    -120.0   5.5772766221E-005
    -100.0   6.2065018445E-005
     -80.0   6.8836476453E-005
     -60.0   7.2578310795E-005
     -50.0   7.2445289186E-005
     -40.0   7.1750865059E-005
     -30.0   7.0013605831E-005
     -20.0   7.1354423109E-005
     -10.0   7.2980833473E-005
       0.0   7.1562462157E-005
      10.0   6.8530357166E-005
      20.0   6.4324192351E-005
      30.0   6.0858175751E-005
      40.0   5.8884562536E-005
      50.0   5.6872687621E-005
      60.0   5.4093204009E-005
      80.0   5.0189845082E-005
     100.0   4.7883236961E-005
     120.0   4.6180006240E-005
     140.0   4.4844583660E-005
     160.0   4.3563934331E-005
     180.0   3.9360847903E-005
     200.0   3.7174327750E-005
     220.0   3.7762788241E-005
     240.0   3.9851472587E-005
     260.0   4.3631358209E-005
     280.0   4.7353089571E-005
     300.0   5.0492671357E-005
     400.0   5.1573903397E-005
     500.0   5.1576374066E-005
    1000.0   5.1553043964E-005
