   -1000.0   2.8370951530E-005
    -500.0   2.8389859881E-005
    -400.0   2.8393623814E-005
    -300.0   2.8397382572E-005
    -280.0   2.8398133701E-005
    -260.0   2.8398884624E-005
    -240.0   2.8399635338E-005
    -220.0   2.8400385845E-005
    -200.0   2.8401136147E-005
    -180.0   2.8401886251E-005
    -160.0   2.8402636305E-005
    -140.0   2.8403386404E-005
    -120.0   2.8404136392E-005
    -100.0   2.8404886309E-005
     -80.0   2.8405636219E-005
     -60.0   2.8406385924E-005
     -50.0   2.8406760595E-005
     -40.0   2.8407135003E-005
     -30.0   2.8407508974E-005
     -20.0   2.8407882780E-005
     -10.0   2.8408256892E-005
       0.0   2.8408631378E-005
      10.0   2.8409004926E-005
      20.0   2.8409378863E-005
      30.0   2.8409752663E-005
      40.0   2.8410126265E-005
      50.0   2.8410499569E-005
      60.0   2.8410872751E-005
      80.0   2.8411619911E-005
     100.0   2.8412366875E-005
     120.0   2.8413113601E-005
     140.0   2.8413860096E-005
     160.0   2.8414606430E-005
     180.0   2.8415352627E-005
     200.0   2.8416098653E-005
     220.0   2.8416844522E-005
     240.0   2.8417590183E-005
     260.0   2.8418335614E-005
     280.0   2.8419080863E-005
     300.0   2.8419825948E-005
     400.0   2.8423548243E-005
     500.0   2.8427265297E-005
    1000.0   2.8445771656E-005
