   -1000.0   4.1561363230E-005
    -500.0   4.1574414905E-005
    -400.0   4.1580807721E-005
    -300.0   4.1597287810E-005
    -280.0   4.1603394410E-005
    -260.0   4.1611272793E-005
    -240.0   4.1621662356E-005
    -220.0   4.1635748436E-005
    -200.0   4.1655533265E-005
    -180.0   4.1684677218E-005
    -160.0   4.1730656230E-005
    -140.0   4.1812103375E-005
    -120.0   4.2175859101E-005
    -100.0   4.6864585697E-005
     -80.0   6.4824453817E-005
     -60.0   8.3579598805E-005
     -50.0   9.4741043071E-005
     -40.0   1.1497321830E-004
     -30.0   1.2450155642E-004
     -20.0   1.2498240068E-004
     -10.0   1.1681743021E-004
       0.0   1.0391024890E-004
      10.0   9.1769483254E-005
      20.0   8.5026104851E-005
      30.0   8.5391990028E-005
      40.0   8.2908322101E-005
      50.0   7.2797439874E-005
      60.0   6.4752645384E-005
      80.0   5.1695455813E-005
     100.0   4.2540467747E-005
     120.0   3.8491801609E-005
     140.0   3.8498037115E-005
     160.0   3.8531027626E-005
     180.0   3.8366017530E-005
     200.0   3.7627144494E-005
     220.0   3.5725366809E-005
     240.0   3.5312484178E-005
     260.0   3.7055597570E-005
     280.0   3.9807539081E-005
     300.0   4.1360009710E-005
     400.0   4.1546789356E-005
     500.0   4.1553087721E-005
    1000.0   4.1545874642E-005
