   -1000.0   3.2619270887E-005
    -500.0   3.2632753146E-005
    -400.0   3.2635583585E-005
    -300.0   3.2639745915E-005
    -280.0   3.2640970465E-005
    -260.0   3.2642454791E-005
    -240.0   3.2644321571E-005
    -220.0   3.2646780013E-005
    -200.0   3.2650221857E-005
    -180.0   3.2655512868E-005
    -160.0   3.2680211456E-005
    -140.0   3.2921509393E-005
    -120.0   3.3938023009E-005
    -100.0   3.9068916841E-005
     -80.0   4.5659290103E-005
     -60.0   5.2219147637E-005
     -50.0   5.5089200476E-005
     -40.0   5.8992264159E-005
     -30.0   6.5101148012E-005
     -20.0   6.4449714077E-005
     -10.0   6.4080520363E-005
       0.0   5.9896826784E-005
      10.0   5.7729575836E-005
      20.0   5.5832244519E-005
      30.0   5.2013268426E-005
      40.0   4.5991172896E-005
      50.0   4.2307984763E-005
      60.0   3.9413286443E-005
      80.0   3.5341449835E-005
     100.0   3.2287331233E-005
     120.0   2.9664198448E-005
     140.0   2.9149027641E-005
     160.0   2.9416760616E-005
     180.0   3.0069082956E-005
     200.0   3.0319771599E-005
     220.0   2.8418806853E-005
     240.0   2.7215284712E-005
     260.0   2.7396238159E-005
     280.0   2.8261847658E-005
     300.0   2.9647206466E-005
     400.0   3.2640542729E-005
     500.0   3.2648409677E-005
    1000.0   3.2659756877E-005
