   -1000.0   4.2139123045E-005
    -500.0   4.2120950750E-005
    -400.0   4.2117286813E-005
    -300.0   4.2113613868E-005
    -280.0   4.2112878197E-005
    -260.0   4.2112142166E-005
    -240.0   4.2111405774E-005
    -220.0   4.2110669021E-005
    -200.0   4.2109931908E-005
    -180.0   4.2109194434E-005
    -160.0   4.2108456599E-005
    -140.0   4.2107718412E-005
    -120.0   4.2106979986E-005
    -100.0   4.2106241590E-005
     -80.0   4.2105507733E-005
     -60.0   4.2104772882E-005
     -50.0   4.2104402656E-005
     -40.0   4.2104032200E-005
     -30.0   4.2103663099E-005
     -20.0   4.2103294600E-005
     -10.0   4.2118226893E-005
       0.0   4.2102553675E-005
      10.0   4.2117485434E-005
      20.0   4.2101811457E-005
      30.0   4.2101438712E-005
      40.0   4.2101066087E-005
      50.0   4.2100694026E-005
      60.0   4.2100322255E-005
      80.0   4.2099577711E-005
     100.0   4.2098832690E-005
     120.0   4.2098089407E-005
     140.0   4.2097346026E-005
     160.0   4.2096602346E-005
     180.0   4.2095858319E-005
     200.0   4.2095113941E-005
     220.0   4.2094369210E-005
     240.0   4.2093624123E-005
     260.0   4.2092878679E-005
     280.0   4.2092132867E-005
     300.0   4.2091386708E-005
     400.0   4.2087650558E-005
     500.0   4.2083905359E-005
    1000.0   4.2065043454E-005
