   -1000.0   1.4419901890E-004
    -500.0   1.5560491810E-004
    -400.0   1.6427523590E-004
    -300.0   1.8397256830E-004
    -280.0   1.9094868158E-004
    -260.0   1.9981906519E-004
    -240.0   2.1135692744E-004
    -220.0   2.2674386726E-004
    -200.0   2.4765245961E-004
    -180.0   2.7568307222E-004
    -160.0   3.0556463511E-004
    -140.0   3.4330615889E-004
    -120.0   4.0793210878E-004
    -100.0   4.8430054248E-004
     -80.0   5.5945994939E-004
     -60.0   6.2039664175E-004
     -50.0   6.3752515568E-004
     -40.0   6.4201215630E-004
     -30.0   6.3934503031E-004
     -20.0   6.4294029081E-004
     -10.0   6.2370454042E-004
       0.0   6.0570140844E-004
      10.0   5.8305400866E-004
      20.0   5.7299247004E-004
      30.0   5.8266012547E-004
      40.0   6.0061213879E-004
      50.0   6.0507365430E-004
      60.0   5.9255957374E-004
      80.0   5.3207527745E-004
     100.0   4.6173844515E-004
     120.0   3.9886453470E-004
     140.0   3.4176884130E-004
     160.0   2.9647593871E-004
     180.0   2.6390041365E-004
     200.0   2.3961209653E-004
     220.0   2.2118267232E-004
     240.0   2.0720756312E-004
     260.0   1.9653441329E-004
     280.0   1.8814717043E-004
     300.0   1.8154933566E-004
     400.0   1.6326211096E-004
     500.0   1.5547871502E-004
    1000.0   1.4539676050E-004
