   -1000.0   6.6128210169E-005
    -500.0   6.8744245763E-005
    -400.0   7.0792627266E-005
    -300.0   7.5841815285E-005
    -280.0   7.7763476186E-005
    -260.0   8.0295602897E-005
    -240.0   8.3713301078E-005
    -220.0   8.8497376496E-005
    -200.0   9.5449606652E-005
    -180.0   1.0559883535E-004
    -160.0   1.2002521985E-004
    -140.0   1.4904267207E-004
    -120.0   1.7890123439E-004
    -100.0   2.1157589196E-004
     -80.0   2.3986722633E-004
     -60.0   2.7485644336E-004
     -50.0   2.9532548406E-004
     -40.0   3.2143567296E-004
     -30.0   3.3674649637E-004
     -20.0   3.3874962768E-004
     -10.0   3.3446464169E-004
       0.0   3.2820405529E-004
      10.0   3.1888519807E-004
      20.0   2.9027475569E-004
      30.0   2.8795565645E-004
      40.0   2.7182342485E-004
      50.0   2.4755249995E-004
      60.0   2.2521405295E-004
      80.0   1.9392561458E-004
     100.0   1.6889186005E-004
     120.0   1.4696335250E-004
     140.0   1.2873251878E-004
     160.0   1.1093004109E-004
     180.0   9.7866369210E-005
     200.0   8.9945541656E-005
     220.0   8.4555457214E-005
     240.0   8.1005679019E-005
     260.0   7.8419135970E-005
     280.0   7.6489897804E-005
     300.0   7.4934958054E-005
     400.0   7.0560079057E-005
     500.0   6.8743541213E-005
    1000.0   6.6515990319E-005
