   -1000.0   3.3618720966E-005
    -500.0   3.3642866142E-005
    -400.0   3.3655909573E-005
    -300.0   3.3685899326E-005
    -280.0   3.3696897567E-005
    -260.0   3.3711402003E-005
    -240.0   3.3731310419E-005
    -220.0   3.3763029619E-005
    -200.0   3.3804076502E-005
    -180.0   3.3862714222E-005
    -160.0   3.3984577259E-005
    -140.0   3.5622034373E-005
    -120.0   4.3897653787E-005
    -100.0   5.5561954350E-005
     -80.0   6.7697615495E-005
     -60.0   8.2804279177E-005
     -50.0   8.9310628249E-005
     -40.0   8.6707730070E-005
     -30.0   7.5238275932E-005
     -20.0   7.1215488015E-005
     -10.0   6.6558678852E-005
       0.0   6.1769045751E-005
      10.0   5.6651420898E-005
      20.0   5.7705373234E-005
      30.0   6.0572774559E-005
      40.0   6.5257422052E-005
      50.0   6.5019341472E-005
      60.0   6.1012334532E-005
      80.0   5.2682329928E-005
     100.0   4.7934928255E-005
     120.0   4.1461244214E-005
     140.0   3.5779705104E-005
     160.0   3.3947005670E-005
     180.0   3.3835810555E-005
     200.0   3.3972464091E-005
     220.0   3.3878385951E-005
     240.0   3.3622354604E-005
     260.0   3.3463827665E-005
     280.0   3.3635637546E-005
     300.0   3.3681884860E-005
     400.0   3.3659755736E-005
     500.0   3.3650570911E-005
    1000.0   3.3642016574E-005
