   -1000.0   5.1553259352E-005
    -500.0   5.2999866993E-005
    -400.0   5.4174144958E-005
    -300.0   5.7206848925E-005
    -280.0   5.8417191679E-005
    -260.0   6.0074057867E-005
    -240.0   6.2443881555E-005
    -220.0   6.6033904165E-005
    -200.0   7.0260025288E-005
    -180.0   7.8602742672E-005
    -160.0   8.8111415364E-005
    -140.0   9.7855915499E-005
    -120.0   1.0644491164E-004
    -100.0   1.1469834672E-004
     -80.0   1.2356397319E-004
     -60.0   1.3347267401E-004
     -50.0   1.3939464521E-004
     -40.0   1.4427055037E-004
     -30.0   1.4361924079E-004
     -20.0   1.4407763828E-004
     -10.0   1.4213244503E-004
       0.0   1.3880693123E-004
      10.0   1.3425342088E-004
      20.0   1.2700426713E-004
      30.0   1.2653921611E-004
      40.0   1.2162200814E-004
      50.0   1.1657548335E-004
      60.0   1.0959311399E-004
      80.0   9.7933130239E-005
     100.0   8.9204963463E-005
     120.0   8.2211159331E-005
     140.0   7.5777907148E-005
     160.0   7.0137357974E-005
     180.0   6.5222473511E-005
     200.0   6.0829110098E-005
     220.0   5.7872311692E-005
     240.0   5.6006124990E-005
     260.0   5.4708459742E-005
     280.0   5.3792166481E-005
     300.0   5.3092709369E-005
     400.0   5.2762097504E-005
     500.0   5.2475125951E-005
    1000.0   5.1696677201E-005
