   -1000.0   1.0038417138E-003
    -500.0   1.0685080643E-003
    -400.0   1.1157586659E-003
    -300.0   1.2176124765E-003
    -280.0   1.2517272608E-003
    -260.0   1.2922884362E-003
    -240.0   1.3421496633E-003
    -220.0   1.3999072190E-003
    -200.0   1.4689114162E-003
    -180.0   1.5513930145E-003
    -160.0   1.6522527422E-003
    -140.0   1.7727079197E-003
    -120.0   1.9504531730E-003
    -100.0   2.1918038369E-003
     -80.0   2.2545379229E-003
     -60.0   2.3851932667E-003
     -50.0   2.4353290933E-003
     -40.0   2.4451921766E-003
     -30.0   2.4487863557E-003
     -20.0   2.4393655016E-003
     -10.0   2.4346645199E-003
       0.0   2.4422161572E-003
      10.0   2.4158012009E-003
      20.0   2.2085020740E-003
      30.0   2.1787885871E-003
      40.0   2.1875048580E-003
      50.0   2.1801018279E-003
      60.0   2.1615829247E-003
      80.0   2.1437715263E-003
     100.0   2.0671278116E-003
     120.0   1.8891614959E-003
     140.0   1.7724531486E-003
     160.0   1.6520289308E-003
     180.0   1.5418925318E-003
     200.0   1.4425785857E-003
     220.0   1.3796758813E-003
     240.0   1.3279244315E-003
     260.0   1.2856592743E-003
     280.0   1.2492996035E-003
     300.0   1.2173107232E-003
     400.0   1.1197259437E-003
     500.0   1.0730358042E-003
    1000.0   1.0125533702E-003
