   -1000.0   5.1951056598E-005
    -500.0   5.3468823927E-005
    -400.0   5.4638707995E-005
    -300.0   5.7632513464E-005
    -280.0   5.8858360712E-005
    -260.0   6.0634014928E-005
    -240.0   6.2989192364E-005
    -220.0   6.5798131540E-005
    -200.0   6.9936891981E-005
    -180.0   7.6184889847E-005
    -160.0   8.6639880495E-005
    -140.0   1.0599653949E-004
    -120.0   1.5245606279E-004
    -100.0   2.1727918947E-004
     -80.0   2.9045071618E-004
     -60.0   3.6579788218E-004
     -50.0   4.0161859965E-004
     -40.0   4.3976067837E-004
     -30.0   4.8733294981E-004
     -20.0   5.2294397153E-004
     -10.0   5.2387808086E-004
       0.0   5.0258263140E-004
      10.0   4.3179956282E-004
      20.0   3.8167608263E-004
      30.0   3.3809386028E-004
      40.0   2.8930800422E-004
      50.0   2.4862471532E-004
      60.0   2.1646541006E-004
      80.0   1.6696342174E-004
     100.0   1.3019770851E-004
     120.0   1.0448265756E-004
     140.0   8.3252981518E-005
     160.0   7.3174234711E-005
     180.0   6.7568281266E-005
     200.0   6.3935872773E-005
     220.0   6.1067618026E-005
     240.0   5.8968745671E-005
     260.0   5.7047731955E-005
     280.0   5.5684900177E-005
     300.0   5.5432145350E-005
     400.0   5.4142361944E-005
     500.0   5.3294784375E-005
    1000.0   5.2190522489E-005
