   -1000.0   3.8459459944E-005
    -500.0   3.8982045603E-005
    -400.0   3.9375507574E-005
    -300.0   4.0377008881E-005
    -280.0   4.0784566928E-005
    -260.0   4.1303719711E-005
    -240.0   4.2053697021E-005
    -220.0   4.3220535267E-005
    -200.0   4.5034732749E-005
    -180.0   4.7976493591E-005
    -160.0   5.3389075223E-005
    -140.0   6.4477088803E-005
    -120.0   9.9908060319E-005
    -100.0   1.3927800021E-004
     -80.0   1.7864981339E-004
     -60.0   2.1552205863E-004
     -50.0   2.5011615949E-004
     -40.0   3.0081323714E-004
     -30.0   3.8494136306E-004
     -20.0   4.3431168103E-004
     -10.0   4.3849796413E-004
       0.0   4.3145871618E-004
      10.0   4.1034641645E-004
      20.0   3.5591717550E-004
      30.0   2.9670482336E-004
      40.0   2.2149677223E-004
      50.0   1.7815790332E-004
      60.0   1.5479507852E-004
      80.0   1.2793128328E-004
     100.0   1.0245579864E-004
     120.0   8.0468183242E-005
     140.0   5.8608515463E-005
     160.0   5.0407456891E-005
     180.0   4.6426611711E-005
     200.0   4.4342632845E-005
     220.0   4.2965939108E-005
     240.0   4.2057164838E-005
     260.0   4.1589114050E-005
     280.0   4.1236503684E-005
     300.0   4.0896285203E-005
     400.0   3.9465990386E-005
     500.0   3.9038763717E-005
    1000.0   3.8592735595E-005
