   -1000.0   4.0504285071E-005
    -500.0   4.0493346437E-005
    -400.0   4.0491121267E-005
    -300.0   4.0488886907E-005
    -280.0   4.0488438933E-005
    -260.0   4.0487990590E-005
    -240.0   4.0487541880E-005
    -220.0   4.0487092803E-005
    -200.0   4.0486643358E-005
    -180.0   4.0486193562E-005
    -160.0   4.0485745746E-005
    -140.0   4.0485306241E-005
    -120.0   4.0484863472E-005
    -100.0   4.0484422807E-005
     -80.0   4.0483991709E-005
     -60.0   4.0483664655E-005
     -50.0   4.0483910996E-005
     -40.0   4.0484465094E-005
     -30.0   4.0484672050E-005
     -20.0   4.0484413620E-005
     -10.0   4.0483908974E-005
       0.0   4.0483535735E-005
      10.0   4.0483338114E-005
      20.0   4.0483095748E-005
      30.0   4.0482606056E-005
      40.0   4.0481978457E-005
      50.0   4.0481360912E-005
      60.0   4.0480905630E-005
      80.0   4.0480366165E-005
     100.0   4.0479890115E-005
     120.0   4.0479423339E-005
     140.0   4.0478945171E-005
     160.0   4.0478449116E-005
     180.0   4.0477990586E-005
     200.0   4.0477534598E-005
     220.0   4.0477082403E-005
     240.0   4.0476630374E-005
     260.0   4.0476177489E-005
     280.0   4.0464430413E-005
     300.0   4.0475263394E-005
     400.0   4.0472988450E-005
     500.0   4.0470680359E-005
    1000.0   4.0459001174E-005
