   -1000.0   3.2976119777E-005
    -500.0   3.2980331975E-005
    -400.0   3.2981143179E-005
    -300.0   3.2981945827E-005
    -280.0   3.2982105335E-005
    -260.0   3.2982267098E-005
    -240.0   3.2982439219E-005
    -220.0   3.2982606520E-005
    -200.0   3.2982765748E-005
    -180.0   3.2982913260E-005
    -160.0   3.2983111945E-005
    -140.0   3.2983298478E-005
    -120.0   3.2983458808E-005
    -100.0   3.2983627142E-005
     -80.0   3.2983797300E-005
     -60.0   3.2983970069E-005
     -50.0   3.2984060395E-005
     -40.0   3.2984153393E-005
     -30.0   3.2984245196E-005
     -20.0   3.2984343195E-005
     -10.0   3.2984441406E-005
       0.0   3.2984397445E-005
      10.0   3.2984260406E-005
      20.0   3.2984248579E-005
      30.0   3.2984305347E-005
      40.0   3.2984387743E-005
      50.0   3.2984479066E-005
      60.0   3.2984553756E-005
      80.0   3.2984740959E-005
     100.0   3.2985079999E-005
     120.0   3.2985268471E-005
     140.0   3.2985421666E-005
     160.0   3.2985566735E-005
     180.0   3.2985690771E-005
     200.0   3.2985827493E-005
     220.0   3.2985949825E-005
     240.0   3.2985969393E-005
     260.0   3.2985907232E-005
     280.0   3.2986239945E-005
     300.0   3.2986554315E-005
     400.0   3.2987324169E-005
     500.0   3.2988058141E-005
    1000.0   3.2991598668E-005
