   -1000.0   8.0010669713E-005
    -500.0   8.4890484903E-005
    -400.0   8.8737563013E-005
    -300.0   9.7609880586E-005
    -280.0   1.0077828625E-004
    -260.0   1.0482186672E-004
    -240.0   1.1010119942E-004
    -220.0   1.1718876904E-004
    -200.0   1.2703713827E-004
    -180.0   1.4133978071E-004
    -160.0   1.6337385646E-004
    -140.0   2.0246197322E-004
    -120.0   2.7990340225E-004
    -100.0   4.4777379282E-004
     -80.0   6.6975705195E-004
     -60.0   8.8913787396E-004
     -50.0   9.1007685524E-004
     -40.0   9.1345542523E-004
     -30.0   9.1601529342E-004
     -20.0   9.2095343942E-004
     -10.0   9.1362956368E-004
       0.0   7.7610932168E-004
      10.0   4.4256753904E-004
      20.0   3.8211266311E-004
      30.0   4.5455949874E-004
      40.0   4.2992171752E-004
      50.0   4.1810322489E-004
      60.0   4.0967284069E-004
      80.0   3.7037178921E-004
     100.0   2.9278218001E-004
     120.0   2.1368084628E-004
     140.0   1.6674925100E-004
     160.0   1.3586654353E-004
     180.0   1.1649035444E-004
     200.0   1.0237493194E-004
     220.0   9.2821602181E-005
     240.0   8.7655190828E-005
     260.0   8.6716439858E-005
     280.0   8.8148573979E-005
     300.0   8.9479367763E-005
     400.0   8.6663196728E-005
     500.0   8.3981186689E-005
    1000.0   8.0129754336E-005
