   -1000.0   4.8379224190E-005
    -500.0   5.3652726444E-005
    -400.0   5.8016875593E-005
    -300.0   6.9244764687E-005
    -280.0   7.3713403101E-005
    -260.0   7.9835691656E-005
    -240.0   8.8655647634E-005
    -220.0   1.0194130979E-004
    -200.0   1.2044435012E-004
    -180.0   1.5019669694E-004
    -160.0   1.9644996519E-004
    -140.0   2.4217377350E-004
    -120.0   2.9024626187E-004
    -100.0   3.3717921305E-004
     -80.0   3.7561731984E-004
     -60.0   4.1213266220E-004
     -50.0   4.1323691761E-004
     -40.0   4.1339015767E-004
     -30.0   5.0570385668E-004
     -20.0   5.1661101312E-004
     -10.0   5.0514351011E-004
       0.0   4.4344632387E-004
      10.0   4.2645175430E-004
      20.0   3.9459413124E-004
      30.0   3.5484564402E-004
      40.0   3.1763710324E-004
      50.0   2.8803636490E-004
      60.0   2.7856316829E-004
      80.0   2.4025989438E-004
     100.0   2.0054718008E-004
     120.0   1.6458004771E-004
     140.0   1.3377872062E-004
     160.0   1.1180256173E-004
     180.0   9.5557869665E-005
     200.0   8.2985487864E-005
     220.0   7.1661679408E-005
     240.0   6.4297357626E-005
     260.0   5.8419676398E-005
     280.0   5.4181318665E-005
     300.0   5.1405053223E-005
     400.0   5.1409068962E-005
     500.0   5.1415084098E-005
    1000.0   4.8558434779E-005
