   -1000.0   2.8340882525E-005
    -500.0   3.5922342460E-005
    -400.0   4.2101284532E-005
    -300.0   5.7600667390E-005
    -280.0   6.3864389060E-005
    -260.0   7.2136695889E-005
    -240.0   8.2327982525E-005
    -220.0   9.6276486570E-005
    -200.0   1.1631824390E-004
    -180.0   1.4589387739E-004
    -160.0   1.9462887253E-004
    -140.0   3.1077505339E-004
    -120.0   4.6456635052E-004
    -100.0   6.3035996885E-004
     -80.0   8.1845691440E-004
     -60.0   1.0171508827E-003
     -50.0   1.1334204031E-003
     -40.0   1.2470316190E-003
     -30.0   1.3866382578E-003
     -20.0   1.3789731227E-003
     -10.0   1.3666806355E-003
       0.0   1.3466931734E-003
      10.0   1.2885197533E-003
      20.0   1.0904637659E-003
      30.0   9.4986194253E-004
      40.0   9.4588442745E-004
      50.0   8.2607902302E-004
      60.0   7.1428041602E-004
      80.0   5.4236785051E-004
     100.0   4.0498034314E-004
     120.0   3.0319987034E-004
     140.0   2.2091197284E-004
     160.0   1.5412236748E-004
     180.0   1.2053927807E-004
     200.0   9.9914774688E-005
     220.0   8.5418701229E-005
     240.0   7.4455968082E-005
     260.0   6.7209763491E-005
     280.0   6.0453938343E-005
     300.0   5.5431035827E-005
     400.0   4.0972880674E-005
     500.0   3.5311898715E-005
    1000.0   2.8572749896E-005
