   -1000.0   4.3066857515E-005
    -500.0   4.3139295369E-005
    -400.0   4.3153673629E-005
    -300.0   4.3168613559E-005
    -280.0   4.3171846105E-005
    -260.0   4.3175270345E-005
    -240.0   4.3178998476E-005
    -220.0   4.3183234636E-005
    -200.0   4.3188414102E-005
    -180.0   4.3202633733E-005
    -160.0   4.3238621282E-005
    -140.0   4.3289161190E-005
    -120.0   4.3361439321E-005
    -100.0   4.3459018150E-005
     -80.0   4.3809707489E-005
     -60.0   4.5079255640E-005
     -50.0   4.5736548660E-005
     -40.0   4.6295866105E-005
     -30.0   4.6492256348E-005
     -20.0   4.6199388693E-005
     -10.0   4.5747748130E-005
       0.0   4.5178080047E-005
      10.0   4.4680495950E-005
      20.0   4.4456815880E-005
      30.0   4.4302501820E-005
      40.0   4.4215866732E-005
      50.0   4.4153572847E-005
      60.0   4.3968407920E-005
      80.0   4.3515155407E-005
     100.0   4.3035326013E-005
     120.0   4.0258844037E-005
     140.0   3.6606839421E-005
     160.0   3.4010967401E-005
     180.0   3.2275954799E-005
     200.0   3.3854615081E-005
     220.0   3.6533244087E-005
     240.0   3.8310539994E-005
     260.0   3.9302360763E-005
     280.0   3.9426058645E-005
     300.0   3.7878301689E-005
     400.0   4.3118324621E-005
     500.0   4.3250820971E-005
    1000.0   4.3359546699E-005
