   -1000.0   2.3415188641E-004
    -500.0   3.8006368397E-004
    -400.0   4.6944439299E-004
    -300.0   6.0911262769E-004
    -280.0   6.4781552884E-004
    -260.0   6.8812277585E-004
    -240.0   7.3194591237E-004
    -220.0   7.8069964213E-004
    -200.0   8.2929783478E-004
    -180.0   8.7217969879E-004
    -160.0   9.2189761636E-004
    -140.0   9.7163886220E-004
    -120.0   1.0164391194E-003
    -100.0   1.0039556516E-003
     -80.0   1.0476878004E-003
     -60.0   1.1055801967E-003
     -50.0   1.1260542315E-003
     -40.0   1.1423430727E-003
     -30.0   1.1498726729E-003
     -20.0   1.1096751198E-003
     -10.0   1.0324513494E-003
       0.0   1.1013287411E-003
      10.0   1.1476745219E-003
      20.0   1.1332000559E-003
      30.0   1.0852279853E-003
      40.0   1.0648069374E-003
      50.0   1.0399876437E-003
      60.0   1.0032556598E-003
      80.0   9.0515529154E-004
     100.0   8.5944009056E-004
     120.0   8.1077627888E-004
     140.0   7.5497776502E-004
     160.0   7.4673375206E-004
     180.0   7.1463565813E-004
     200.0   6.7982449004E-004
     220.0   6.5125420620E-004
     240.0   6.2005938095E-004
     260.0   5.8927193209E-004
     280.0   5.6334324129E-004
     300.0   5.3754293097E-004
     400.0   4.2301243860E-004
     500.0   3.4553954820E-004
    1000.0   2.3052468584E-004
