   -1000.0   6.3612730927E-005
    -500.0   6.3554523787E-005
    -400.0   6.3542803143E-005
    -300.0   6.3531070392E-005
    -280.0   6.3528722384E-005
    -260.0   6.3526373890E-005
    -240.0   6.3524024909E-005
    -220.0   6.3521675441E-005
    -200.0   6.3519325490E-005
    -180.0   6.3516975070E-005
    -160.0   6.3514635048E-005
    -140.0   6.3512406122E-005
    -120.0   6.3510310684E-005
    -100.0   6.3509117370E-005
     -80.0   6.3511146331E-005
     -60.0   6.3510545652E-005
     -50.0   6.3508885351E-005
     -40.0   6.3507997200E-005
     -30.0   6.3509165215E-005
     -20.0   6.3509841420E-005
     -10.0   6.3509503094E-005
       0.0   6.3503957790E-005
      10.0   6.3502342945E-005
      20.0   6.3496210922E-005
      30.0   6.3493229807E-005
      40.0   6.3488625278E-005
      50.0   6.3479329786E-005
      60.0   6.3466774713E-005
      80.0   6.3424269866E-005
     100.0   6.3362821915E-005
     120.0   6.3276726125E-005
     140.0   6.3328549463E-005
     160.0   6.3341444974E-005
     180.0   6.3364780331E-005
     200.0   6.3381698077E-005
     220.0   6.3393476979E-005
     240.0   6.3395652858E-005
     260.0   6.3375393071E-005
     280.0   6.3357720155E-005
     300.0   6.3387510861E-005
     400.0   6.3448598704E-005
     500.0   6.3436773380E-005
    1000.0   6.3377448382E-005
