   -1000.0   1.1108035274E-005
    -500.0   1.1674898198E-005
    -400.0   1.2109755126E-005
    -300.0   1.3153787570E-005
    -280.0   1.3551088024E-005
    -260.0   1.4086486374E-005
    -240.0   1.4883396673E-005
    -220.0   1.6073891298E-005
    -200.0   1.9211748629E-005
    -180.0   2.7405007424E-005
    -160.0   3.7142885872E-005
    -140.0   4.7274742333E-005
    -120.0   5.5495479132E-005
    -100.0   6.3322851661E-005
     -80.0   7.9386946895E-005
     -60.0   1.0704563043E-004
     -50.0   1.2452334918E-004
     -40.0   1.4424115343E-004
     -30.0   1.4269400837E-004
     -20.0   1.4710752210E-004
     -10.0   1.5071528677E-004
       0.0   1.5260938610E-004
      10.0   1.4897203942E-004
      20.0   1.4629781443E-004
      30.0   1.4290685624E-004
      40.0   1.2855933773E-004
      50.0   1.0675196895E-004
      60.0   8.7088652115E-005
      80.0   5.9424018329E-005
     100.0   4.1865811087E-005
     120.0   3.1105431330E-005
     140.0   2.4703066624E-005
     160.0   2.1645964541E-005
     180.0   1.9577407433E-005
     200.0   1.9094502597E-005
     220.0   1.8052202748E-005
     240.0   1.6984667987E-005
     260.0   1.5649438445E-005
     280.0   1.4421053836E-005
     300.0   1.3440727351E-005
     400.0   1.2121106187E-005
     500.0   1.1721389751E-005
    1000.0   1.1264108704E-005
