   -1000.0   3.0805964343E-005
    -500.0   4.1926967656E-005
    -400.0   5.0507972062E-005
    -300.0   6.9814085734E-005
    -280.0   7.6594508583E-005
    -260.0   8.5189286439E-005
    -240.0   9.6341643542E-005
    -220.0   1.1125030864E-004
    -200.0   1.3200040143E-004
    -180.0   1.6267198175E-004
    -160.0   2.1817279113E-004
    -140.0   3.0558685735E-004
    -120.0   4.3701226759E-004
    -100.0   6.4664688907E-004
     -80.0   1.0364111090E-003
     -60.0   1.9185660444E-003
     -50.0   2.4280672365E-003
     -40.0   2.5064405924E-003
     -30.0   2.4716961948E-003
     -20.0   2.4230257288E-003
     -10.0   2.4124548195E-003
       0.0   2.4051705357E-003
      10.0   2.1776208662E-003
      20.0   1.2955272276E-003
      30.0   1.6360933442E-003
      40.0   1.6350972325E-003
      50.0   1.5883410511E-003
      60.0   1.4003286523E-003
      80.0   8.4895089022E-004
     100.0   5.6297259996E-004
     120.0   4.1539589018E-004
     140.0   3.1662631132E-004
     160.0   2.4661763538E-004
     180.0   1.9627274831E-004
     200.0   1.5905017628E-004
     220.0   1.3104428109E-004
     240.0   1.0926793223E-004
     260.0   9.2873411112E-005
     280.0   8.0878930882E-005
     300.0   7.1759023681E-005
     400.0   5.0484771747E-005
     500.0   4.1844116325E-005
    1000.0   3.0931856995E-005
