   -1000.0   5.8277338582E-006
    -500.0   5.8550992022E-006
    -400.0   5.8605374051E-006
    -300.0   5.8659198060E-006
    -280.0   5.8669837605E-006
    -260.0   5.8680412696E-006
    -240.0   5.8690919391E-006
    -220.0   5.8701350906E-006
    -200.0   5.8711680017E-006
    -180.0   5.8721930481E-006
    -160.0   5.8732063296E-006
    -140.0   5.8742220162E-006
    -120.0   5.8758341093E-006
    -100.0   5.8771413149E-006
     -80.0   5.8785089897E-006
     -60.0   5.8794730074E-006
     -50.0   5.8799100754E-006
     -40.0   5.8803112472E-006
     -30.0   5.8804154022E-006
     -20.0   5.8798347215E-006
     -10.0   5.8775949590E-006
       0.0   5.8226632336E-006
      10.0   5.6210406895E-006
      20.0   5.3865978648E-006
      30.0   5.1576078052E-006
      40.0   4.9454626345E-006
      50.0   4.7910665384E-006
      60.0   4.7888917593E-006
      80.0   4.9538638236E-006
     100.0   4.8025133924E-006
     120.0   2.6614885945E-006
     140.0   2.3545072633E-006
     160.0   2.2190927889E-006
     180.0   3.6391782042E-006
     200.0   4.8457154097E-006
     220.0   4.7974963193E-006
     240.0   4.8017205905E-006
     260.0   4.6752555273E-006
     280.0   5.3209093409E-006
     300.0   5.6365147216E-006
     400.0   5.9034348957E-006
     500.0   5.9099963361E-006
    1000.0   5.9386606437E-006
