   -1000.0   9.2320051617E-006
    -500.0   9.3249579133E-006
    -400.0   9.3812156289E-006
    -300.0   9.5386085660E-006
    -280.0   9.6775188349E-006
    -260.0   9.9117758488E-006
    -240.0   1.0149659374E-005
    -220.0   1.0407873067E-005
    -200.0   1.0941964710E-005
    -180.0   1.3363774027E-005
    -160.0   1.7827450392E-005
    -140.0   2.3654464708E-005
    -120.0   2.9065435413E-005
    -100.0   3.3542786303E-005
     -80.0   4.0594717843E-005
     -60.0   5.0801139059E-005
     -50.0   5.7302530765E-005
     -40.0   6.4081244473E-005
     -30.0   7.0959324577E-005
     -20.0   7.6302965091E-005
     -10.0   7.7221419847E-005
       0.0   7.4601832014E-005
      10.0   6.9355839776E-005
      20.0   6.3150657698E-005
      30.0   5.1724453609E-005
      40.0   4.2564761920E-005
      50.0   3.5099013778E-005
      60.0   2.8856379053E-005
      80.0   1.9705278045E-005
     100.0   1.4715362541E-005
     120.0   1.2029882857E-005
     140.0   1.4168367465E-005
     160.0   1.3007079466E-005
     180.0   1.2075722718E-005
     200.0   1.1273265608E-005
     220.0   1.0586666260E-005
     240.0   9.9131389095E-006
     260.0   9.6961604589E-006
     280.0   9.6159517082E-006
     300.0   9.5305299512E-006
     400.0   9.4128290719E-006
     500.0   9.3839161739E-006
    1000.0   9.3734377114E-006
