   -1000.0   5.7732925285E-006
    -500.0   5.8006774814E-006
    -400.0   5.8061707509E-006
    -300.0   5.8116679576E-006
    -280.0   5.8127676797E-006
    -260.0   5.8138674375E-006
    -240.0   5.8149672050E-006
    -220.0   5.8160669648E-006
    -200.0   5.8171667358E-006
    -180.0   5.8182756384E-006
    -160.0   5.8194181748E-006
    -140.0   5.8206041923E-006
    -120.0   5.8218832042E-006
    -100.0   5.8232937980E-006
     -80.0   5.8267164697E-006
     -60.0   5.8335681341E-006
     -50.0   5.8370614129E-006
     -40.0   5.8403648303E-006
     -30.0   5.8417619512E-006
     -20.0   5.8408636932E-006
     -10.0   5.8404757336E-006
       0.0   5.8399037360E-006
      10.0   5.8408081010E-006
      20.0   5.8417767183E-006
      30.0   5.8422632835E-006
      40.0   5.8413874347E-006
      50.0   5.8393743625E-006
      60.0   5.8383530920E-006
      80.0   5.8192654690E-006
     100.0   5.6426183389E-006
     120.0   5.4017704843E-006
     140.0   5.2710135132E-006
     160.0   5.2948245421E-006
     180.0   5.3929332189E-006
     200.0   5.5170417860E-006
     220.0   5.6283384830E-006
     240.0   5.7002170998E-006
     260.0   5.7544394036E-006
     280.0   5.7964454781E-006
     300.0   5.8212130468E-006
     400.0   5.8502674532E-006
     500.0   5.8559094577E-006
    1000.0   5.8838461021E-006
