   -1000.0   1.8028720266E-005
    -500.0   1.8258703888E-005
    -400.0   1.8310601632E-005
    -300.0   1.8430432138E-005
    -280.0   1.8476390695E-005
    -260.0   1.8538662316E-005
    -240.0   1.8627937242E-005
    -220.0   1.8773626378E-005
    -200.0   1.9033828158E-005
    -180.0   1.9497669196E-005
    -160.0   2.1135784846E-005
    -140.0   2.5401226893E-005
    -120.0   3.2225299432E-005
    -100.0   3.9765411337E-005
     -80.0   4.6713956569E-005
     -60.0   5.1089438218E-005
     -50.0   5.2801114302E-005
     -40.0   5.2632088724E-005
     -30.0   4.5097281030E-005
     -20.0   3.8939665931E-005
     -10.0   4.1290637447E-005
       0.0   4.4343253083E-005
      10.0   4.5909209114E-005
      20.0   4.6200724124E-005
      30.0   4.4098037916E-005
      40.0   4.0969908562E-005
      50.0   3.8034719786E-005
      60.0   3.4599572387E-005
      80.0   2.8776728630E-005
     100.0   2.4358019256E-005
     120.0   1.5479275260E-005
     140.0   9.5187959196E-006
     160.0   7.5126035870E-006
     180.0   6.5749631680E-006
     200.0   5.8819517593E-006
     220.0   5.7025729895E-006
     240.0   5.3294557289E-006
     260.0   6.4223196965E-006
     280.0   8.6355265369E-006
     300.0   1.0385818555E-005
     400.0   1.8202688227E-005
     500.0   1.8292195200E-005
    1000.0   1.8361440188E-005
